timestamp;temperature;gas;humidity;barometer;IAQ;IAQ_S;VOCS;accuracy
2025-09-20 15:52:03;31.12;75243.00;41.00;992.78;40;31;0.55;1
2025-09-20 15:52:04;31.12;75109.00;41.00;992.78;40;31;0.55;1
2025-09-20 15:52:05;31.12;75176.00;41.00;992.78;38;30;0.54;1
2025-09-20 15:52:06;31.12;74975.00;41.00;992.78;38;30;0.54;1
2025-09-20 15:52:07;31.12;75311.00;41.00;992.78;38;30;0.54;1
2025-09-20 15:52:08;31.12;75109.00;41.00;992.75;37;30;0.54;1
2025-09-20 15:52:09;31.12;75514.00;41.00;992.79;37;30;0.54;1
2025-09-20 15:52:10;31.13;74444.00;41.00;992.78;37;30;0.54;1
2025-09-20 15:52:11;31.14;75243.00;41.00;992.78;36;29;0.53;1
2025-09-20 15:52:12;31.14;75582.00;41.00;992.78;36;29;0.53;1
2025-09-20 15:52:13;31.14;74510.00;41.00;992.79;36;29;0.53;1
2025-09-20 15:52:14;31.15;75109.00;41.00;992.78;35;29;0.53;1
2025-09-20 15:52:15;31.15;75176.00;41.00;992.78;35;29;0.53;1
2025-09-20 15:52:16;31.16;74975.00;41.00;992.75;35;29;0.53;1
2025-09-20 15:52:17;31.17;74841.00;41.00;992.78;36;30;0.54;1
2025-09-20 15:52:18;31.17;74576.00;41.00;992.75;36;30;0.54;1
2025-09-20 15:52:19;31.17;74908.00;41.00;992.78;36;30;0.54;1
2025-09-20 15:52:20;31.18;74510.00;41.00;992.74;39;31;0.54;1
2025-09-20 15:52:21;31.18;74775.00;41.00;992.75;39;31;0.54;1
2025-09-20 15:52:22;31.18;74908.00;41.00;992.78;39;31;0.54;1
2025-09-20 15:52:23;31.18;75176.00;41.00;992.75;38;30;0.54;1
2025-09-20 15:52:24;31.19;75042.00;41.00;992.78;38;30;0.54;1
2025-09-20 15:52:25;31.19;74775.00;41.00;992.78;38;30;0.54;1
2025-09-20 15:52:26;31.19;74908.00;41.00;992.78;37;30;0.54;1
2025-09-20 15:52:27;31.20;75243.00;41.00;992.75;37;30;0.54;1
2025-09-20 15:52:28;31.20;74775.00;41.00;992.75;37;30;0.54;1
2025-09-20 15:52:29;31.21;74908.00;41.00;992.78;37;30;0.54;1
2025-09-20 15:52:30;31.21;74115.00;41.00;992.78;37;30;0.54;1
2025-09-20 15:52:31;31.22;74642.00;41.00;992.78;37;30;0.54;1
2025-09-20 15:52:32;31.22;74642.00;41.00;992.75;38;30;0.54;1
2025-09-20 15:52:33;31.22;75109.00;41.00;992.75;38;30;0.54;1
2025-09-20 15:52:34;31.23;74775.00;41.00;992.78;38;30;0.54;1
2025-09-20 15:52:35;31.23;74312.00;41.00;992.78;36;30;0.54;1
2025-09-20 15:52:36;31.24;74312.00;41.00;992.78;36;30;0.54;1
2025-09-20 15:52:37;31.24;75311.00;41.00;992.75;36;30;0.54;1
2025-09-20 15:52:38;31.25;74975.00;41.00;992.75;36;29;0.53;1
2025-09-20 15:52:39;31.24;74642.00;41.00;992.78;36;29;0.53;1
2025-09-20 15:52:40;31.25;74775.00;41.00;992.78;36;29;0.53;1
2025-09-20 15:52:41;31.25;75042.00;41.00;992.78;35;29;0.53;1
2025-09-20 15:52:42;31.26;74576.00;41.00;992.78;35;29;0.53;1
2025-09-20 15:52:43;31.26;74975.00;41.00;992.75;35;29;0.53;1
2025-09-20 15:52:44;31.26;75176.00;41.00;992.78;34;29;0.53;1
2025-09-20 15:52:45;31.27;74115.00;41.00;992.75;34;29;0.53;1
2025-09-20 15:52:46;31.27;74708.00;41.00;992.78;34;29;0.53;1
2025-09-20 15:52:47;31.28;74775.00;41.00;992.78;34;29;0.53;1
2025-09-20 15:52:48;31.28;74576.00;41.00;992.78;35;29;0.53;1
2025-09-20 15:52:49;31.28;73920.00;41.00;992.75;35;29;0.53;1
2025-09-20 15:52:50;31.29;74576.00;41.00;992.79;35;29;0.53;1
2025-09-20 15:52:51;31.29;74975.00;41.00;992.78;37;30;0.54;1
2025-09-20 15:52:52;31.29;74576.00;41.00;992.75;37;30;0.54;1
2025-09-20 15:52:53;31.29;75176.00;41.00;992.75;37;30;0.54;1
2025-09-20 15:52:54;31.29;74642.00;41.00;992.75;35;29;0.53;1
2025-09-20 15:52:55;31.30;75786.00;41.00;992.75;35;29;0.53;1
2025-09-20 15:52:56;31.30;74378.00;41.00;992.74;35;29;0.53;1
2025-09-20 15:52:57;31.30;74841.00;41.00;992.74;37;30;0.54;1
2025-09-20 15:52:58;31.31;74708.00;41.00;992.78;37;30;0.54;1
2025-09-20 15:52:59;31.31;75311.00;41.00;992.78;37;30;0.54;1
2025-09-20 15:53:00;31.32;75109.00;41.00;992.75;34;29;0.53;1
2025-09-20 15:53:01;31.32;74708.00;41.00;992.78;34;29;0.53;1
2025-09-20 15:53:02;31.32;74246.00;41.00;992.75;34;29;0.53;1
2025-09-20 15:53:03;31.33;74444.00;41.00;992.75;37;30;0.54;1
2025-09-20 15:53:04;31.33;75378.00;41.00;992.78;37;30;0.54;1
2025-09-20 15:53:05;31.33;74908.00;41.00;992.78;37;30;0.54;1
2025-09-20 15:53:06;31.34;74576.00;41.00;992.78;36;30;0.54;1
2025-09-20 15:53:07;31.34;74642.00;41.00;992.75;36;30;0.54;1
2025-09-20 15:53:08;31.34;74708.00;41.00;992.75;36;30;0.54;1
2025-09-20 15:53:09;31.34;74908.00;41.00;992.75;36;30;0.54;1
2025-09-20 15:53:10;31.35;74510.00;41.00;992.74;36;30;0.54;1
2025-09-20 15:53:11;31.35;75109.00;41.00;992.78;36;30;0.54;1
2025-09-20 15:53:12;31.36;74708.00;41.00;992.78;34;29;0.53;1
2025-09-20 15:53:13;31.36;74576.00;41.00;992.75;34;29;0.53;1
2025-09-20 15:53:14;31.36;75243.00;41.00;992.74;34;29;0.53;1
2025-09-20 15:53:15;31.36;74908.00;41.00;992.78;32;28;0.52;1
2025-09-20 15:53:16;31.37;74510.00;41.00;992.75;32;28;0.52;1
2025-09-20 15:53:17;31.37;74642.00;41.00;992.75;32;28;0.52;1
2025-09-20 15:53:18;31.38;74312.00;41.00;992.75;33;28;0.53;1
2025-09-20 15:53:19;31.38;74642.00;41.00;992.79;33;28;0.53;1
2025-09-20 15:53:20;31.39;75109.00;41.00;992.78;33;28;0.53;1
2025-09-20 15:53:21;31.39;74908.00;41.00;992.78;34;29;0.53;1
2025-09-20 15:53:22;31.39;74708.00;41.00;992.75;34;29;0.53;1
2025-09-20 15:53:23;31.40;74775.00;41.00;992.78;34;29;0.53;1
2025-09-20 15:53:24;31.40;75109.00;41.00;992.75;34;29;0.53;1
2025-09-20 15:53:25;31.40;75243.00;41.00;992.75;34;29;0.53;1
2025-09-20 15:53:26;31.41;75378.00;41.00;992.78;34;29;0.53;1
2025-09-20 15:53:27;31.41;74312.00;41.00;992.78;31;27;0.52;1
2025-09-20 15:53:28;31.41;74444.00;41.00;992.78;31;27;0.52;1
2025-09-20 15:53:29;31.42;74775.00;41.00;992.75;31;27;0.52;1
2025-09-20 15:53:30;31.42;74775.00;41.00;992.74;32;28;0.52;1
2025-09-20 15:53:31;31.42;74378.00;41.00;992.74;32;28;0.52;1
2025-09-20 15:53:32;31.42;74708.00;41.00;992.74;32;28;0.52;1
2025-09-20 15:53:33;31.43;75243.00;41.00;992.75;32;28;0.52;1
2025-09-20 15:53:34;31.44;74775.00;41.00;992.75;32;28;0.52;1
2025-09-20 15:53:35;31.44;74576.00;41.00;992.75;32;28;0.52;1
2025-09-20 15:53:36;31.44;74642.00;41.00;992.75;33;28;0.52;1
2025-09-20 15:53:37;31.44;74510.00;41.00;992.74;33;28;0.52;1
2025-09-20 15:53:38;31.44;74312.00;41.00;992.74;33;28;0.52;1
2025-09-20 15:53:39;31.45;74908.00;41.00;992.74;35;29;0.53;1
2025-09-20 15:53:40;31.45;75176.00;41.00;992.75;35;29;0.53;1
2025-09-20 15:53:41;31.45;74444.00;41.00;992.74;35;29;0.53;1
2025-09-20 15:53:42;31.46;74841.00;41.00;992.74;35;29;0.53;1
2025-09-20 15:53:43;31.46;74908.00;41.00;992.72;35;29;0.53;1
2025-09-20 15:53:44;31.46;74775.00;41.00;992.71;35;29;0.53;1
2025-09-20 15:53:45;31.46;74708.00;41.00;992.72;35;29;0.53;1
2025-09-20 15:53:46;31.46;74510.00;41.00;992.72;35;29;0.53;1
2025-09-20 15:53:47;31.46;74642.00;41.00;992.71;35;29;0.53;1
2025-09-20 15:53:48;31.47;74775.00;41.00;992.74;33;28;0.52;1
2025-09-20 15:53:49;31.47;74510.00;41.00;992.74;33;28;0.52;1
2025-09-20 15:53:50;31.47;74708.00;41.00;992.72;33;28;0.52;1
2025-09-20 15:53:51;31.48;74115.00;41.00;992.72;31;27;0.52;1
2025-09-20 15:53:52;31.48;74444.00;41.00;992.72;31;27;0.52;1
2025-09-20 15:53:53;31.48;75446.00;41.00;992.71;31;27;0.52;1
2025-09-20 15:53:54;31.48;74908.00;41.00;992.71;28;26;0.51;1
2025-09-20 15:53:55;31.49;75378.00;41.00;992.72;28;26;0.51;1
2025-09-20 15:53:56;31.49;74510.00;41.00;992.72;28;26;0.51;1
2025-09-20 15:53:57;31.49;74378.00;41.00;992.72;28;26;0.51;1
2025-09-20 15:53:58;31.50;74708.00;41.00;992.72;28;26;0.51;1
2025-09-20 15:53:59;31.50;74378.00;41.00;992.71;28;26;0.51;1
2025-09-20 15:54:00;31.50;75042.00;41.00;992.71;28;26;0.51;1
2025-09-20 15:54:01;31.50;74378.00;41.00;992.68;28;26;0.51;1
2025-09-20 15:54:02;31.51;74246.00;41.00;992.72;28;26;0.51;1
2025-09-20 15:54:03;31.51;74708.00;41.00;992.68;28;26;0.51;1
2025-09-20 15:54:04;31.51;74246.00;41.00;992.72;28;26;0.51;1
2025-09-20 15:54:05;31.51;74841.00;41.00;992.72;28;26;0.51;1
2025-09-20 15:54:06;31.52;74775.00;41.00;992.72;30;27;0.51;1
2025-09-20 15:54:07;31.52;74312.00;41.00;992.71;30;27;0.51;1
2025-09-20 15:54:08;31.52;74181.00;41.00;992.68;30;27;0.51;1
2025-09-20 15:54:09;31.53;74576.00;41.00;992.68;28;26;0.51;1
2025-09-20 15:54:10;31.52;74908.00;41.00;992.74;28;26;0.51;1
2025-09-20 15:54:11;31.53;74708.00;41.00;992.74;28;26;0.51;1
2025-09-20 15:54:12;31.52;74510.00;41.00;992.68;28;26;0.51;1
2025-09-20 15:54:13;31.53;74841.00;41.00;992.74;28;26;0.51;1
2025-09-20 15:54:14;31.54;74642.00;41.00;992.72;28;26;0.51;1
2025-09-20 15:54:15;31.54;74841.00;41.00;992.72;28;26;0.51;1
2025-09-20 15:54:16;31.54;74642.00;41.00;992.72;28;26;0.51;1
2025-09-20 15:54:17;31.55;75109.00;41.00;992.71;28;26;0.51;1
2025-09-20 15:54:18;31.55;74378.00;41.00;992.74;30;27;0.51;1
2025-09-20 15:54:19;31.55;75243.00;41.00;992.74;30;27;0.51;1
2025-09-20 15:54:20;31.55;74775.00;41.00;992.74;30;27;0.51;1
2025-09-20 15:54:21;31.56;74775.00;41.00;992.72;30;27;0.51;1
2025-09-20 15:54:22;31.56;75042.00;41.00;992.72;30;27;0.51;1
2025-09-20 15:54:23;31.56;74115.00;41.00;992.72;30;27;0.51;1
2025-09-20 15:54:24;31.55;74378.00;41.00;992.71;32;28;0.52;1
2025-09-20 15:54:25;31.56;74642.00;41.00;992.71;32;28;0.52;1
2025-09-20 15:54:26;31.57;74378.00;41.00;992.71;32;28;0.52;1
2025-09-20 15:54:27;31.57;74576.00;41.00;992.72;31;27;0.52;1
2025-09-20 15:54:28;31.58;74708.00;41.00;992.72;31;27;0.52;1
2025-09-20 15:54:29;31.58;74312.00;41.00;992.72;31;27;0.52;1
2025-09-20 15:54:30;31.57;74181.00;41.00;992.71;31;27;0.52;1
2025-09-20 15:54:31;31.58;74181.00;41.00;992.71;31;27;0.52;1
2025-09-20 15:54:32;31.58;74975.00;41.00;992.72;31;27;0.52;1
2025-09-20 15:54:33;31.58;74841.00;41.00;992.71;31;27;0.52;1
2025-09-20 15:54:34;31.59;74510.00;41.00;992.71;31;27;0.52;1
2025-09-20 15:54:35;31.59;74775.00;41.00;992.72;31;27;0.52;1
2025-09-20 15:54:36;31.58;74510.00;41.00;992.71;28;26;0.51;1
2025-09-20 15:54:37;31.59;74378.00;41.00;992.72;28;26;0.51;1
2025-09-20 15:54:38;31.60;74510.00;41.00;992.72;28;26;0.51;1
2025-09-20 15:54:39;31.60;74444.00;41.00;992.72;29;26;0.51;1
2025-09-20 15:54:40;31.60;74775.00;41.00;992.71;29;26;0.51;1
2025-09-20 15:54:41;31.60;74576.00;41.00;992.72;29;26;0.51;1
2025-09-20 15:54:42;31.60;75109.00;41.00;992.71;27;25;0.50;1
2025-09-20 15:54:43;31.61;75378.00;41.00;992.71;27;25;0.50;1
2025-09-20 15:54:44;31.61;74775.00;41.00;992.72;27;25;0.50;1
2025-09-20 15:54:45;31.61;75109.00;41.00;992.68;25;25;0.49;1
2025-09-20 15:54:46;31.61;75446.00;41.00;992.71;25;25;0.49;1
2025-09-20 15:54:47;31.61;74775.00;41.00;992.71;25;25;0.49;1
2025-09-20 15:54:48;31.61;74444.00;41.00;992.71;25;25;0.49;1
2025-09-20 15:54:49;31.61;74576.00;41.00;992.71;25;25;0.49;1
2025-09-20 15:54:50;31.62;74181.00;41.00;992.71;25;25;0.49;1
2025-09-20 15:54:51;31.62;74510.00;41.00;992.71;26;25;0.50;1
2025-09-20 15:54:52;31.62;75243.00;41.00;992.71;26;25;0.50;1
2025-09-20 15:54:53;31.63;74908.00;41.00;992.71;26;25;0.50;1
2025-09-20 15:54:54;31.63;74708.00;41.00;992.72;25;25;0.49;1
2025-09-20 15:54:55;31.63;75243.00;41.00;992.72;25;25;0.49;1
2025-09-20 15:54:56;31.63;74576.00;41.00;992.72;25;25;0.49;1
2025-09-20 15:54:57;31.63;74510.00;41.00;992.72;26;25;0.50;1
2025-09-20 15:54:58;31.64;74708.00;41.00;992.71;26;25;0.50;1
2025-09-20 15:54:59;31.64;75042.00;41.00;992.71;26;25;0.50;1
2025-09-20 15:55:00;31.63;74775.00;41.00;992.71;25;25;0.50;1
2025-09-20 15:55:01;31.64;74841.00;41.00;992.71;25;25;0.50;1
2025-09-20 15:55:02;31.64;74908.00;41.00;992.68;25;25;0.50;1
2025-09-20 15:55:03;31.65;75109.00;41.00;992.72;25;25;0.50;1
2025-09-20 15:55:04;31.65;74642.00;41.00;992.72;25;25;0.50;1
2025-09-20 15:55:05;31.65;74510.00;41.00;992.72;25;25;0.50;1
2025-09-20 15:55:06;31.65;75109.00;41.00;992.71;27;26;0.50;1
2025-09-20 15:55:07;31.65;74908.00;41.00;992.71;27;26;0.50;1
2025-09-20 15:55:08;31.66;74775.00;40.00;992.71;27;26;0.50;1
2025-09-20 15:55:09;31.66;74115.00;41.00;992.71;30;27;0.51;1
2025-09-20 15:55:10;31.66;75176.00;41.00;992.71;30;27;0.51;1
2025-09-20 15:55:11;31.67;74841.00;41.00;992.71;30;27;0.51;1
2025-09-20 15:55:12;31.66;74312.00;40.00;992.68;26;25;0.50;1
2025-09-20 15:55:13;31.67;74312.00;40.00;992.68;26;25;0.50;1
2025-09-20 15:55:14;31.67;74775.00;41.00;992.72;26;25;0.50;1
2025-09-20 15:55:15;31.67;75243.00;40.00;992.71;25;25;0.49;1
2025-09-20 15:55:16;31.68;74908.00;40.00;992.71;25;25;0.49;1
2025-09-20 15:55:17;31.68;74312.00;40.00;992.71;25;25;0.49;1
2025-09-20 15:55:18;31.68;74576.00;40.00;992.71;26;25;0.50;1
2025-09-20 15:55:19;31.68;74444.00;40.00;992.71;26;25;0.50;1
2025-09-20 15:55:20;31.68;74246.00;40.00;992.68;26;25;0.50;1
2025-09-20 15:55:21;31.68;74708.00;40.00;992.71;27;26;0.50;1
2025-09-20 15:55:22;31.68;74775.00;40.00;992.68;27;26;0.50;1
2025-09-20 15:55:23;31.69;74775.00;40.00;992.71;27;26;0.50;1
2025-09-20 15:55:24;31.70;74708.00;40.00;992.71;27;26;0.50;1
2025-09-20 15:55:25;31.69;74444.00;40.00;992.71;27;26;0.50;1
2025-09-20 15:55:26;31.69;75378.00;40.00;992.71;27;26;0.50;1
2025-09-20 15:55:27;31.70;74050.00;40.00;992.68;27;26;0.50;1
2025-09-20 15:55:28;31.70;74246.00;40.00;992.68;31;27;0.52;1
2025-09-20 15:55:29;31.70;74642.00;40.00;992.68;31;27;0.52;1
2025-09-20 15:55:30;31.70;75176.00;40.00;992.68;31;27;0.52;1
2025-09-20 15:55:31;31.70;74510.00;40.00;992.68;28;26;0.51;1
2025-09-20 15:55:32;31.71;75109.00;40.00;992.67;28;26;0.51;1
2025-09-20 15:55:33;31.71;74576.00;40.00;992.67;28;26;0.51;1
2025-09-20 15:55:34;31.71;74708.00;40.00;992.67;29;27;0.51;1
2025-09-20 15:55:35;31.71;74378.00;40.00;992.68;29;27;0.51;1
2025-09-20 15:55:36;31.72;74708.00;40.00;992.68;29;27;0.51;1
2025-09-20 15:55:37;31.72;74775.00;40.00;992.68;30;27;0.51;1
2025-09-20 15:55:38;31.72;74246.00;40.00;992.68;30;27;0.51;1
2025-09-20 15:55:39;31.73;74908.00;40.00;992.72;30;27;0.51;1
2025-09-20 15:55:40;31.73;75311.00;40.00;992.68;29;26;0.51;1
2025-09-20 15:55:41;31.73;74378.00;40.00;992.67;29;26;0.51;1
2025-09-20 15:55:42;31.73;75109.00;40.00;992.68;29;26;0.51;1
2025-09-20 15:55:43;31.73;74908.00;40.00;992.67;27;26;0.50;1
2025-09-20 15:55:44;31.73;74975.00;40.00;992.71;27;26;0.50;1
2025-09-20 15:55:45;31.73;74975.00;40.00;992.68;27;26;0.50;1
2025-09-20 15:55:46;31.74;74975.00;40.00;992.68;27;26;0.50;1
2025-09-20 15:55:47;31.74;74708.00;40.00;992.68;27;26;0.50;1
2025-09-20 15:55:48;31.74;74908.00;40.00;992.68;27;26;0.50;1
2025-09-20 15:55:49;31.74;74312.00;40.00;992.67;27;26;0.50;1
2025-09-20 15:55:50;31.74;75042.00;40.00;992.72;27;26;0.50;1
2025-09-20 15:55:51;31.75;74576.00;40.00;992.72;27;26;0.50;1
2025-09-20 15:55:52;31.75;74708.00;40.00;992.72;29;27;0.51;1
2025-09-20 15:55:53;31.75;74841.00;40.00;992.72;29;27;0.51;1
2025-09-20 15:55:54;31.76;74975.00;40.00;992.71;29;27;0.51;1
2025-09-20 15:55:55;31.76;75042.00;40.00;992.71;29;26;0.51;1
2025-09-20 15:55:56;31.76;74708.00;40.00;992.71;29;26;0.51;1
2025-09-20 15:55:57;31.76;74841.00;40.00;992.71;29;26;0.51;1
2025-09-20 15:55:58;31.76;74908.00;40.00;992.71;29;26;0.51;1
2025-09-20 15:55:59;31.76;74444.00;40.00;992.72;29;26;0.51;1
2025-09-20 15:56:00;31.77;74642.00;40.00;992.72;29;26;0.51;1
2025-09-20 15:56:01;31.77;74708.00;40.00;992.72;29;26;0.51;1
2025-09-20 15:56:02;31.77;74181.00;40.00;992.72;29;26;0.51;1
2025-09-20 15:56:03;31.77;74841.00;40.00;992.71;29;26;0.51;1
2025-09-20 15:56:04;31.77;75243.00;40.00;992.71;29;26;0.51;1
2025-09-20 15:56:05;31.77;74378.00;40.00;992.72;29;26;0.51;1
2025-09-20 15:56:06;31.78;74908.00;40.00;992.72;29;26;0.51;1
2025-09-20 15:56:07;31.78;74908.00;40.00;992.71;29;26;0.51;1
2025-09-20 15:56:08;31.78;74378.00;40.00;992.71;29;26;0.51;1
2025-09-20 15:56:09;31.78;74908.00;40.00;992.71;29;26;0.51;1
2025-09-20 15:56:10;31.78;74378.00;40.00;992.71;29;26;0.51;1
2025-09-20 15:56:11;31.79;74576.00;40.00;992.68;29;26;0.51;1
2025-09-20 15:56:12;31.79;74908.00;40.00;992.71;29;26;0.51;1
2025-09-20 15:56:13;31.78;73725.00;40.00;992.71;30;27;0.51;1
2025-09-20 15:56:14;31.79;74510.00;40.00;992.72;30;27;0.51;1
2025-09-20 15:56:15;31.80;74775.00;40.00;992.72;30;27;0.51;1
2025-09-20 15:56:16;31.80;74775.00;40.00;992.72;31;27;0.52;1
2025-09-20 15:56:17;31.80;74642.00;40.00;992.72;31;27;0.52;1
2025-09-20 15:56:18;31.80;74775.00;40.00;992.71;31;27;0.52;1
2025-09-20 15:56:19;31.80;74775.00;40.00;992.72;31;27;0.52;1
2025-09-20 15:56:20;31.80;74378.00;40.00;992.71;31;27;0.52;1
2025-09-20 15:56:21;31.81;74510.00;40.00;992.72;31;27;0.52;1
2025-09-20 15:56:22;31.81;74708.00;40.00;992.72;32;28;0.52;1
2025-09-20 15:56:23;31.81;75109.00;40.00;992.74;32;28;0.52;1
2025-09-20 15:56:24;31.81;74642.00;40.00;992.74;32;28;0.52;1
2025-09-20 15:56:25;31.82;74708.00;40.00;992.72;31;28;0.52;1
2025-09-20 15:56:26;31.82;74975.00;40.00;992.74;31;28;0.52;1
2025-09-20 15:56:27;31.82;74378.00;40.00;992.74;31;28;0.52;1
2025-09-20 15:56:28;31.82;74510.00;40.00;992.72;31;27;0.52;1
2025-09-20 15:56:29;31.82;75042.00;40.00;992.72;31;27;0.52;1
2025-09-20 15:56:30;31.82;75243.00;40.00;992.72;31;27;0.52;1
2025-09-20 15:56:31;31.83;75109.00;40.00;992.72;30;27;0.51;1
2025-09-20 15:56:32;31.83;74642.00;40.00;992.74;30;27;0.51;1
2025-09-20 15:56:33;31.83;74708.00;40.00;992.74;30;27;0.51;1
2025-09-20 15:56:34;31.83;74708.00;40.00;992.74;31;27;0.52;1
2025-09-20 15:56:35;31.84;74378.00;40.00;992.75;31;27;0.52;1
2025-09-20 15:56:36;31.83;74908.00;40.00;992.74;31;27;0.52;1
2025-09-20 15:56:37;31.83;74708.00;40.00;992.74;29;26;0.51;1
2025-09-20 15:56:38;31.83;74246.00;40.00;992.74;29;26;0.51;1
2025-09-20 15:56:39;31.84;74975.00;40.00;992.74;29;26;0.51;1
2025-09-20 15:56:40;31.84;74510.00;40.00;992.72;27;26;0.50;1
2025-09-20 15:56:41;31.84;74444.00;40.00;992.72;27;26;0.50;1
2025-09-20 15:56:42;31.85;74510.00;40.00;992.72;27;26;0.50;1
2025-09-20 15:56:43;31.85;74841.00;40.00;992.74;29;26;0.51;1
2025-09-20 15:56:44;31.85;75446.00;40.00;992.71;29;26;0.51;1
2025-09-20 15:56:45;31.85;74312.00;40.00;992.74;29;26;0.51;1
2025-09-20 15:56:46;31.86;75109.00;40.00;992.74;30;27;0.51;1
2025-09-20 15:56:47;31.86;74378.00;40.00;992.72;30;27;0.51;1
2025-09-20 15:56:48;31.86;75042.00;40.00;992.72;30;27;0.51;1
2025-09-20 15:56:49;31.86;74708.00;40.00;992.72;28;26;0.51;1
2025-09-20 15:56:50;31.86;75243.00;40.00;992.72;28;26;0.51;1
2025-09-20 15:56:51;31.86;74642.00;40.00;992.71;28;26;0.51;1
2025-09-20 15:56:52;31.86;74708.00;40.00;992.71;29;27;0.51;1
2025-09-20 15:56:53;31.87;74975.00;40.00;992.71;29;27;0.51;1
2025-09-20 15:56:54;31.87;74708.00;40.00;992.72;29;27;0.51;1
2025-09-20 15:56:55;31.88;74841.00;40.00;992.72;31;27;0.52;1
2025-09-20 15:56:56;31.88;74908.00;40.00;992.72;31;27;0.52;1
2025-09-20 15:56:57;31.88;74975.00;40.00;992.72;31;27;0.52;1
2025-09-20 15:56:58;31.88;75109.00;40.00;992.71;31;27;0.52;1
2025-09-20 15:56:59;31.87;74841.00;40.00;992.71;31;27;0.52;1
2025-09-20 15:57:00;31.88;74975.00;40.00;992.71;31;27;0.52;1
2025-09-20 15:57:01;31.88;74775.00;40.00;992.71;29;27;0.51;1
2025-09-20 15:57:02;31.89;74908.00;40.00;992.71;29;27;0.51;1
2025-09-20 15:57:03;31.89;74576.00;40.00;992.68;29;27;0.51;1
2025-09-20 15:57:04;31.88;74841.00;40.00;992.71;29;26;0.51;1
2025-09-20 15:57:05;31.88;74642.00;40.00;992.71;29;26;0.51;1
2025-09-20 15:57:06;31.89;74975.00;40.00;992.72;29;26;0.51;1
2025-09-20 15:57:07;31.89;74975.00;40.00;992.74;28;26;0.51;1
2025-09-20 15:57:08;31.90;75176.00;40.00;992.72;28;26;0.51;1
2025-09-20 15:57:09;31.90;75042.00;40.00;992.72;28;26;0.51;1
2025-09-20 15:57:10;31.90;75042.00;40.00;992.72;27;25;0.50;1
2025-09-20 15:57:11;31.90;75042.00;40.00;992.74;27;25;0.50;1
2025-09-20 15:57:12;31.91;74576.00;40.00;992.75;27;25;0.50;1
2025-09-20 15:57:13;31.91;74775.00;40.00;992.75;27;26;0.50;1
2025-09-20 15:57:14;31.91;75109.00;40.00;992.75;27;26;0.50;1
2025-09-20 15:57:15;31.92;74775.00;40.00;992.75;27;26;0.50;1
2025-09-20 15:57:16;31.90;74576.00;40.00;992.72;26;25;0.50;1
2025-09-20 15:57:17;31.92;75109.00;40.00;992.74;26;25;0.50;1
2025-09-20 15:57:18;31.91;74908.00;40.00;992.74;26;25;0.50;1
2025-09-20 15:57:19;31.92;74708.00;40.00;992.74;28;26;0.51;1
2025-09-20 15:57:20;31.92;74576.00;40.00;992.74;28;26;0.51;1
2025-09-20 15:57:21;31.92;74246.00;40.00;992.75;28;26;0.51;1
2025-09-20 15:57:22;31.92;75176.00;40.00;992.74;29;26;0.51;1
2025-09-20 15:57:23;31.93;75243.00;40.00;992.74;29;26;0.51;1
2025-09-20 15:57:24;31.93;74908.00;40.00;992.72;29;26;0.51;1
2025-09-20 15:57:25;31.93;74642.00;40.00;992.74;30;27;0.51;1
2025-09-20 15:57:26;31.93;74378.00;40.00;992.75;30;27;0.51;1
2025-09-20 15:57:27;31.93;74378.00;40.00;992.75;30;27;0.51;1
2025-09-20 15:57:28;31.92;75109.00;40.00;992.72;30;27;0.51;1
2025-09-20 15:57:29;31.93;74576.00;40.00;992.74;30;27;0.51;1
2025-09-20 15:57:30;31.94;74642.00;40.00;992.74;30;27;0.51;1
2025-09-20 15:57:31;31.94;74378.00;40.00;992.72;31;27;0.52;1
2025-09-20 15:57:32;31.94;74775.00;40.00;992.72;31;27;0.52;1
2025-09-20 15:57:33;31.94;74908.00;40.00;992.72;31;27;0.52;1
2025-09-20 15:57:34;31.95;74708.00;40.00;992.74;29;26;0.51;1
2025-09-20 15:57:35;31.95;75109.00;40.00;992.72;29;26;0.51;1
2025-09-20 15:57:36;31.95;74775.00;40.00;992.71;29;26;0.51;1
2025-09-20 15:57:37;31.95;74642.00;40.00;992.74;29;26;0.51;1
2025-09-20 15:57:38;31.95;74908.00;40.00;992.74;29;26;0.51;1
2025-09-20 15:57:39;31.95;74908.00;40.00;992.71;29;26;0.51;1
2025-09-20 15:57:40;31.95;75446.00;40.00;992.71;28;26;0.51;1
2025-09-20 15:57:41;31.95;74708.00;40.00;992.72;28;26;0.51;1
2025-09-20 15:57:42;31.96;75378.00;40.00;992.71;28;26;0.51;1
2025-09-20 15:57:43;31.96;74642.00;40.00;992.71;26;25;0.50;1
2025-09-20 15:57:44;31.96;75109.00;40.00;992.71;26;25;0.50;1
2025-09-20 15:57:45;31.96;74510.00;40.00;992.71;26;25;0.50;1
2025-09-20 15:57:46;31.96;74510.00;40.00;992.68;26;25;0.50;1
2025-09-20 15:57:47;31.96;75650.00;40.00;992.71;26;25;0.50;1
2025-09-20 15:57:48;31.96;74775.00;40.00;992.71;26;25;0.50;1
2025-09-20 15:57:49;31.97;74908.00;40.00;992.68;26;25;0.50;1
2025-09-20 15:57:50;31.97;74908.00;40.00;992.68;26;25;0.50;1
2025-09-20 15:57:51;31.96;75042.00;40.00;992.68;26;25;0.50;1
2025-09-20 15:57:52;31.97;74708.00;40.00;992.74;27;26;0.50;1
2025-09-20 15:57:53;31.97;74908.00;40.00;992.68;27;26;0.50;1
2025-09-20 15:57:54;31.97;74378.00;40.00;992.74;27;26;0.50;1
2025-09-20 15:57:55;31.98;74775.00;40.00;992.74;27;25;0.50;1
2025-09-20 15:57:56;31.98;74510.00;40.00;992.74;27;25;0.50;1
2025-09-20 15:57:57;31.98;74444.00;40.00;992.74;27;25;0.50;1
2025-09-20 15:57:58;31.98;74510.00;40.00;992.72;28;26;0.51;1
2025-09-20 15:57:59;31.98;74444.00;40.00;992.71;28;26;0.51;1
2025-09-20 15:58:00;31.98;74378.00;40.00;992.72;28;26;0.51;1
2025-09-20 15:58:01;31.99;74841.00;40.00;992.71;27;26;0.50;1
2025-09-20 15:58:02;31.98;74775.00;40.00;992.71;27;26;0.50;1
2025-09-20 15:58:03;31.99;74708.00;40.00;992.72;27;26;0.50;1
2025-09-20 15:58:04;31.99;74775.00;40.00;992.72;27;26;0.50;1
2025-09-20 15:58:05;31.99;74576.00;40.00;992.72;27;26;0.50;1
2025-09-20 15:58:06;31.99;74642.00;40.00;992.74;27;26;0.50;1
2025-09-20 15:58:07;31.99;74708.00;40.00;992.72;27;26;0.50;1
2025-09-20 15:58:08;32.00;74510.00;40.00;992.72;27;26;0.50;1
2025-09-20 15:58:09;32.00;74975.00;40.00;992.72;27;26;0.50;1
2025-09-20 15:58:10;32.00;74708.00;40.00;992.72;27;26;0.50;1
2025-09-20 15:58:11;32.01;74908.00;40.00;992.71;27;26;0.50;1
2025-09-20 15:58:12;32.00;74642.00;40.00;992.71;27;26;0.50;1
2025-09-20 15:58:13;32.01;74841.00;40.00;992.71;27;26;0.50;1
2025-09-20 15:58:14;32.00;74975.00;40.00;992.72;26;25;0.50;1
2025-09-20 15:58:15;32.01;74378.00;40.00;992.72;26;25;0.50;1
2025-09-20 15:58:16;32.01;75176.00;40.00;992.72;26;25;0.50;1
2025-09-20 15:58:17;32.01;75378.00;40.00;992.72;25;25;0.49;1
2025-09-20 15:58:18;32.01;74576.00;40.00;992.72;25;25;0.49;1
2025-09-20 15:58:19;32.01;74975.00;40.00;992.72;25;25;0.49;1
2025-09-20 15:58:20;32.02;75243.00;40.00;992.72;25;25;0.49;1
2025-09-20 15:58:21;32.02;74841.00;40.00;992.72;25;25;0.49;1
2025-09-20 15:58:22;32.02;74642.00;40.00;992.72;25;25;0.49;1
2025-09-20 15:58:23;32.03;74908.00;40.00;992.72;26;25;0.50;1
2025-09-20 15:58:24;32.03;74775.00;40.00;992.72;26;25;0.50;1
2025-09-20 15:58:25;32.03;75042.00;40.00;992.74;26;25;0.50;1
2025-09-20 15:58:26;32.03;74975.00;40.00;992.72;25;25;0.49;1
2025-09-20 15:58:27;32.03;74576.00;40.00;992.72;25;25;0.49;1
2025-09-20 15:58:28;32.03;74908.00;40.00;992.71;25;25;0.49;1
2025-09-20 15:58:29;32.03;74975.00;40.00;992.71;25;25;0.49;1
2025-09-20 15:58:30;32.03;74708.00;40.00;992.74;25;25;0.49;1
2025-09-20 15:58:31;32.04;74378.00;40.00;992.72;25;25;0.49;1
2025-09-20 15:58:32;32.04;74841.00;40.00;992.74;27;26;0.50;1
2025-09-20 15:58:33;32.04;74642.00;40.00;992.72;27;26;0.50;1
2025-09-20 15:58:34;32.04;74908.00;40.00;992.72;27;26;0.50;1
2025-09-20 15:58:35;32.05;74975.00;40.00;992.72;26;25;0.50;1
2025-09-20 15:58:36;32.05;75042.00;40.00;992.72;26;25;0.50;1
2025-09-20 15:58:37;32.05;74775.00;40.00;992.72;26;25;0.50;1
2025-09-20 15:58:38;32.05;74708.00;40.00;992.75;26;25;0.50;1
2025-09-20 15:58:39;32.05;74642.00;40.00;992.74;26;25;0.50;1
2025-09-20 15:58:40;32.06;75109.00;40.00;992.72;26;25;0.50;1
2025-09-20 15:58:41;32.05;74576.00;40.00;992.74;25;25;0.50;1
2025-09-20 15:58:42;32.06;74775.00;40.00;992.72;25;25;0.50;1
2025-09-20 15:58:43;32.06;74312.00;40.00;992.72;25;25;0.50;1
2025-09-20 15:58:44;32.06;74378.00;40.00;992.72;27;26;0.50;1
2025-09-20 15:58:45;32.06;74908.00;40.00;992.72;27;26;0.50;1
2025-09-20 15:58:46;32.06;74841.00;40.00;992.72;27;26;0.50;1
2025-09-20 15:58:47;32.06;74444.00;40.00;992.72;26;25;0.50;1
2025-09-20 15:58:48;32.06;74908.00;40.00;992.72;26;25;0.50;1
2025-09-20 15:58:49;32.07;74510.00;40.00;992.72;26;25;0.50;1
2025-09-20 15:58:50;32.07;74908.00;40.00;992.72;27;25;0.50;1
2025-09-20 15:58:51;32.07;74841.00;40.00;992.71;27;25;0.50;1
2025-09-20 15:58:52;32.07;74510.00;40.00;992.71;27;25;0.50;1
2025-09-20 15:58:53;32.08;74708.00;40.00;992.72;26;25;0.50;1
2025-09-20 15:58:54;32.08;74908.00;40.00;992.72;26;25;0.50;1
2025-09-20 15:58:55;32.08;74975.00;40.00;992.71;26;25;0.50;1
2025-09-20 15:58:56;32.08;74708.00;40.00;992.71;27;25;0.50;1
2025-09-20 15:58:57;32.08;74908.00;40.00;992.71;27;25;0.50;1
2025-09-20 15:58:58;32.09;74775.00;40.00;992.71;27;25;0.50;1
2025-09-20 15:58:59;32.09;74775.00;40.00;992.68;26;25;0.50;1
2025-09-20 15:59:00;32.09;74975.00;40.00;992.68;26;25;0.50;1
2025-09-20 15:59:01;32.09;74841.00;40.00;992.68;26;25;0.50;1
2025-09-20 15:59:02;32.09;75243.00;40.00;992.71;25;25;0.50;1
2025-09-20 15:59:03;32.09;74775.00;40.00;992.71;25;25;0.50;1
2025-09-20 15:59:04;32.09;74975.00;40.00;992.71;25;25;0.50;1
2025-09-20 15:59:05;32.10;75786.00;40.00;992.72;25;25;0.50;1
2025-09-20 15:59:06;32.10;74841.00;40.00;992.71;25;25;0.50;1
2025-09-20 15:59:07;32.09;75311.00;40.00;992.71;25;25;0.50;1
2025-09-20 15:59:08;32.10;75176.00;40.00;992.71;25;25;0.49;1
2025-09-20 15:59:09;32.10;74510.00;40.00;992.71;25;25;0.49;1
2025-09-20 15:59:10;32.10;75042.00;40.00;992.71;25;25;0.49;1
2025-09-20 15:59:11;32.10;74510.00;40.00;992.71;25;25;0.49;1
2025-09-20 15:59:12;32.10;74510.00;40.00;992.71;25;25;0.49;1
2025-09-20 15:59:13;32.11;75042.00;40.00;992.71;25;25;0.49;1
2025-09-20 15:59:14;32.11;75176.00;40.00;992.72;25;25;0.49;1
2025-09-20 15:59:15;32.11;74841.00;40.00;992.72;25;25;0.49;1
2025-09-20 15:59:16;32.11;74841.00;40.00;992.68;25;25;0.49;1
2025-09-20 15:59:17;32.11;75042.00;40.00;992.72;27;26;0.50;1
2025-09-20 15:59:18;32.11;74975.00;40.00;992.72;27;26;0.50;1
2025-09-20 15:59:19;32.11;75446.00;40.00;992.72;27;26;0.50;1
2025-09-20 15:59:20;32.11;75718.00;40.00;992.68;27;26;0.50;1
2025-09-20 15:59:21;32.12;74708.00;40.00;992.71;27;26;0.50;1
2025-09-20 15:59:22;32.12;74708.00;40.00;992.68;27;26;0.50;1
2025-09-20 15:59:23;32.12;75378.00;40.00;992.68;26;25;0.50;1
2025-09-20 15:59:24;32.12;74708.00;40.00;992.68;26;25;0.50;1
2025-09-20 15:59:25;32.12;74708.00;40.00;992.68;26;25;0.50;1
2025-09-20 15:59:26;32.13;75109.00;40.00;992.68;25;25;0.49;1
2025-09-20 15:59:27;32.13;74576.00;40.00;992.68;25;25;0.49;1
2025-09-20 15:59:28;32.13;75650.00;40.00;992.68;25;25;0.49;1
2025-09-20 15:59:29;32.13;75042.00;40.00;992.68;25;25;0.49;1
2025-09-20 15:59:30;32.13;75378.00;40.00;992.71;25;25;0.49;1
2025-09-20 15:59:31;32.13;75378.00;40.00;992.71;25;25;0.49;1
2025-09-20 15:59:32;32.13;74642.00;40.00;992.71;23;24;0.49;1
2025-09-20 15:59:33;32.13;74576.00;40.00;992.71;23;24;0.49;1
2025-09-20 15:59:34;32.13;74378.00;40.00;992.72;23;24;0.49;1
2025-09-20 15:59:35;32.14;74312.00;40.00;992.71;25;25;0.49;1
2025-09-20 15:59:36;32.14;74708.00;40.00;992.71;25;25;0.49;1
2025-09-20 15:59:37;32.14;74642.00;40.00;992.71;25;25;0.49;1
2025-09-20 15:59:38;32.14;74444.00;40.00;992.71;27;25;0.50;1
2025-09-20 15:59:39;32.14;74708.00;40.00;992.71;27;25;0.50;1
2025-09-20 15:59:40;32.15;74908.00;40.00;992.72;27;25;0.50;1
2025-09-20 15:59:41;32.15;75176.00;40.00;992.74;28;26;0.51;1
2025-09-20 15:59:42;32.15;75243.00;40.00;992.72;28;26;0.51;1
2025-09-20 15:59:43;32.15;74775.00;40.00;992.74;28;26;0.51;1
2025-09-20 15:59:44;32.14;75378.00;40.00;992.72;27;26;0.50;1
2025-09-20 15:59:45;32.15;75446.00;40.00;992.74;27;26;0.50;1
2025-09-20 15:59:46;32.15;75109.00;40.00;992.72;27;26;0.50;1
2025-09-20 15:59:47;32.15;74510.00;40.00;992.72;25;25;0.50;1
2025-09-20 15:59:48;32.16;75378.00;40.00;992.72;25;25;0.50;1
2025-09-20 15:59:49;32.16;75109.00;40.00;992.72;25;25;0.50;1
2025-09-20 15:59:50;32.16;74576.00;39.00;992.71;25;25;0.49;1
2025-09-20 15:59:51;32.16;74908.00;40.00;992.71;25;25;0.49;1
2025-09-20 15:59:52;32.16;74975.00;39.00;992.71;25;25;0.49;1
2025-09-20 15:59:53;32.16;75243.00;40.00;992.71;26;25;0.50;1
2025-09-20 15:59:54;32.17;74576.00;40.00;992.71;26;25;0.50;1
2025-09-20 15:59:55;32.16;74642.00;40.00;992.71;26;25;0.50;1
2025-09-20 15:59:56;32.15;74975.00;40.00;992.68;28;26;0.51;1
2025-09-20 15:59:57;32.16;75311.00;40.00;992.71;28;26;0.51;1
2025-09-20 15:59:58;32.16;74841.00;39.00;992.71;28;26;0.51;1
2025-09-20 15:59:59;32.16;74642.00;39.00;992.71;27;26;0.50;1
2025-09-20 16:00:00;32.16;74576.00;39.00;992.71;27;26;0.50;1
2025-09-20 16:00:01;32.16;74908.00;40.00;992.68;27;26;0.50;1
2025-09-20 16:00:02;32.16;75378.00;40.00;992.68;28;26;0.51;1
2025-09-20 16:00:03;32.17;74841.00;39.00;992.68;28;26;0.51;1
2025-09-20 16:00:04;32.17;74775.00;39.00;992.71;28;26;0.51;1
2025-09-20 16:00:05;32.16;75446.00;40.00;992.68;26;25;0.50;1
2025-09-20 16:00:06;32.17;74841.00;39.00;992.68;26;25;0.50;1
2025-09-20 16:00:07;32.16;75176.00;40.00;992.68;26;25;0.50;1
2025-09-20 16:00:08;32.16;74908.00;39.00;992.68;25;25;0.49;1
2025-09-20 16:00:09;32.16;74841.00;39.00;992.68;25;25;0.49;1
2025-09-20 16:00:10;32.17;74908.00;40.00;992.71;25;25;0.49;1
2025-09-20 16:00:11;32.18;74975.00;39.00;992.71;25;25;0.49;1
2025-09-20 16:00:12;32.18;74841.00;39.00;992.71;25;25;0.49;1
2025-09-20 16:00:13;32.18;75109.00;39.00;992.71;25;25;0.49;1
2025-09-20 16:00:14;32.18;75718.00;39.00;992.71;26;25;0.50;1
2025-09-20 16:00:15;32.18;75042.00;39.00;992.71;26;25;0.50;1
2025-09-20 16:00:16;32.18;75311.00;39.00;992.68;26;25;0.50;1
2025-09-20 16:00:17;32.19;75446.00;40.00;992.68;26;25;0.50;1
2025-09-20 16:00:18;32.19;75042.00;39.00;992.71;26;25;0.50;1
2025-09-20 16:00:19;32.19;75582.00;39.00;992.68;26;25;0.50;1
2025-09-20 16:00:20;32.18;75042.00;39.00;992.68;27;25;0.50;1
2025-09-20 16:00:21;32.19;74975.00;39.00;992.71;27;25;0.50;1
2025-09-20 16:00:22;32.19;75923.00;39.00;992.68;27;25;0.50;1
2025-09-20 16:00:23;32.19;74841.00;39.00;992.68;27;26;0.50;1
2025-09-20 16:00:24;32.20;75582.00;39.00;992.74;27;26;0.50;1
2025-09-20 16:00:25;32.19;74908.00;39.00;992.74;27;26;0.50;1
2025-09-20 16:00:26;32.20;75378.00;39.00;992.74;25;25;0.50;1
2025-09-20 16:00:27;32.20;74908.00;39.00;992.74;25;25;0.50;1
2025-09-20 16:00:28;32.19;75243.00;39.00;992.75;25;25;0.50;1
2025-09-20 16:00:29;32.20;76060.00;39.00;992.75;24;24;0.49;1
2025-09-20 16:00:30;32.19;75243.00;39.00;992.75;24;24;0.49;1
2025-09-20 16:00:31;32.20;75446.00;39.00;992.75;24;24;0.49;1
2025-09-20 16:00:32;32.19;76198.00;39.00;992.71;29;27;0.51;1
2025-09-20 16:00:33;32.20;75446.00;39.00;992.75;29;27;0.51;1
2025-09-20 16:00:34;32.20;75992.00;39.00;992.74;29;27;0.51;1
2025-09-20 16:00:35;32.20;75311.00;39.00;992.75;31;27;0.52;1
2025-09-20 16:00:36;32.20;75243.00;39.00;992.74;31;27;0.52;1
2025-09-20 16:00:37;32.21;75786.00;39.00;992.74;31;27;0.52;1
2025-09-20 16:00:38;32.21;75176.00;39.00;992.74;32;28;0.52;1
2025-09-20 16:00:39;32.21;75176.00;39.00;992.74;32;28;0.52;1
2025-09-20 16:00:40;32.20;74775.00;39.00;992.74;32;28;0.52;1
2025-09-20 16:00:41;32.21;75176.00;39.00;992.74;32;28;0.52;1
2025-09-20 16:00:42;32.21;75042.00;39.00;992.74;32;28;0.52;1
2025-09-20 16:00:43;32.21;75176.00;39.00;992.72;32;28;0.52;1
2025-09-20 16:00:44;32.21;76060.00;39.00;992.74;29;26;0.51;1
2025-09-20 16:00:45;32.20;75109.00;39.00;992.74;29;26;0.51;1
2025-09-20 16:00:46;32.22;76129.00;39.00;992.74;29;26;0.51;1
2025-09-20 16:00:47;32.22;75311.00;39.00;992.75;29;26;0.51;1
2025-09-20 16:00:48;32.22;75243.00;39.00;992.75;30;27;0.51;1
2025-09-20 16:00:49;32.22;75650.00;39.00;992.75;30;27;0.51;1
2025-09-20 16:00:50;32.22;75992.00;39.00;992.75;30;27;0.51;1
2025-09-20 16:00:51;32.22;75582.00;39.00;992.75;27;26;0.50;1
2025-09-20 16:00:52;32.22;76060.00;39.00;992.75;27;26;0.50;1
2025-09-20 16:00:53;32.23;75378.00;39.00;992.74;27;26;0.50;1
2025-09-20 16:00:54;32.23;75042.00;39.00;992.72;29;26;0.51;1
2025-09-20 16:00:55;32.23;75378.00;39.00;992.72;29;26;0.51;1
2025-09-20 16:00:56;32.23;75378.00;39.00;992.74;29;26;0.51;1
2025-09-20 16:00:57;32.23;76129.00;39.00;992.74;30;27;0.51;1
2025-09-20 16:00:58;32.23;75243.00;39.00;992.74;30;27;0.51;1
2025-09-20 16:00:59;32.23;75718.00;39.00;992.74;30;27;0.51;1
2025-09-20 16:01:00;32.23;75514.00;39.00;992.78;29;26;0.51;1
2025-09-20 16:01:01;32.23;75243.00;39.00;992.78;29;26;0.51;1
2025-09-20 16:01:02;32.23;75446.00;39.00;992.78;29;26;0.51;1
2025-09-20 16:01:03;32.23;75311.00;39.00;992.75;30;27;0.51;1
2025-09-20 16:01:04;32.24;75109.00;39.00;992.78;30;27;0.51;1
2025-09-20 16:01:05;32.24;75992.00;39.00;992.75;30;27;0.51;1
2025-09-20 16:01:06;32.24;75378.00;39.00;992.75;27;26;0.50;1
2025-09-20 16:01:07;32.24;75992.00;39.00;992.74;27;26;0.50;1
2025-09-20 16:01:08;32.24;75786.00;39.00;992.74;27;26;0.50;1
2025-09-20 16:01:09;32.24;75992.00;39.00;992.72;27;26;0.50;1
2025-09-20 16:01:10;32.25;75514.00;39.00;992.72;27;26;0.50;1
2025-09-20 16:01:11;32.25;75378.00;39.00;992.72;27;26;0.50;1
2025-09-20 16:01:12;32.25;76198.00;39.00;992.72;29;26;0.51;1
2025-09-20 16:01:13;32.24;75582.00;39.00;992.72;29;26;0.51;1
2025-09-20 16:01:14;32.25;75311.00;39.00;992.74;29;26;0.51;1
2025-09-20 16:01:15;32.25;75650.00;39.00;992.74;30;27;0.51;1
2025-09-20 16:01:16;32.25;76060.00;39.00;992.74;30;27;0.51;1
2025-09-20 16:01:17;32.24;76268.00;39.00;992.72;30;27;0.51;1
2025-09-20 16:01:18;32.25;75650.00;39.00;992.74;30;27;0.51;1
2025-09-20 16:01:19;32.25;75378.00;39.00;992.74;30;27;0.51;1
2025-09-20 16:01:20;32.26;75855.00;39.00;992.74;30;27;0.51;1
2025-09-20 16:01:21;32.26;75992.00;39.00;992.72;27;26;0.50;1
2025-09-20 16:01:22;32.26;75446.00;39.00;992.72;27;26;0.50;1
2025-09-20 16:01:23;32.26;76268.00;39.00;992.72;27;26;0.50;1
2025-09-20 16:01:24;32.26;75855.00;39.00;992.72;28;26;0.51;1
2025-09-20 16:01:25;32.26;75718.00;39.00;992.72;28;26;0.51;1
2025-09-20 16:01:26;32.26;75582.00;39.00;992.71;28;26;0.51;1
2025-09-20 16:01:27;32.27;76476.00;39.00;992.71;28;26;0.51;1
2025-09-20 16:01:28;32.27;75992.00;39.00;992.71;28;26;0.51;1
2025-09-20 16:01:29;32.27;75650.00;39.00;992.71;28;26;0.51;1
2025-09-20 16:01:30;32.27;75378.00;39.00;992.72;26;25;0.50;1
2025-09-20 16:01:31;32.27;75378.00;39.00;992.71;26;25;0.50;1
2025-09-20 16:01:32;32.27;75176.00;39.00;992.71;26;25;0.50;1
2025-09-20 16:01:34;32.27;75378.00;39.00;992.71;29;26;0.51;1
2025-09-20 16:01:35;32.27;75992.00;39.00;992.72;29;26;0.51;1
2025-09-20 16:01:35;32.28;76198.00;39.00;992.72;29;26;0.51;1
2025-09-20 16:01:36;32.28;75446.00;39.00;992.72;27;25;0.50;1
2025-09-20 16:01:37;32.28;75992.00;39.00;992.72;27;25;0.50;1
2025-09-20 16:01:38;32.28;76129.00;39.00;992.71;27;25;0.50;1
2025-09-20 16:01:39;32.28;75650.00;39.00;992.72;25;25;0.50;1
2025-09-20 16:01:40;32.28;76198.00;39.00;992.71;25;25;0.50;1
2025-09-20 16:01:41;32.28;76060.00;39.00;992.71;25;25;0.50;1
2025-09-20 16:01:42;32.28;76337.00;39.00;992.71;27;26;0.50;1
2025-09-20 16:01:43;32.28;75718.00;39.00;992.68;27;26;0.50;1
2025-09-20 16:01:44;32.28;75992.00;39.00;992.68;27;26;0.50;1
2025-09-20 16:01:45;32.29;75992.00;39.00;992.71;25;25;0.50;1
2025-09-20 16:01:46;32.28;75718.00;39.00;992.71;25;25;0.50;1
2025-09-20 16:01:47;32.29;75855.00;39.00;992.71;25;25;0.50;1
2025-09-20 16:01:48;32.29;75582.00;39.00;992.72;25;25;0.49;1
2025-09-20 16:01:49;32.29;76406.00;39.00;992.68;25;25;0.49;1
2025-09-20 16:01:50;32.29;76337.00;39.00;992.71;25;25;0.49;1
2025-09-20 16:01:51;32.30;76268.00;39.00;992.71;25;25;0.49;1
2025-09-20 16:01:52;32.30;76337.00;39.00;992.72;25;25;0.49;1
2025-09-20 16:01:53;32.30;75992.00;39.00;992.72;25;25;0.49;1
2025-09-20 16:01:54;32.30;75923.00;39.00;992.71;25;25;0.50;1
2025-09-20 16:01:55;32.30;76476.00;39.00;992.71;25;25;0.50;1
2025-09-20 16:01:56;32.30;75992.00;39.00;992.72;25;25;0.50;1
2025-09-20 16:01:58;32.30;76545.00;39.00;992.71;25;25;0.50;1
2025-09-20 16:01:59;32.30;76198.00;39.00;992.72;25;25;0.50;1
2025-09-20 16:01:59;32.30;75992.00;39.00;992.72;25;25;0.50;1
2025-09-20 16:02:00;32.31;76476.00;39.00;992.71;27;26;0.50;1
2025-09-20 16:02:01;32.31;75855.00;39.00;992.71;27;26;0.50;1
2025-09-20 16:02:02;32.32;76337.00;39.00;992.72;27;26;0.50;1
2025-09-20 16:02:03;32.32;75923.00;39.00;992.74;29;26;0.51;1
2025-09-20 16:02:04;32.32;76615.00;39.00;992.72;29;26;0.51;1
2025-09-20 16:02:05;32.32;76198.00;39.00;992.72;29;26;0.51;1
2025-09-20 16:02:06;32.32;76685.00;39.00;992.71;25;25;0.50;1
2025-09-20 16:02:07;32.32;76406.00;39.00;992.72;25;25;0.50;1
2025-09-20 16:02:08;32.32;76060.00;39.00;992.71;25;25;0.50;1
2025-09-20 16:02:09;32.32;76615.00;39.00;992.71;27;26;0.50;1
2025-09-20 16:02:10;32.32;76545.00;39.00;992.71;27;26;0.50;1
2025-09-20 16:02:11;32.32;76476.00;39.00;992.71;27;26;0.50;1
2025-09-20 16:02:12;32.33;76966.00;39.00;992.71;29;27;0.51;1
2025-09-20 16:02:13;32.33;75378.00;39.00;992.71;29;27;0.51;1
2025-09-20 16:02:14;32.33;75718.00;39.00;992.71;29;27;0.51;1
2025-09-20 16:02:15;32.33;76337.00;39.00;992.74;29;26;0.51;1
2025-09-20 16:02:16;32.33;76268.00;39.00;992.71;29;26;0.51;1
2025-09-20 16:02:17;32.34;76337.00;39.00;992.72;29;26;0.51;1
2025-09-20 16:02:18;32.33;76337.00;39.00;992.71;26;25;0.50;1
2025-09-20 16:02:19;32.34;76337.00;39.00;992.72;26;25;0.50;1
2025-09-20 16:02:20;32.34;75923.00;39.00;992.72;26;25;0.50;1
2025-09-20 16:02:22;32.34;76615.00;39.00;992.72;25;25;0.50;1
2025-09-20 16:02:22;32.34;76337.00;39.00;992.72;25;25;0.50;1
2025-09-20 16:02:23;32.34;76825.00;39.00;992.71;25;25;0.50;1
2025-09-20 16:02:24;32.34;75923.00;39.00;992.68;27;25;0.50;1
2025-09-20 16:02:25;32.34;76685.00;39.00;992.71;27;25;0.50;1
2025-09-20 16:02:26;32.35;75923.00;39.00;992.71;27;25;0.50;1
2025-09-20 16:02:27;32.34;75514.00;39.00;992.71;25;25;0.49;1
2025-09-20 16:02:28;32.35;77249.00;39.00;992.71;25;25;0.49;1
2025-09-20 16:02:29;32.35;76615.00;39.00;992.68;25;25;0.49;1
2025-09-20 16:02:30;32.35;76198.00;39.00;992.68;26;25;0.50;1
2025-09-20 16:02:31;32.35;76685.00;39.00;992.68;26;25;0.50;1
2025-09-20 16:02:32;32.35;76268.00;39.00;992.68;26;25;0.50;1
2025-09-20 16:02:33;32.36;76476.00;39.00;992.71;25;25;0.50;1
2025-09-20 16:02:34;32.36;76615.00;39.00;992.71;25;25;0.50;1
2025-09-20 16:02:35;32.36;76755.00;39.00;992.71;25;25;0.50;1
2025-09-20 16:02:36;32.36;76615.00;39.00;992.72;26;25;0.50;1
2025-09-20 16:02:37;32.36;76406.00;39.00;992.71;26;25;0.50;1
2025-09-20 16:02:38;32.36;76476.00;39.00;992.71;26;25;0.50;1
2025-09-20 16:02:39;32.37;76966.00;39.00;992.71;25;25;0.49;1
2025-09-20 16:02:40;32.36;76825.00;39.00;992.71;25;25;0.49;1
2025-09-20 16:02:41;32.37;76129.00;39.00;992.71;25;25;0.49;1
2025-09-20 16:02:43;32.36;76406.00;39.00;992.71;25;25;0.49;1
2025-09-20 16:02:44;32.37;76476.00;39.00;992.68;25;25;0.49;1
2025-09-20 16:02:44;32.37;77178.00;39.00;992.68;25;25;0.49;1
2025-09-20 16:02:45;32.37;76406.00;39.00;992.68;24;24;0.49;1
2025-09-20 16:02:46;32.37;76615.00;39.00;992.71;24;24;0.49;1
2025-09-20 16:02:47;32.38;76337.00;39.00;992.68;24;24;0.49;1
2025-09-20 16:02:48;32.37;76545.00;39.00;992.71;25;25;0.49;1
2025-09-20 16:02:49;32.37;77107.00;39.00;992.67;25;25;0.49;1
2025-09-20 16:02:50;32.38;76615.00;39.00;992.71;25;25;0.49;1
2025-09-20 16:02:51;32.38;76268.00;39.00;992.71;25;25;0.49;1
2025-09-20 16:02:52;32.38;76406.00;39.00;992.68;25;25;0.49;1
2025-09-20 16:02:53;32.38;76825.00;39.00;992.68;25;25;0.49;1
2025-09-20 16:02:54;32.38;76685.00;39.00;992.67;25;25;0.49;1
2025-09-20 16:02:55;32.38;76966.00;39.00;992.68;25;25;0.49;1
2025-09-20 16:02:56;32.38;77037.00;39.00;992.68;25;25;0.49;1
2025-09-20 16:02:57;32.39;76755.00;39.00;992.68;24;24;0.49;1
2025-09-20 16:02:58;32.39;76896.00;39.00;992.68;24;24;0.49;1
2025-09-20 16:02:59;32.39;76615.00;39.00;992.68;24;24;0.49;1
2025-09-20 16:03:00;32.39;76755.00;39.00;992.67;25;25;0.49;1
2025-09-20 16:03:01;32.39;77037.00;39.00;992.67;25;25;0.49;1
2025-09-20 16:03:02;32.39;77249.00;39.00;992.71;25;25;0.49;1
2025-09-20 16:03:04;32.40;77391.00;39.00;992.71;25;25;0.49;1
2025-09-20 16:03:05;32.40;76685.00;39.00;992.71;25;25;0.49;1
2025-09-20 16:03:05;32.39;76545.00;39.00;992.71;25;25;0.49;1
2025-09-20 16:03:06;32.40;76406.00;39.00;992.71;26;25;0.50;1
2025-09-20 16:03:07;32.40;76755.00;39.00;992.71;26;25;0.50;1
2025-09-20 16:03:08;32.40;76406.00;39.00;992.68;26;25;0.50;1
2025-09-20 16:03:09;32.40;77178.00;39.00;992.71;26;25;0.50;1
2025-09-20 16:03:10;32.40;76896.00;39.00;992.68;26;25;0.50;1
2025-09-20 16:03:11;32.41;77037.00;39.00;992.68;26;25;0.50;1
2025-09-20 16:03:12;32.41;76966.00;39.00;992.68;25;25;0.49;1
2025-09-20 16:03:13;32.41;76545.00;39.00;992.68;25;25;0.49;1
2025-09-20 16:03:14;32.41;77037.00;39.00;992.68;25;25;0.49;1
2025-09-20 16:03:15;32.41;77107.00;39.00;992.68;24;24;0.49;1
2025-09-20 16:03:16;32.41;77249.00;39.00;992.68;24;24;0.49;1
2025-09-20 16:03:17;32.41;77107.00;39.00;992.67;24;24;0.49;1
2025-09-20 16:03:18;32.41;76476.00;39.00;992.68;26;25;0.50;1
2025-09-20 16:03:19;32.41;76685.00;39.00;992.74;26;25;0.50;1
2025-09-20 16:03:20;32.42;77249.00;39.00;992.74;26;25;0.50;1
2025-09-20 16:03:21;32.41;76825.00;39.00;992.72;25;25;0.50;1
2025-09-20 16:03:22;32.41;77037.00;39.00;992.72;25;25;0.50;1
2025-09-20 16:03:23;32.42;77249.00;39.00;992.74;25;25;0.50;1
2025-09-20 16:03:24;32.42;76825.00;39.00;992.72;25;25;0.50;1
2025-09-20 16:03:25;32.42;76406.00;39.00;992.72;25;25;0.50;1
2025-09-20 16:03:27;32.42;77107.00;39.00;992.72;25;25;0.50;1
2025-09-20 16:03:28;32.42;76966.00;39.00;992.72;25;25;0.50;1
2025-09-20 16:03:28;32.42;76615.00;39.00;992.72;25;25;0.49;1
2025-09-20 16:03:29;32.42;77107.00;39.00;992.72;25;25;0.49;1
2025-09-20 16:03:30;32.42;77178.00;39.00;992.72;25;25;0.49;1
2025-09-20 16:03:31;32.42;76966.00;39.00;992.71;24;24;0.49;1
2025-09-20 16:03:32;32.42;76198.00;39.00;992.71;24;24;0.49;1
2025-09-20 16:03:33;32.42;76685.00;39.00;992.72;24;24;0.49;1
2025-09-20 16:03:34;32.43;77320.00;39.00;992.72;25;25;0.50;1
2025-09-20 16:03:35;32.42;77249.00;39.00;992.71;25;25;0.50;1
2025-09-20 16:03:36;32.42;76966.00;39.00;992.71;25;25;0.50;1
2025-09-20 16:03:37;32.43;77178.00;39.00;992.71;25;25;0.50;1
2025-09-20 16:03:38;32.43;77037.00;39.00;992.71;25;25;0.50;1
2025-09-20 16:03:39;32.43;76896.00;39.00;992.68;25;25;0.50;1
2025-09-20 16:03:40;32.43;77391.00;39.00;992.72;25;25;0.50;1
2025-09-20 16:03:41;32.43;77037.00;39.00;992.71;25;25;0.50;1
2025-09-20 16:03:42;32.43;77178.00;39.00;992.71;25;25;0.50;1
2025-09-20 16:03:43;32.43;76896.00;39.00;992.68;25;25;0.49;1
2025-09-20 16:03:44;32.43;77178.00;39.00;992.72;25;25;0.49;1
2025-09-20 16:03:45;32.44;76966.00;39.00;992.72;25;25;0.49;1
2025-09-20 16:03:46;32.44;76966.00;39.00;992.71;25;25;0.49;1
2025-09-20 16:03:48;32.43;76825.00;39.00;992.71;25;25;0.49;1
2025-09-20 16:03:49;32.44;77178.00;39.00;992.71;25;25;0.49;1
2025-09-20 16:03:49;32.43;77320.00;39.00;992.72;25;25;0.49;1
2025-09-20 16:03:50;32.43;76825.00;39.00;992.72;25;25;0.49;1
2025-09-20 16:03:51;32.44;76966.00;39.00;992.72;25;25;0.49;1
2025-09-20 16:03:52;32.44;76825.00;39.00;992.72;25;25;0.50;1
2025-09-20 16:03:53;32.44;77037.00;39.00;992.72;25;25;0.50;1
2025-09-20 16:03:54;32.44;77249.00;39.00;992.72;25;25;0.50;1
2025-09-20 16:03:55;32.44;77391.00;39.00;992.72;25;25;0.49;1
2025-09-20 16:03:56;32.44;76755.00;39.00;992.72;25;25;0.49;1
2025-09-20 16:03:57;32.44;76966.00;39.00;992.72;25;25;0.49;1
2025-09-20 16:03:58;32.45;77037.00;39.00;992.72;27;26;0.50;1
2025-09-20 16:03:59;32.44;77107.00;39.00;992.72;27;26;0.50;1
2025-09-20 16:04:00;32.44;77463.00;39.00;992.72;27;26;0.50;1
2025-09-20 16:04:01;32.45;76896.00;39.00;992.72;25;25;0.50;1
2025-09-20 16:04:02;32.45;76825.00;39.00;992.71;25;25;0.50;1
2025-09-20 16:04:03;32.45;77037.00;39.00;992.71;25;25;0.50;1
2025-09-20 16:04:04;32.45;77534.00;39.00;992.71;25;25;0.50;1
2025-09-20 16:04:05;32.45;77107.00;39.00;992.71;25;25;0.50;1
