timestamp;temperature;gas;humidity;barometer;IAQ;IAQ_S;VOCS;accuracy;humidty_corrected;temp_corrected
2025-10-06 16:43:44;28.20;84896.00;38.00;1002.00;173;166;4.25;3;54.31;22.20
2025-10-06 16:43:45;28.19;85938.00;38.00;1001.98;171;164;4.12;3;54.31;22.19
2025-10-06 16:43:46;28.18;85500.00;38.00;1001.98;171;164;4.12;3;54.31;22.18
2025-10-06 16:43:47;28.19;85068.00;38.00;1001.98;171;164;4.12;3;54.31;22.19
2025-10-06 16:43:48;28.19;85068.00;38.00;1001.98;171;164;4.09;3;54.31;22.19
2025-10-06 16:43:49;28.18;86025.00;38.00;1001.98;171;164;4.09;3;54.31;22.18
2025-10-06 16:43:50;28.19;85500.00;38.00;1001.96;171;164;4.09;3;54.31;22.19
2025-10-06 16:43:51;28.19;85938.00;38.00;1001.96;169;162;3.97;3;54.31;22.19
2025-10-06 16:43:52;28.19;85587.00;38.00;1001.96;169;162;3.97;3;54.31;22.19
2025-10-06 16:43:53;28.18;86114.00;38.00;1001.98;169;162;3.97;3;54.31;22.18
2025-10-06 16:43:54;28.18;86379.00;38.00;1001.98;167;161;3.90;3;54.31;22.18
2025-10-06 16:43:55;28.19;85850.00;38.00;1001.98;167;161;3.90;3;54.31;22.19
2025-10-06 16:43:56;28.18;85500.00;38.00;1001.98;167;161;3.90;3;54.31;22.18
2025-10-06 16:43:57;28.18;86379.00;38.00;1001.98;167;161;3.91;3;54.31;22.18
2025-10-06 16:43:58;28.19;85675.00;38.00;1001.98;167;161;3.91;3;54.31;22.19
2025-10-06 16:43:59;28.18;85500.00;38.00;1001.98;167;161;3.91;3;54.31;22.18
2025-10-06 16:44:00;28.18;85587.00;38.00;1002.00;168;161;3.91;3;54.31;22.18
2025-10-06 16:44:01;28.18;85327.00;38.00;1002.00;168;161;3.91;3;54.31;22.18
2025-10-06 16:44:02;28.17;85327.00;38.00;1002.00;168;161;3.91;3;54.31;22.17
2025-10-06 16:44:03;28.17;85068.00;38.00;1001.98;168;161;3.94;3;54.31;22.17
2025-10-06 16:44:04;28.17;84982.00;38.00;1002.00;168;161;3.94;3;54.31;22.17
2025-10-06 16:44:05;28.18;84810.00;38.00;1002.00;168;161;3.94;3;54.31;22.18
2025-10-06 16:44:06;28.17;85154.00;38.00;1002.00;168;161;3.94;3;54.31;22.17
2025-10-06 16:44:07;28.17;85154.00;38.00;1002.00;168;161;3.94;3;54.31;22.17
2025-10-06 16:44:08;28.18;85240.00;38.00;1002.02;168;161;3.94;3;54.31;22.18
2025-10-06 16:44:09;28.17;85240.00;38.00;1002.02;169;162;3.98;3;54.31;22.17
2025-10-06 16:44:10;28.17;85938.00;38.00;1002.00;169;162;3.98;3;54.31;22.17
2025-10-06 16:44:11;28.17;85938.00;38.00;1002.00;169;162;3.98;3;54.31;22.17
2025-10-06 16:44:12;28.17;85762.00;38.00;1001.98;168;161;3.94;3;54.31;22.17
2025-10-06 16:44:13;28.17;85154.00;38.00;1002.00;168;161;3.94;3;54.31;22.17
2025-10-06 16:44:14;28.16;85500.00;38.00;1002.00;168;161;3.94;3;54.31;22.16
2025-10-06 16:44:15;28.17;85587.00;38.00;1001.98;168;161;3.95;3;54.31;22.17
2025-10-06 16:44:16;28.16;85938.00;38.00;1002.00;168;161;3.95;3;54.31;22.16
2025-10-06 16:44:17;28.16;85240.00;38.00;1002.00;168;161;3.95;3;54.31;22.16
2025-10-06 16:44:18;28.16;86468.00;38.00;1001.98;167;161;3.90;3;54.31;22.16
2025-10-06 16:44:19;28.16;85587.00;38.00;1002.00;167;161;3.90;3;54.31;22.16
2025-10-06 16:44:20;28.16;85500.00;38.00;1002.00;167;161;3.90;3;54.31;22.16
2025-10-06 16:44:21;28.16;85500.00;38.00;1002.00;168;161;3.94;3;54.31;22.16
2025-10-06 16:44:22;28.16;85500.00;38.00;1002.00;168;161;3.94;3;54.31;22.16
2025-10-06 16:44:23;28.16;85154.00;38.00;1002.00;168;161;3.94;3;54.31;22.16
2025-10-06 16:44:24;28.16;85068.00;38.00;1002.00;167;160;3.89;3;54.31;22.16
2025-10-06 16:44:25;28.16;86290.00;38.00;1002.00;167;160;3.89;3;54.31;22.16
2025-10-06 16:44:26;28.16;85850.00;38.00;1002.00;167;160;3.89;3;54.31;22.16
2025-10-06 16:44:27;28.17;85240.00;38.00;1002.00;168;161;3.91;3;54.31;22.17
2025-10-06 16:44:28;28.16;85154.00;38.00;1002.00;168;161;3.91;3;54.31;22.16
2025-10-06 16:44:29;28.16;85762.00;38.00;1002.00;168;161;3.91;3;54.31;22.16
2025-10-06 16:44:30;28.16;85068.00;38.00;1002.00;168;162;3.96;3;54.31;22.16
2025-10-06 16:44:31;28.15;85500.00;38.00;1001.98;168;162;3.96;3;54.31;22.15
2025-10-06 16:44:32;28.16;85414.00;38.00;1001.98;168;162;3.96;3;54.31;22.16
2025-10-06 16:44:33;28.16;85587.00;38.00;1002.00;169;162;3.97;3;54.31;22.16
2025-10-06 16:44:34;28.16;84725.00;38.00;1002.00;169;162;3.97;3;54.31;22.16
2025-10-06 16:44:35;28.16;85327.00;38.00;1002.00;169;162;3.97;3;54.31;22.16
2025-10-06 16:44:36;28.16;85850.00;38.00;1002.00;170;163;4.03;3;54.31;22.16
2025-10-06 16:44:37;28.16;84896.00;38.00;1002.00;170;163;4.03;3;54.31;22.16
2025-10-06 16:44:38;28.16;84384.00;38.00;1002.00;170;163;4.03;3;54.31;22.16
2025-10-06 16:44:39;28.15;84384.00;38.00;1001.98;171;164;4.11;3;54.31;22.15
2025-10-06 16:44:40;28.16;84047.00;38.00;1002.02;171;164;4.11;3;54.31;22.16
2025-10-06 16:44:41;28.15;84554.00;38.00;1002.00;171;164;4.11;3;54.31;22.15
2025-10-06 16:44:42;28.16;84300.00;38.00;1002.00;175;168;4.34;3;54.31;22.16
2025-10-06 16:44:43;28.16;84131.00;38.00;1002.00;175;168;4.34;3;54.31;22.16
2025-10-06 16:44:44;28.15;83629.00;38.00;1002.02;175;168;4.34;3;54.31;22.15
2025-10-06 16:44:45;28.15;84047.00;38.00;1002.02;176;169;4.44;3;54.31;22.15
2025-10-06 16:44:46;28.15;83963.00;38.00;1002.02;176;169;4.44;3;54.31;22.15
2025-10-06 16:44:47;28.15;83380.00;38.00;1001.98;176;169;4.44;3;54.31;22.15
2025-10-06 16:44:48;28.15;83629.00;38.00;1002.02;178;171;4.55;3;54.31;22.15
2025-10-06 16:44:49;28.15;83215.00;38.00;1002.02;178;171;4.55;3;54.31;22.15
2025-10-06 16:44:50;28.15;82886.00;38.00;1002.02;178;171;4.55;3;54.31;22.15
2025-10-06 16:44:51;28.14;83215.00;38.00;1001.98;180;172;4.67;3;54.31;22.14
2025-10-06 16:44:52;28.15;83297.00;38.00;1002.02;180;172;4.67;3;54.31;22.15
2025-10-06 16:44:53;28.15;82805.00;38.00;1001.98;180;172;4.67;3;54.31;22.15
2025-10-06 16:44:54;28.15;81678.00;38.00;1001.98;182;175;4.84;3;54.31;22.15
2025-10-06 16:44:55;28.15;83050.00;38.00;1002.00;182;175;4.84;3;54.31;22.15
2025-10-06 16:44:56;28.14;82399.00;38.00;1002.00;182;175;4.84;3;54.31;22.14
2025-10-06 16:44:57;28.14;82968.00;38.00;1002.00;184;176;4.96;3;54.31;22.14
2025-10-06 16:44:58;28.14;82480.00;38.00;1002.02;184;176;4.96;3;54.31;22.14
2025-10-06 16:44:59;28.14;82968.00;38.00;1002.00;184;176;4.96;3;54.31;22.14
2025-10-06 16:45:00;28.14;82886.00;38.00;1002.02;185;177;5.03;3;54.31;22.14
2025-10-06 16:45:01;28.14;82968.00;38.00;1002.00;185;177;5.03;3;54.31;22.14
2025-10-06 16:45:02;28.14;83132.00;38.00;1002.02;185;177;5.03;3;54.31;22.14
2025-10-06 16:45:03;28.13;83712.00;38.00;1002.00;185;177;5.03;3;54.32;22.13
2025-10-06 16:45:04;28.14;82968.00;38.00;1002.00;185;177;5.03;3;54.31;22.14
2025-10-06 16:45:05;28.13;82805.00;38.00;1002.00;185;177;5.03;3;54.32;22.13
2025-10-06 16:45:06;28.14;83629.00;38.00;1002.02;184;176;4.97;3;54.31;22.14
2025-10-06 16:45:07;28.13;83546.00;38.00;1002.02;184;176;4.97;3;54.32;22.13
2025-10-06 16:45:08;28.13;83795.00;38.00;1002.02;184;176;4.97;3;54.32;22.13
2025-10-06 16:45:09;28.13;84131.00;38.00;1002.02;184;177;4.98;3;54.32;22.13
2025-10-06 16:45:10;28.13;83463.00;38.00;1002.02;184;177;4.98;3;54.32;22.13
2025-10-06 16:45:11;28.13;84215.00;38.00;1002.00;184;177;4.98;3;54.32;22.13
2025-10-06 16:45:12;28.13;83380.00;38.00;1002.00;184;177;4.98;3;54.32;22.13
2025-10-06 16:45:13;28.13;83132.00;38.00;1002.02;184;177;4.98;3;54.32;22.13
2025-10-06 16:45:14;28.13;83215.00;38.00;1002.02;184;177;4.98;3;54.32;22.13
2025-10-06 16:45:15;28.12;82805.00;38.00;1002.00;186;178;5.09;3;54.32;22.12
2025-10-06 16:45:16;28.12;82723.00;38.00;1002.00;186;178;5.09;3;54.32;22.12
2025-10-06 16:45:17;28.13;82157.00;38.00;1002.00;186;178;5.09;3;54.32;22.13
2025-10-06 16:45:18;28.13;82238.00;38.00;1002.02;188;180;5.28;3;54.32;22.13
2025-10-06 16:45:19;28.13;81997.00;38.00;1002.02;188;180;5.28;3;54.32;22.13
2025-10-06 16:45:20;28.12;81678.00;38.00;1002.02;188;180;5.28;3;54.32;22.12
2025-10-06 16:45:21;28.13;81758.00;38.00;1002.00;190;182;5.38;3;54.32;22.13
2025-10-06 16:45:22;28.12;81917.00;38.00;1002.00;190;182;5.38;3;54.32;22.12
2025-10-06 16:45:23;28.12;81678.00;38.00;1002.02;190;182;5.38;3;54.32;22.12
2025-10-06 16:45:24;28.12;81362.00;38.00;1002.02;192;184;5.57;3;54.32;22.12
2025-10-06 16:45:25;28.13;80892.00;38.00;1002.04;192;184;5.57;3;54.32;22.13
2025-10-06 16:45:26;28.13;80892.00;38.00;1002.00;192;184;5.57;3;54.32;22.13
2025-10-06 16:45:27;28.12;81126.00;38.00;1002.00;194;186;5.75;3;54.32;22.12
2025-10-06 16:45:28;28.12;81283.00;38.00;1002.02;194;186;5.75;3;54.32;22.12
2025-10-06 16:45:29;28.12;81126.00;39.00;1002.02;194;186;5.75;3;55.75;22.12
2025-10-06 16:45:30;28.12;81362.00;39.00;1002.00;195;187;5.79;3;55.75;22.12
2025-10-06 16:45:31;28.13;80737.00;39.00;1002.02;195;187;5.79;3;55.75;22.13
2025-10-06 16:45:32;28.13;80582.00;39.00;1002.06;195;187;5.79;3;55.75;22.13
2025-10-06 16:45:33;28.13;80659.00;39.00;1002.02;197;188;5.94;3;55.75;22.13
2025-10-06 16:45:34;28.13;81048.00;39.00;1002.00;197;188;5.94;3;55.75;22.13
2025-10-06 16:45:35;28.13;81048.00;39.00;1002.02;197;188;5.94;3;55.75;22.13
2025-10-06 16:45:36;28.12;81362.00;39.00;1002.02;197;188;5.94;3;55.75;22.12
2025-10-06 16:45:37;28.13;80659.00;39.00;1002.02;196;188;5.91;3;55.75;22.13
2025-10-06 16:45:38;28.13;80970.00;39.00;1002.00;196;188;5.91;3;55.75;22.13
2025-10-06 16:45:39;28.13;81283.00;39.00;1002.02;196;188;5.91;3;55.75;22.13
2025-10-06 16:45:40;28.13;80197.00;39.00;1002.00;196;188;5.89;3;55.75;22.13
2025-10-06 16:45:41;28.12;81048.00;39.00;1002.02;196;188;5.89;3;55.75;22.12
2025-10-06 16:45:42;28.12;80892.00;39.00;1002.00;196;188;5.89;3;55.75;22.12
2025-10-06 16:45:43;28.13;80505.00;39.00;1002.02;197;188;5.94;3;55.75;22.13
2025-10-06 16:45:44;28.13;81283.00;39.00;1002.02;197;188;5.94;3;55.75;22.13
2025-10-06 16:45:45;28.13;80970.00;39.00;1002.00;197;188;5.94;3;55.75;22.13
2025-10-06 16:45:46;28.12;80970.00;39.00;1002.00;197;188;5.95;3;55.75;22.12
2025-10-06 16:45:47;28.13;81362.00;39.00;1002.00;197;188;5.95;3;55.75;22.13
2025-10-06 16:45:48;28.13;81283.00;39.00;1002.02;197;188;5.95;3;55.75;22.13
2025-10-06 16:45:49;28.13;80505.00;39.00;1002.02;196;188;5.90;3;55.75;22.13
2025-10-06 16:45:50;28.13;81126.00;39.00;1002.00;196;188;5.90;3;55.75;22.13
2025-10-06 16:45:51;28.13;81362.00;39.00;1002.02;196;188;5.90;3;55.75;22.13
2025-10-06 16:45:52;28.13;80970.00;39.00;1002.00;196;187;5.84;3;55.75;22.13
2025-10-06 16:45:53;28.13;81048.00;39.00;1002.00;196;187;5.84;3;55.75;22.13
2025-10-06 16:45:54;28.13;80814.00;39.00;1002.02;196;187;5.84;3;55.75;22.13
2025-10-06 16:45:55;28.13;81599.00;39.00;1002.02;196;188;5.89;3;55.75;22.13
2025-10-06 16:45:56;28.13;81048.00;39.00;1002.02;196;188;5.89;3;55.75;22.13
2025-10-06 16:45:57;28.14;81441.00;39.00;1002.02;196;188;5.89;3;55.74;22.14
2025-10-06 16:45:58;28.14;81520.00;39.00;1002.02;195;187;5.81;3;55.74;22.14
2025-10-06 16:45:59;28.14;81126.00;39.00;1002.02;195;187;5.81;3;55.74;22.14
2025-10-06 16:46:00;28.14;81678.00;39.00;1002.02;195;187;5.81;3;55.74;22.14
2025-10-06 16:46:01;28.14;81520.00;39.00;1002.02;194;186;5.71;3;55.74;22.14
2025-10-06 16:46:02;28.14;81917.00;39.00;1002.02;194;186;5.71;3;55.74;22.14
2025-10-06 16:46:03;28.14;81758.00;39.00;1002.00;194;186;5.71;3;55.74;22.14
2025-10-06 16:46:04;28.14;82399.00;39.00;1002.00;192;184;5.58;3;55.74;22.14
2025-10-06 16:46:05;28.15;81837.00;38.00;1002.00;192;184;5.58;3;54.31;22.15
2025-10-06 16:46:06;28.15;82157.00;38.00;1002.04;192;184;5.58;3;54.31;22.15
2025-10-06 16:46:07;28.15;82077.00;38.00;1002.00;192;184;5.55;3;54.31;22.15
2025-10-06 16:46:08;28.15;82561.00;38.00;1002.00;192;184;5.55;3;54.31;22.15
2025-10-06 16:46:09;28.15;81205.00;38.00;1002.00;192;184;5.55;3;54.31;22.15
2025-10-06 16:46:10;28.15;81997.00;38.00;1002.00;193;185;5.64;3;54.31;22.15
2025-10-06 16:46:11;28.15;81917.00;38.00;1002.00;193;185;5.64;3;54.31;22.15
2025-10-06 16:46:12;28.15;83050.00;38.00;1002.00;193;185;5.64;3;54.31;22.15
2025-10-06 16:46:13;28.15;81917.00;38.00;1002.04;194;185;5.68;3;54.31;22.15
2025-10-06 16:46:14;28.16;82399.00;38.00;1002.02;194;185;5.68;3;54.31;22.16
2025-10-06 16:46:15;28.16;81837.00;38.00;1002.02;194;185;5.68;3;54.31;22.16
2025-10-06 16:46:16;28.16;82318.00;38.00;1002.02;193;184;5.61;3;54.31;22.16
2025-10-06 16:46:17;28.16;81678.00;38.00;1002.02;193;184;5.61;3;54.31;22.16
2025-10-06 16:46:18;28.15;81758.00;38.00;1002.02;193;184;5.61;3;54.31;22.15
2025-10-06 16:46:19;28.15;82318.00;38.00;1002.04;193;184;5.60;3;54.31;22.15
2025-10-06 16:46:20;28.15;81997.00;38.00;1002.00;193;184;5.60;3;54.31;22.15
2025-10-06 16:46:21;28.16;81048.00;38.00;1002.00;193;184;5.60;3;54.31;22.16
2025-10-06 16:46:22;28.16;82238.00;38.00;1002.00;194;186;5.72;3;54.31;22.16
2025-10-06 16:46:23;28.16;81599.00;38.00;1002.02;194;186;5.72;3;54.31;22.16
2025-10-06 16:46:24;28.16;81997.00;38.00;1002.02;194;186;5.72;3;54.31;22.16
2025-10-06 16:46:25;28.16;81758.00;38.00;1002.02;194;186;5.71;3;54.31;22.16
2025-10-06 16:46:26;28.17;81917.00;38.00;1002.00;194;186;5.71;3;54.31;22.17
2025-10-06 16:46:27;28.17;82318.00;38.00;1002.02;194;186;5.71;3;54.31;22.17
2025-10-06 16:46:28;28.17;82723.00;38.00;1002.00;193;185;5.62;3;54.31;22.17
2025-10-06 16:46:29;28.17;81997.00;38.00;1002.00;193;185;5.62;3;54.31;22.17
2025-10-06 16:46:30;28.16;82157.00;38.00;1002.02;193;185;5.62;3;54.31;22.16
2025-10-06 16:46:31;28.16;82238.00;38.00;1002.02;192;184;5.56;3;54.31;22.16
2025-10-06 16:46:32;28.17;82157.00;38.00;1002.02;192;184;5.56;3;54.31;22.17
2025-10-06 16:46:33;28.17;82077.00;38.00;1002.04;192;184;5.56;3;54.31;22.17
2025-10-06 16:46:34;28.17;82886.00;38.00;1002.00;192;184;5.53;3;54.31;22.17
2025-10-06 16:46:35;28.17;82318.00;38.00;1002.02;192;184;5.53;3;54.31;22.17
2025-10-06 16:46:36;28.17;82399.00;38.00;1002.02;192;184;5.53;3;54.31;22.17
2025-10-06 16:46:37;28.17;82805.00;38.00;1002.02;191;183;5.45;3;54.31;22.17
2025-10-06 16:46:38;28.17;82077.00;38.00;1002.02;191;183;5.45;3;54.31;22.17
2025-10-06 16:46:39;28.18;82077.00;38.00;1002.02;191;183;5.45;3;54.31;22.18
2025-10-06 16:46:40;28.17;82238.00;38.00;1002.02;191;183;5.45;3;54.31;22.17
2025-10-06 16:46:41;28.18;82238.00;38.00;1002.02;191;183;5.45;3;54.31;22.18
2025-10-06 16:46:42;28.18;82480.00;38.00;1002.02;191;183;5.45;3;54.31;22.18
2025-10-06 16:46:43;28.18;82157.00;38.00;1002.02;189;181;5.32;3;54.31;22.18
2025-10-06 16:46:44;28.18;82238.00;38.00;1002.00;189;181;5.32;3;54.31;22.18
2025-10-06 16:46:45;28.18;82561.00;38.00;1002.00;189;181;5.32;3;54.31;22.18
2025-10-06 16:46:46;28.18;82480.00;38.00;1002.00;189;181;5.30;3;54.31;22.18
2025-10-06 16:46:47;28.19;82886.00;38.00;1002.00;189;181;5.30;3;54.31;22.19
2025-10-06 16:46:48;28.18;82805.00;38.00;1002.02;189;181;5.30;3;54.31;22.18
2025-10-06 16:46:49;28.18;82480.00;38.00;1002.00;189;181;5.29;3;54.31;22.18
2025-10-06 16:46:50;28.19;82238.00;38.00;1002.02;189;181;5.29;3;54.31;22.19
2025-10-06 16:46:51;28.19;82723.00;38.00;1002.00;189;181;5.29;3;54.31;22.19
2025-10-06 16:46:52;28.19;82318.00;38.00;1002.02;188;180;5.21;3;54.31;22.19
2025-10-06 16:46:53;28.19;83132.00;38.00;1002.00;188;180;5.21;3;54.31;22.19
2025-10-06 16:46:54;28.19;82805.00;38.00;1002.00;188;180;5.21;3;54.31;22.19
2025-10-06 16:46:55;28.19;82968.00;38.00;1002.04;187;179;5.16;3;54.31;22.19
2025-10-06 16:46:56;28.19;81997.00;38.00;1002.04;187;179;5.16;3;54.31;22.19
2025-10-06 16:46:57;28.20;82157.00;38.00;1002.04;187;179;5.16;3;54.31;22.20
2025-10-06 16:46:58;28.20;82723.00;38.00;1002.02;187;179;5.15;3;54.31;22.20
2025-10-06 16:46:59;28.20;82723.00;38.00;1002.02;187;179;5.15;3;54.31;22.20
2025-10-06 16:47:00;28.19;82723.00;38.00;1002.04;187;179;5.15;3;54.31;22.19
2025-10-06 16:47:01;28.19;82399.00;38.00;1002.00;187;179;5.16;3;54.31;22.19
2025-10-06 16:47:02;28.20;82723.00;38.00;1002.04;187;179;5.16;3;54.31;22.20
2025-10-06 16:47:03;28.20;82480.00;38.00;1002.02;187;179;5.16;3;54.31;22.20
2025-10-06 16:47:04;28.20;82886.00;38.00;1002.02;188;179;5.20;3;54.31;22.20
2025-10-06 16:47:05;28.20;82886.00;38.00;1002.04;188;179;5.20;3;54.31;22.20
2025-10-06 16:47:06;28.20;82968.00;38.00;1002.02;188;179;5.20;3;54.31;22.20
2025-10-06 16:47:07;28.19;83050.00;38.00;1002.02;188;180;5.23;3;54.31;22.19
2025-10-06 16:47:08;28.20;82723.00;38.00;1002.02;188;180;5.23;3;54.31;22.20
2025-10-06 16:47:09;28.20;83215.00;38.00;1002.02;188;180;5.23;3;54.31;22.20
2025-10-06 16:47:10;28.20;82723.00;38.00;1002.02;187;179;5.17;3;54.31;22.20
2025-10-06 16:47:11;28.20;82805.00;38.00;1002.02;187;179;5.17;3;54.31;22.20
2025-10-06 16:47:12;28.20;82886.00;38.00;1002.02;187;179;5.17;3;54.31;22.20
2025-10-06 16:47:13;28.21;83132.00;38.00;1002.02;187;179;5.19;3;54.30;22.21
2025-10-06 16:47:14;28.20;82968.00;38.00;1002.02;187;179;5.19;3;54.31;22.20
2025-10-06 16:47:15;28.20;82723.00;38.00;1002.02;187;179;5.19;3;54.31;22.20
2025-10-06 16:47:16;28.20;82886.00;38.00;1002.02;188;179;5.19;3;54.31;22.20
2025-10-06 16:47:17;28.21;82886.00;38.00;1002.04;188;179;5.19;3;54.30;22.21
2025-10-06 16:47:18;28.21;82723.00;38.00;1002.02;188;179;5.19;3;54.30;22.21
2025-10-06 16:47:19;28.21;82561.00;38.00;1002.00;188;179;5.20;3;54.30;22.21
2025-10-06 16:47:20;28.21;83050.00;38.00;1002.02;188;179;5.20;3;54.30;22.21
2025-10-06 16:47:21;28.21;82561.00;38.00;1002.02;188;179;5.20;3;54.30;22.21
2025-10-06 16:47:22;28.21;82561.00;38.00;1002.04;188;180;5.23;3;54.30;22.21
2025-10-06 16:47:23;28.21;82642.00;38.00;1002.04;188;180;5.23;3;54.30;22.21
2025-10-06 16:47:24;28.22;82480.00;38.00;1002.02;188;180;5.23;3;54.30;22.22
2025-10-06 16:47:25;28.21;82561.00;38.00;1002.00;188;180;5.25;3;54.30;22.21
2025-10-06 16:47:26;28.21;82886.00;38.00;1002.02;188;180;5.25;3;54.30;22.21
2025-10-06 16:47:27;28.22;82561.00;38.00;1002.02;188;180;5.25;3;54.30;22.22
2025-10-06 16:47:28;28.22;82480.00;38.00;1002.02;188;180;5.25;3;54.30;22.22
2025-10-06 16:47:29;28.22;82886.00;38.00;1002.02;188;180;5.25;3;54.30;22.22
2025-10-06 16:47:30;28.22;83297.00;38.00;1002.02;188;180;5.25;3;54.30;22.22
2025-10-06 16:47:31;28.22;82642.00;38.00;1002.00;188;180;5.24;3;54.30;22.22
2025-10-06 16:47:32;28.22;82642.00;38.00;1002.00;188;180;5.24;3;54.30;22.22
2025-10-06 16:47:33;28.23;83795.00;38.00;1002.02;188;180;5.24;3;54.30;22.23
2025-10-06 16:47:34;28.23;82886.00;38.00;1002.00;188;180;5.21;3;54.30;22.23
2025-10-06 16:47:35;28.22;83132.00;38.00;1002.00;188;180;5.21;3;54.30;22.22
2025-10-06 16:47:36;28.23;82805.00;38.00;1002.00;188;180;5.21;3;54.30;22.23
2025-10-06 16:47:37;28.23;83132.00;38.00;1002.00;187;179;5.15;3;54.30;22.23
2025-10-06 16:47:38;28.23;82968.00;38.00;1002.00;187;179;5.15;3;54.30;22.23
2025-10-06 16:47:39;28.23;83380.00;38.00;1002.00;187;179;5.15;3;54.30;22.23
2025-10-06 16:47:40;28.23;83050.00;38.00;1002.02;187;179;5.16;3;54.30;22.23
2025-10-06 16:47:41;28.23;82723.00;38.00;1001.98;187;179;5.16;3;54.30;22.23
2025-10-06 16:47:42;28.24;82480.00;38.00;1002.02;187;179;5.16;3;54.30;22.24
2025-10-06 16:47:43;28.23;82805.00;38.00;1002.02;188;180;5.21;3;54.30;22.23
2025-10-06 16:47:44;28.24;82399.00;38.00;1002.00;188;180;5.21;3;54.30;22.24
2025-10-06 16:47:45;28.24;82642.00;38.00;1002.00;188;180;5.21;3;54.30;22.24
2025-10-06 16:47:46;28.24;82077.00;38.00;1002.00;189;181;5.31;3;54.30;22.24
2025-10-06 16:47:47;28.24;81917.00;38.00;1002.00;189;181;5.31;3;54.30;22.24
2025-10-06 16:47:48;28.24;82805.00;38.00;1002.00;189;181;5.31;3;54.30;22.24
2025-10-06 16:47:49;28.24;82561.00;38.00;1002.00;189;181;5.31;3;54.30;22.24
2025-10-06 16:47:50;28.24;82642.00;38.00;1002.00;189;181;5.31;3;54.30;22.24
2025-10-06 16:47:51;28.25;82399.00;38.00;1002.06;189;181;5.31;3;54.30;22.25
2025-10-06 16:47:52;28.25;82399.00;38.00;1002.00;189;181;5.33;3;54.30;22.25
2025-10-06 16:47:53;28.25;82723.00;38.00;1002.04;189;181;5.33;3;54.30;22.25
2025-10-06 16:47:54;28.25;82077.00;38.00;1002.06;189;181;5.33;3;54.30;22.25
2025-10-06 16:47:55;28.25;82805.00;38.00;1002.04;189;180;5.28;3;54.30;22.25
2025-10-06 16:47:56;28.25;82805.00;38.00;1002.04;189;180;5.28;3;54.30;22.25
2025-10-06 16:47:57;28.26;82399.00;38.00;1002.04;189;180;5.28;3;54.30;22.26
2025-10-06 16:47:58;28.25;82723.00;38.00;1002.04;189;180;5.28;3;54.30;22.25
2025-10-06 16:47:59;28.25;81997.00;38.00;1002.02;188;180;5.26;3;54.30;22.25
2025-10-06 16:48:00;28.26;82805.00;38.00;1002.02;188;180;5.26;3;54.30;22.26
2025-10-06 16:48:01;28.26;82723.00;38.00;1002.04;188;180;5.26;3;54.30;22.26
2025-10-06 16:48:02;28.25;82561.00;38.00;1002.04;188;180;5.24;3;54.30;22.25
2025-10-06 16:48:03;28.26;82642.00;38.00;1002.02;188;180;5.24;3;54.30;22.26
2025-10-06 16:48:04;28.26;82723.00;38.00;1002.02;188;180;5.24;3;54.30;22.26
2025-10-06 16:48:05;28.27;82723.00;38.00;1002.02;188;180;5.23;3;54.30;22.27
2025-10-06 16:48:06;28.26;82399.00;38.00;1002.02;188;180;5.23;3;54.30;22.26
2025-10-06 16:48:07;28.26;82805.00;38.00;1002.02;188;180;5.23;3;54.30;22.26
2025-10-06 16:48:08;28.27;82561.00;38.00;1002.02;188;180;5.21;3;54.30;22.27
2025-10-06 16:48:09;28.26;82318.00;38.00;1002.00;188;180;5.21;3;54.30;22.26
2025-10-06 16:48:10;28.27;81917.00;38.00;1002.02;188;180;5.21;3;54.30;22.27
2025-10-06 16:48:11;28.27;82480.00;38.00;1002.04;189;181;5.33;3;54.30;22.27
2025-10-06 16:48:12;28.27;82399.00;38.00;1002.04;189;181;5.33;3;54.30;22.27
2025-10-06 16:48:13;28.27;83380.00;38.00;1002.04;189;181;5.33;3;54.30;22.27
2025-10-06 16:48:14;28.26;82318.00;38.00;1002.04;188;179;5.19;3;54.30;22.26
2025-10-06 16:48:15;28.27;82480.00;38.00;1002.04;188;179;5.19;3;54.30;22.27
2025-10-06 16:48:16;28.28;82399.00;38.00;1002.04;188;179;5.19;3;54.29;22.28
2025-10-06 16:48:17;28.28;82480.00;38.00;1002.04;188;180;5.24;3;54.29;22.28
2025-10-06 16:48:18;28.27;82723.00;38.00;1002.02;188;180;5.24;3;54.30;22.27
2025-10-06 16:48:19;28.28;83050.00;38.00;1002.04;188;180;5.24;3;54.29;22.28
2025-10-06 16:48:20;28.28;82886.00;38.00;1002.02;187;179;5.17;3;54.29;22.28
2025-10-06 16:48:21;28.28;82723.00;38.00;1002.02;187;179;5.17;3;54.29;22.28
2025-10-06 16:48:22;28.28;83297.00;38.00;1002.04;187;179;5.17;3;54.29;22.28
2025-10-06 16:48:23;28.28;82399.00;38.00;1002.02;186;178;5.09;3;54.29;22.28
2025-10-06 16:48:24;28.28;82805.00;38.00;1002.02;186;178;5.09;3;54.29;22.28
2025-10-06 16:48:25;28.29;82561.00;38.00;1002.02;186;178;5.09;3;54.29;22.29
2025-10-06 16:48:26;28.28;82399.00;38.00;1002.02;187;179;5.15;3;54.29;22.28
2025-10-06 16:48:27;28.29;82480.00;38.00;1002.06;187;179;5.15;3;54.29;22.29
2025-10-06 16:48:28;28.29;83132.00;38.00;1002.04;187;179;5.15;3;54.29;22.29
2025-10-06 16:48:29;28.29;83215.00;38.00;1002.02;187;179;5.14;3;54.29;22.29
2025-10-06 16:48:30;28.29;82399.00;38.00;1002.06;187;179;5.14;3;54.29;22.29
2025-10-06 16:48:31;28.29;82723.00;38.00;1002.04;187;179;5.14;3;54.29;22.29
2025-10-06 16:48:32;28.30;82238.00;38.00;1002.04;187;179;5.15;3;54.29;22.30
2025-10-06 16:48:33;28.30;82805.00;38.00;1002.04;187;179;5.15;3;54.29;22.30
2025-10-06 16:48:34;28.29;82399.00;38.00;1002.04;187;179;5.15;3;54.29;22.29
2025-10-06 16:48:35;28.30;82561.00;38.00;1002.04;187;179;5.16;3;54.29;22.30
2025-10-06 16:48:36;28.30;82886.00;38.00;1002.04;187;179;5.16;3;54.29;22.30
2025-10-06 16:48:37;28.30;81997.00;38.00;1002.04;187;179;5.16;3;54.29;22.30
2025-10-06 16:48:38;28.29;82480.00;38.00;1002.04;189;180;5.27;3;54.29;22.29
2025-10-06 16:48:39;28.29;82723.00;38.00;1002.04;189;180;5.27;3;54.29;22.29
2025-10-06 16:48:40;28.30;81758.00;38.00;1002.04;189;180;5.27;3;54.29;22.30
2025-10-06 16:48:41;28.30;82480.00;38.00;1002.04;189;180;5.26;3;54.29;22.30
2025-10-06 16:48:42;28.30;82480.00;38.00;1002.04;189;180;5.26;3;54.29;22.30
2025-10-06 16:48:43;28.31;82318.00;38.00;1002.02;189;180;5.26;3;54.29;22.31
2025-10-06 16:48:44;28.31;82399.00;38.00;1002.06;189;181;5.29;3;54.29;22.31
2025-10-06 16:48:45;28.31;82642.00;38.00;1002.04;189;181;5.29;3;54.29;22.31
2025-10-06 16:48:46;28.31;82968.00;38.00;1002.04;189;181;5.29;3;54.29;22.31
2025-10-06 16:48:47;28.31;82238.00;38.00;1002.04;190;181;5.34;3;54.29;22.31
2025-10-06 16:48:48;28.31;82157.00;38.00;1002.04;190;181;5.34;3;54.29;22.31
2025-10-06 16:48:49;28.32;82238.00;38.00;1002.04;190;181;5.34;3;54.29;22.32
2025-10-06 16:48:50;28.30;82077.00;38.00;1002.04;190;181;5.35;3;54.29;22.30
2025-10-06 16:48:51;28.31;82723.00;38.00;1002.04;190;181;5.35;3;54.29;22.31
2025-10-06 16:48:52;28.32;82886.00;38.00;1002.04;190;181;5.35;3;54.29;22.32
2025-10-06 16:48:53;28.32;82399.00;38.00;1002.04;190;181;5.34;3;54.29;22.32
2025-10-06 16:48:54;28.32;82968.00;38.00;1002.02;190;181;5.34;3;54.29;22.32
2025-10-06 16:48:55;28.32;82968.00;38.00;1002.02;190;181;5.34;3;54.29;22.32
2025-10-06 16:48:56;28.33;82318.00;38.00;1002.04;188;180;5.24;3;54.29;22.33
2025-10-06 16:48:57;28.32;82642.00;38.00;1002.02;188;180;5.24;3;54.29;22.32
2025-10-06 16:48:58;28.32;82642.00;38.00;1002.04;188;180;5.24;3;54.29;22.32
2025-10-06 16:48:59;28.32;82157.00;38.00;1002.04;189;180;5.28;3;54.29;22.32
2025-10-06 16:49:00;28.33;82318.00;38.00;1002.02;189;180;5.28;3;54.29;22.33
2025-10-06 16:49:01;28.33;82805.00;38.00;1002.02;189;180;5.28;3;54.29;22.33
2025-10-06 16:49:02;28.32;82805.00;38.00;1002.02;188;180;5.22;3;54.29;22.32
2025-10-06 16:49:03;28.33;82968.00;38.00;1002.02;188;180;5.22;3;54.29;22.33
2025-10-06 16:49:04;28.33;82480.00;38.00;1002.04;188;180;5.22;3;54.29;22.33
2025-10-06 16:49:05;28.33;82480.00;38.00;1002.06;188;179;5.19;3;54.29;22.33
2025-10-06 16:49:06;28.33;82318.00;38.00;1002.02;188;179;5.19;3;54.29;22.33
2025-10-06 16:49:07;28.33;82238.00;38.00;1002.04;188;179;5.19;3;54.29;22.33
2025-10-06 16:49:08;28.33;81917.00;38.00;1002.04;187;179;5.16;3;54.29;22.33
2025-10-06 16:49:09;28.33;82077.00;38.00;1002.04;187;179;5.16;3;54.29;22.33
2025-10-06 16:49:10;28.33;81997.00;38.00;1002.04;187;179;5.16;3;54.29;22.33
2025-10-06 16:49:11;28.34;82238.00;38.00;1002.04;188;180;5.21;3;54.29;22.34
2025-10-06 16:49:12;28.34;81997.00;38.00;1002.04;188;180;5.21;3;54.29;22.34
2025-10-06 16:49:13;28.34;82561.00;38.00;1002.04;188;180;5.21;3;54.29;22.34
2025-10-06 16:49:14;28.33;82723.00;38.00;1002.04;188;180;5.20;3;54.29;22.33
2025-10-06 16:49:15;28.35;82238.00;38.00;1002.02;188;180;5.20;3;54.28;22.35
2025-10-06 16:49:16;28.34;82238.00;38.00;1002.02;188;180;5.20;3;54.29;22.34
2025-10-06 16:49:17;28.34;81917.00;38.00;1002.02;189;180;5.27;3;54.29;22.34
2025-10-06 16:49:18;28.34;83050.00;38.00;1002.02;189;180;5.27;3;54.29;22.34
2025-10-06 16:49:19;28.34;82238.00;38.00;1002.02;189;180;5.27;3;54.29;22.34
2025-10-06 16:49:20;28.35;82318.00;38.00;1002.02;189;181;5.32;3;54.28;22.35
2025-10-06 16:49:21;28.34;82157.00;38.00;1002.02;189;181;5.32;3;54.29;22.34
2025-10-06 16:49:22;28.34;82238.00;38.00;1002.02;189;181;5.32;3;54.29;22.34
2025-10-06 16:49:23;28.35;82157.00;38.00;1002.04;189;180;5.25;3;54.28;22.35
2025-10-06 16:49:24;28.35;82238.00;38.00;1002.04;189;180;5.25;3;54.28;22.35
2025-10-06 16:49:25;28.34;82723.00;38.00;1002.02;189;180;5.25;3;54.29;22.34
2025-10-06 16:49:26;28.35;82886.00;38.00;1002.06;189;180;5.27;3;54.28;22.35
2025-10-06 16:49:27;28.35;82723.00;38.00;1002.02;189;180;5.27;3;54.28;22.35
2025-10-06 16:49:28;28.35;82480.00;38.00;1002.04;189;180;5.27;3;54.28;22.35
2025-10-06 16:49:29;28.35;82399.00;38.00;1002.04;189;181;5.29;3;54.28;22.35
2025-10-06 16:49:30;28.35;82238.00;38.00;1002.04;189;181;5.29;3;54.28;22.35
2025-10-06 16:49:31;28.35;82318.00;38.00;1002.04;189;181;5.29;3;54.28;22.35
2025-10-06 16:49:32;28.35;82399.00;38.00;1002.04;190;181;5.32;3;54.28;22.35
2025-10-06 16:49:33;28.35;82157.00;38.00;1002.04;190;181;5.32;3;54.28;22.35
2025-10-06 16:49:34;28.35;81917.00;38.00;1002.04;190;181;5.32;3;54.28;22.35
2025-10-06 16:49:35;28.35;82318.00;38.00;1002.02;190;181;5.32;3;54.28;22.35
2025-10-06 16:49:36;28.36;81837.00;38.00;1002.02;190;181;5.32;3;54.28;22.36
2025-10-06 16:49:37;28.36;82238.00;38.00;1002.02;190;181;5.32;3;54.28;22.36
2025-10-06 16:49:38;28.36;82480.00;38.00;1002.02;190;182;5.37;3;54.28;22.36
2025-10-06 16:49:39;28.36;82238.00;38.00;1002.02;190;182;5.37;3;54.28;22.36
2025-10-06 16:49:40;28.36;82077.00;38.00;1002.02;190;182;5.37;3;54.28;22.36
2025-10-06 16:49:41;28.37;81997.00;38.00;1002.02;190;181;5.35;3;54.28;22.37
2025-10-06 16:49:42;28.37;82318.00;38.00;1002.02;190;181;5.35;3;54.28;22.37
2025-10-06 16:49:43;28.36;81997.00;38.00;1002.02;190;181;5.35;3;54.28;22.36
2025-10-06 16:49:44;28.36;82157.00;38.00;1002.02;189;181;5.31;3;54.28;22.36
2025-10-06 16:49:45;28.36;81997.00;38.00;1002.02;189;181;5.31;3;54.28;22.36
2025-10-06 16:49:46;28.36;82077.00;38.00;1002.02;189;181;5.31;3;54.28;22.36
2025-10-06 16:49:47;28.37;82318.00;38.00;1002.02;189;181;5.30;3;54.28;22.37
2025-10-06 16:49:48;28.37;81599.00;38.00;1002.00;189;181;5.30;3;54.28;22.37
2025-10-06 16:49:49;28.37;82077.00;38.00;1002.04;189;181;5.30;3;54.28;22.37
2025-10-06 16:49:50;28.37;82561.00;38.00;1002.00;189;181;5.31;3;54.28;22.37
2025-10-06 16:49:51;28.37;82723.00;38.00;1002.04;189;181;5.31;3;54.28;22.37
2025-10-06 16:49:52;28.37;82642.00;38.00;1002.00;189;181;5.31;3;54.28;22.37
2025-10-06 16:49:53;28.37;81758.00;38.00;1002.00;190;181;5.34;3;54.28;22.37
2025-10-06 16:49:54;28.37;82480.00;38.00;1002.02;190;181;5.34;3;54.28;22.37
2025-10-06 16:49:55;28.37;82480.00;38.00;1002.02;190;181;5.34;3;54.28;22.37
2025-10-06 16:49:56;28.37;82318.00;38.00;1002.04;189;181;5.31;3;54.28;22.37
2025-10-06 16:49:57;28.37;82318.00;38.00;1002.04;189;181;5.31;3;54.28;22.37
2025-10-06 16:49:58;28.37;81837.00;38.00;1002.02;189;181;5.31;3;54.28;22.37
2025-10-06 16:49:59;28.37;82561.00;38.00;1002.02;189;180;5.25;3;54.28;22.37
2025-10-06 16:50:00;28.38;82318.00;38.00;1002.04;189;180;5.25;3;54.28;22.38
2025-10-06 16:50:01;28.38;82561.00;38.00;1002.02;189;180;5.25;3;54.28;22.38
2025-10-06 16:50:02;28.38;82561.00;38.00;1002.02;188;179;5.20;3;54.28;22.38
2025-10-06 16:50:03;28.38;82077.00;38.00;1002.04;188;179;5.20;3;54.28;22.38
2025-10-06 16:50:04;28.38;81917.00;38.00;1002.02;188;179;5.20;3;54.28;22.38
2025-10-06 16:50:05;28.38;82157.00;38.00;1002.02;189;181;5.28;3;54.28;22.38
2025-10-06 16:50:06;28.38;81837.00;38.00;1002.02;189;181;5.28;3;54.28;22.38
2025-10-06 16:50:07;28.38;81917.00;38.00;1002.02;189;181;5.28;3;54.28;22.38
2025-10-06 16:50:08;28.38;81758.00;38.00;1002.02;188;180;5.23;3;54.28;22.38
2025-10-06 16:50:09;28.39;82157.00;38.00;1002.02;188;180;5.23;3;54.28;22.39
2025-10-06 16:50:10;28.38;82480.00;38.00;1002.02;188;180;5.23;3;54.28;22.38
2025-10-06 16:50:11;28.38;82399.00;38.00;1002.02;188;180;5.22;3;54.28;22.38
2025-10-06 16:50:12;28.38;81758.00;38.00;1002.00;188;180;5.22;3;54.28;22.38
2025-10-06 16:50:13;28.39;82077.00;38.00;1002.02;188;180;5.22;3;54.28;22.39
2025-10-06 16:50:14;28.39;81837.00;38.00;1002.00;189;181;5.29;3;54.28;22.39
2025-10-06 16:50:15;28.38;81283.00;38.00;1002.02;189;181;5.29;3;54.28;22.38
2025-10-06 16:50:16;28.39;82805.00;38.00;1002.04;189;181;5.29;3;54.28;22.39
2025-10-06 16:50:17;28.39;81599.00;38.00;1002.00;190;182;5.38;3;54.28;22.39
2025-10-06 16:50:18;28.39;82399.00;38.00;1002.04;190;182;5.38;3;54.28;22.39
2025-10-06 16:50:19;28.39;82399.00;38.00;1002.02;190;182;5.38;3;54.28;22.39
2025-10-06 16:50:20;28.39;81997.00;38.00;1002.04;190;182;5.38;3;54.28;22.39
2025-10-06 16:50:21;28.39;82399.00;38.00;1002.04;190;182;5.38;3;54.28;22.39
2025-10-06 16:50:22;28.39;81917.00;38.00;1002.04;190;182;5.38;3;54.28;22.39
2025-10-06 16:50:23;28.39;82077.00;38.00;1002.04;190;182;5.38;3;54.28;22.39
2025-10-06 16:50:24;28.40;81758.00;38.00;1002.04;190;182;5.36;3;54.28;22.40
2025-10-06 16:50:25;28.39;81758.00;38.00;1002.04;190;182;5.36;3;54.28;22.39
2025-10-06 16:50:26;28.40;82238.00;38.00;1002.04;190;182;5.36;3;54.28;22.40
2025-10-06 16:50:27;28.40;81205.00;38.00;1002.02;190;181;5.32;3;54.28;22.40
2025-10-06 16:50:28;28.40;81837.00;38.00;1002.02;190;181;5.32;3;54.28;22.40
2025-10-06 16:50:29;28.40;81599.00;38.00;1002.02;190;181;5.32;3;54.28;22.40
2025-10-06 16:50:30;28.41;82561.00;38.00;1002.02;191;182;5.40;3;54.28;22.41
2025-10-06 16:50:31;28.41;82399.00;38.00;1002.02;191;182;5.40;3;54.28;22.41
2025-10-06 16:50:32;28.41;81837.00;38.00;1002.02;191;182;5.40;3;54.28;22.41
2025-10-06 16:50:33;28.40;82077.00;38.00;1002.06;191;182;5.41;3;54.28;22.40
2025-10-06 16:50:34;28.41;81599.00;38.00;1002.06;191;182;5.41;3;54.28;22.41
2025-10-06 16:50:35;28.40;82157.00;38.00;1002.02;191;182;5.41;3;54.28;22.40
2025-10-06 16:50:36;28.41;81678.00;38.00;1002.04;190;182;5.36;3;54.28;22.41
2025-10-06 16:50:37;28.41;81837.00;38.00;1002.04;190;182;5.36;3;54.28;22.41
2025-10-06 16:50:38;28.41;81678.00;38.00;1002.04;190;182;5.36;3;54.28;22.41
2025-10-06 16:50:39;28.40;82238.00;38.00;1002.04;191;182;5.41;3;54.28;22.40
2025-10-06 16:50:40;28.41;81678.00;38.00;1002.04;191;182;5.41;3;54.28;22.41
2025-10-06 16:50:41;28.41;81997.00;38.00;1002.04;191;182;5.41;3;54.28;22.41
2025-10-06 16:50:42;28.41;81599.00;38.00;1002.04;190;182;5.39;3;54.28;22.41
2025-10-06 16:50:43;28.42;81441.00;38.00;1002.02;190;182;5.39;3;54.27;22.42
2025-10-06 16:50:44;28.41;81520.00;38.00;1002.02;190;182;5.39;3;54.28;22.41
2025-10-06 16:50:45;28.41;81441.00;38.00;1002.02;191;183;5.44;3;54.28;22.41
2025-10-06 16:50:46;28.42;82238.00;38.00;1002.04;191;183;5.44;3;54.27;22.42
2025-10-06 16:50:47;28.41;81283.00;38.00;1002.02;191;183;5.44;3;54.28;22.41
2025-10-06 16:50:48;28.42;81520.00;38.00;1002.04;192;183;5.52;3;54.27;22.42
2025-10-06 16:50:49;28.42;82318.00;38.00;1002.02;192;183;5.52;3;54.27;22.42
2025-10-06 16:50:50;28.42;81917.00;38.00;1002.04;192;183;5.52;3;54.27;22.42
2025-10-06 16:50:51;28.41;81917.00;38.00;1002.02;192;183;5.47;3;54.28;22.41
2025-10-06 16:50:52;28.42;81837.00;38.00;1002.02;192;183;5.47;3;54.27;22.42
2025-10-06 16:50:53;28.42;81520.00;38.00;1002.02;192;183;5.47;3;54.27;22.42
2025-10-06 16:50:54;28.43;81441.00;38.00;1002.02;192;183;5.47;3;54.27;22.43
2025-10-06 16:50:55;28.43;82480.00;38.00;1002.02;192;183;5.47;3;54.27;22.43
2025-10-06 16:50:56;28.42;81678.00;38.00;1002.02;192;183;5.47;3;54.27;22.42
2025-10-06 16:50:57;28.42;81678.00;38.00;1002.06;192;183;5.48;3;54.27;22.42
2025-10-06 16:50:58;28.43;81997.00;38.00;1002.04;192;183;5.48;3;54.27;22.43
2025-10-06 16:50:59;28.43;81520.00;38.00;1002.04;192;183;5.48;3;54.27;22.43
2025-10-06 16:51:00;28.43;81362.00;38.00;1002.02;191;182;5.44;3;54.27;22.43
2025-10-06 16:51:01;28.43;81758.00;38.00;1002.04;191;182;5.44;3;54.27;22.43
2025-10-06 16:51:02;28.43;81048.00;38.00;1002.02;191;182;5.44;3;54.27;22.43
2025-10-06 16:51:03;28.43;81678.00;38.00;1002.06;192;183;5.51;3;54.27;22.43
2025-10-06 16:51:04;28.43;81917.00;38.00;1002.04;192;183;5.51;3;54.27;22.43
2025-10-06 16:51:05;28.43;81126.00;38.00;1002.02;192;183;5.51;3;54.27;22.43
2025-10-06 16:51:06;28.43;82318.00;38.00;1002.04;193;184;5.54;3;54.27;22.43
2025-10-06 16:51:07;28.43;81758.00;38.00;1002.04;193;184;5.54;3;54.27;22.43
2025-10-06 16:51:08;28.44;81837.00;38.00;1002.04;193;184;5.54;3;54.27;22.44
2025-10-06 16:51:09;28.43;81441.00;38.00;1002.04;192;183;5.49;3;54.27;22.43
2025-10-06 16:51:10;28.44;81520.00;38.00;1002.02;192;183;5.49;3;54.27;22.44
2025-10-06 16:51:11;28.44;81126.00;38.00;1002.04;192;183;5.49;3;54.27;22.44
2025-10-06 16:51:12;28.44;81678.00;38.00;1002.02;192;183;5.49;3;54.27;22.44
2025-10-06 16:51:13;28.44;81917.00;38.00;1002.04;192;183;5.49;3;54.27;22.44
2025-10-06 16:51:14;28.44;81205.00;38.00;1002.02;192;183;5.49;3;54.27;22.44
2025-10-06 16:51:15;28.44;82077.00;38.00;1002.02;193;184;5.58;3;54.27;22.44
2025-10-06 16:51:16;28.44;81362.00;38.00;1002.02;193;184;5.58;3;54.27;22.44
2025-10-06 16:51:17;28.44;81048.00;38.00;1002.02;193;184;5.58;3;54.27;22.44
2025-10-06 16:51:18;28.44;81997.00;38.00;1002.02;193;184;5.57;3;54.27;22.44
2025-10-06 16:51:19;28.44;81441.00;38.00;1002.02;193;184;5.57;3;54.27;22.44
2025-10-06 16:51:20;28.44;80892.00;38.00;1002.02;193;184;5.57;3;54.27;22.44
2025-10-06 16:51:21;28.44;81599.00;38.00;1002.02;194;185;5.66;3;54.27;22.44
2025-10-06 16:51:22;28.44;81048.00;38.00;1002.04;194;185;5.66;3;54.27;22.44
2025-10-06 16:51:23;28.45;81758.00;38.00;1002.02;194;185;5.66;3;54.27;22.45
2025-10-06 16:51:24;28.45;82077.00;38.00;1002.02;194;185;5.65;3;54.27;22.45
2025-10-06 16:51:25;28.45;81678.00;38.00;1002.02;194;185;5.65;3;54.27;22.45
2025-10-06 16:51:26;28.45;80970.00;38.00;1002.02;194;185;5.65;3;54.27;22.45
2025-10-06 16:51:27;28.45;81048.00;38.00;1002.02;194;185;5.65;3;54.27;22.45
2025-10-06 16:51:28;28.45;81520.00;38.00;1002.02;194;185;5.65;3;54.27;22.45
2025-10-06 16:51:29;28.45;81997.00;38.00;1002.02;194;185;5.65;3;54.27;22.45
2025-10-06 16:51:30;28.45;81048.00;38.00;1002.06;194;185;5.64;3;54.27;22.45
2025-10-06 16:51:31;28.45;81126.00;38.00;1002.06;194;185;5.64;3;54.27;22.45
2025-10-06 16:51:32;28.45;81362.00;38.00;1002.06;194;185;5.64;3;54.27;22.45
2025-10-06 16:51:33;28.45;81837.00;38.00;1002.02;193;184;5.57;3;54.27;22.45
2025-10-06 16:51:34;28.45;81758.00;38.00;1002.04;193;184;5.57;3;54.27;22.45
2025-10-06 16:51:35;28.45;80814.00;38.00;1002.04;193;184;5.57;3;54.27;22.45
2025-10-06 16:51:36;28.45;81441.00;38.00;1002.04;192;183;5.48;3;54.27;22.45
2025-10-06 16:51:37;28.45;81599.00;38.00;1002.04;192;183;5.48;3;54.27;22.45
2025-10-06 16:51:38;28.46;81362.00;38.00;1002.04;192;183;5.48;3;54.27;22.46
2025-10-06 16:51:39;28.45;81283.00;38.00;1002.04;193;185;5.61;3;54.27;22.45
2025-10-06 16:51:40;28.45;81126.00;38.00;1002.04;193;185;5.61;3;54.27;22.45
2025-10-06 16:51:41;28.46;81048.00;38.00;1002.04;193;185;5.61;3;54.27;22.46
2025-10-06 16:51:42;28.46;81599.00;38.00;1002.04;194;185;5.66;3;54.27;22.46
2025-10-06 16:51:43;28.46;81599.00;38.00;1002.04;194;185;5.66;3;54.27;22.46
2025-10-06 16:51:44;28.46;81205.00;38.00;1002.04;194;185;5.66;3;54.27;22.46
2025-10-06 16:51:45;28.46;81678.00;38.00;1002.04;193;184;5.54;3;54.27;22.46
2025-10-06 16:51:46;28.46;81441.00;38.00;1002.04;193;184;5.54;3;54.27;22.46
2025-10-06 16:51:47;28.47;81283.00;38.00;1002.04;193;184;5.54;3;54.27;22.47
2025-10-06 16:51:48;28.46;81599.00;38.00;1002.04;192;184;5.53;3;54.27;22.46
2025-10-06 16:51:49;28.46;81917.00;38.00;1002.04;192;184;5.53;3;54.27;22.46
2025-10-06 16:51:50;28.46;80970.00;38.00;1002.04;192;184;5.53;3;54.27;22.46
2025-10-06 16:51:51;28.46;81837.00;38.00;1002.04;193;184;5.58;3;54.27;22.46
2025-10-06 16:51:52;28.47;81048.00;38.00;1002.04;193;184;5.58;3;54.27;22.47
2025-10-06 16:51:53;28.47;80970.00;38.00;1002.04;193;184;5.58;3;54.27;22.47
2025-10-06 16:51:54;28.46;81520.00;38.00;1002.04;194;185;5.63;3;54.27;22.46
2025-10-06 16:51:55;28.46;81520.00;38.00;1002.02;194;185;5.63;3;54.27;22.46
2025-10-06 16:51:56;28.46;81441.00;38.00;1002.04;194;185;5.63;3;54.27;22.46
2025-10-06 16:51:57;28.46;81678.00;38.00;1002.04;195;186;5.72;3;54.27;22.46
2025-10-06 16:51:58;28.46;81362.00;38.00;1002.02;195;186;5.72;3;54.27;22.46
2025-10-06 16:51:59;28.46;80970.00;38.00;1002.02;195;186;5.72;3;54.27;22.46
2025-10-06 16:52:00;28.47;81362.00;38.00;1002.02;193;184;5.60;3;54.27;22.47
2025-10-06 16:52:01;28.46;80814.00;38.00;1002.02;193;184;5.60;3;54.27;22.46
2025-10-06 16:52:02;28.47;81599.00;38.00;1002.02;193;184;5.60;3;54.27;22.47
2025-10-06 16:52:03;28.46;81678.00;38.00;1002.02;193;184;5.57;3;54.27;22.46
2025-10-06 16:52:04;28.47;80814.00;38.00;1002.02;193;184;5.57;3;54.27;22.47
2025-10-06 16:52:05;28.47;81205.00;38.00;1002.02;193;184;5.57;3;54.27;22.47
2025-10-06 16:52:06;28.47;80970.00;38.00;1002.02;193;184;5.57;3;54.27;22.47
2025-10-06 16:52:07;28.47;80659.00;38.00;1002.02;193;184;5.57;3;54.27;22.47
2025-10-06 16:52:08;28.47;80970.00;38.00;1002.02;193;184;5.57;3;54.27;22.47
2025-10-06 16:52:09;28.47;80892.00;38.00;1002.02;193;184;5.57;3;54.27;22.47
2025-10-06 16:52:10;28.47;81126.00;38.00;1002.02;193;184;5.57;3;54.27;22.47
2025-10-06 16:52:11;28.47;81283.00;38.00;1002.07;193;184;5.57;3;54.27;22.47
2025-10-06 16:52:12;28.47;81126.00;38.00;1002.07;193;184;5.60;3;54.27;22.47
2025-10-06 16:52:13;28.47;81599.00;38.00;1002.00;193;184;5.60;3;54.27;22.47
2025-10-06 16:52:14;28.47;81362.00;38.00;1002.06;193;184;5.60;3;54.27;22.47
2025-10-06 16:52:15;28.47;81283.00;38.00;1002.07;193;184;5.57;3;54.27;22.47
2025-10-06 16:52:16;28.47;81126.00;38.00;1002.06;193;184;5.57;3;54.27;22.47
2025-10-06 16:52:17;28.47;80970.00;38.00;1002.07;193;184;5.57;3;54.27;22.47
2025-10-06 16:52:18;28.47;81362.00;38.00;1002.02;192;183;5.52;3;54.27;22.47
2025-10-06 16:52:19;28.48;81205.00;38.00;1002.07;192;183;5.52;3;54.27;22.48
2025-10-06 16:52:20;28.47;80892.00;38.00;1002.07;192;183;5.52;3;54.27;22.47
2025-10-06 16:52:21;28.47;81126.00;38.00;1002.07;192;183;5.47;3;54.27;22.47
2025-10-06 16:52:22;28.47;80970.00;38.00;1002.07;192;183;5.47;3;54.27;22.47
2025-10-06 16:52:23;28.47;81126.00;38.00;1002.07;192;183;5.47;3;54.27;22.47
2025-10-06 16:52:24;28.47;81362.00;38.00;1002.07;192;183;5.48;3;54.27;22.47
2025-10-06 16:52:25;28.47;80970.00;38.00;1002.06;192;183;5.48;3;54.27;22.47
2025-10-06 16:52:26;28.48;80582.00;38.00;1002.06;192;183;5.48;3;54.27;22.48
2025-10-06 16:52:27;28.48;80582.00;38.00;1002.07;192;183;5.52;3;54.27;22.48
2025-10-06 16:52:28;28.47;81283.00;38.00;1002.06;192;183;5.52;3;54.27;22.47
2025-10-06 16:52:29;28.48;81520.00;38.00;1002.06;192;183;5.52;3;54.27;22.48
2025-10-06 16:52:30;28.48;81362.00;38.00;1002.06;193;184;5.55;3;54.27;22.48
2025-10-06 16:52:31;28.48;81362.00;38.00;1002.06;193;184;5.55;3;54.27;22.48
2025-10-06 16:52:32;28.48;81283.00;38.00;1002.06;193;184;5.55;3;54.27;22.48
2025-10-06 16:52:33;28.47;81599.00;38.00;1002.06;192;183;5.48;3;54.27;22.47
2025-10-06 16:52:34;28.47;80351.00;38.00;1002.06;192;183;5.48;3;54.27;22.47
2025-10-06 16:52:35;28.49;81126.00;38.00;1002.06;192;183;5.48;3;54.26;22.49
2025-10-06 16:52:36;28.48;80659.00;38.00;1002.06;193;184;5.60;3;54.27;22.48
2025-10-06 16:52:37;28.48;81048.00;38.00;1002.06;193;184;5.60;3;54.27;22.48
2025-10-06 16:52:38;28.48;80659.00;38.00;1002.06;193;184;5.60;3;54.27;22.48
2025-10-06 16:52:39;28.48;80505.00;38.00;1002.06;195;186;5.71;3;54.27;22.48
2025-10-06 16:52:40;28.48;81599.00;38.00;1002.06;195;186;5.71;3;54.27;22.48
2025-10-06 16:52:41;28.48;80970.00;38.00;1002.06;195;186;5.71;3;54.27;22.48
2025-10-06 16:52:42;28.48;80659.00;38.00;1002.06;195;186;5.76;3;54.27;22.48
2025-10-06 16:52:43;28.48;80814.00;38.00;1002.06;195;186;5.76;3;54.27;22.48
2025-10-06 16:52:44;28.48;80351.00;38.00;1002.06;195;186;5.76;3;54.27;22.48
2025-10-06 16:52:45;28.48;80970.00;38.00;1002.06;195;186;5.74;3;54.27;22.48
2025-10-06 16:52:46;28.48;80970.00;38.00;1002.06;195;186;5.74;3;54.27;22.48
2025-10-06 16:52:47;28.48;81126.00;38.00;1002.06;195;186;5.74;3;54.27;22.48
2025-10-06 16:52:48;28.48;80737.00;38.00;1002.06;195;186;5.74;3;54.27;22.48
2025-10-06 16:52:49;28.48;80582.00;38.00;1002.06;195;186;5.76;3;54.27;22.48
2025-10-06 16:52:50;28.48;80505.00;38.00;1002.06;195;186;5.76;3;54.27;22.48
2025-10-06 16:52:51;28.48;80737.00;38.00;1002.06;195;186;5.76;3;54.27;22.48
2025-10-06 16:52:52;28.48;80121.00;38.00;1002.07;196;186;5.78;3;54.27;22.48
2025-10-06 16:52:53;28.47;80659.00;38.00;1002.06;196;186;5.78;3;54.27;22.47
2025-10-06 16:52:54;28.48;81441.00;38.00;1002.07;196;186;5.78;3;54.27;22.48
2025-10-06 16:52:55;28.48;80970.00;38.00;1002.06;194;185;5.67;3;54.27;22.48
2025-10-06 16:52:56;28.48;80274.00;38.00;1002.06;194;185;5.67;3;54.27;22.48
2025-10-06 16:52:57;28.48;80274.00;38.00;1002.06;194;185;5.67;3;54.27;22.48
2025-10-06 16:52:58;28.48;80892.00;38.00;1002.07;196;187;5.79;3;54.27;22.48
2025-10-06 16:52:59;28.48;81205.00;38.00;1002.06;196;187;5.79;3;54.27;22.48
2025-10-06 16:53:00;28.48;81126.00;38.00;1002.06;196;187;5.79;3;54.27;22.48
2025-10-06 16:53:01;28.48;80197.00;38.00;1002.06;195;186;5.73;3;54.27;22.48
2025-10-06 16:53:02;28.48;81283.00;38.00;1002.06;195;186;5.73;3;54.27;22.48
2025-10-06 16:53:03;28.48;81205.00;38.00;1002.06;195;186;5.73;3;54.27;22.48
2025-10-06 16:53:04;28.49;81283.00;38.00;1002.06;194;185;5.68;3;54.26;22.49
2025-10-06 16:53:05;28.48;81126.00;38.00;1002.06;194;185;5.68;3;54.27;22.48
2025-10-06 16:53:06;28.49;81126.00;38.00;1002.06;194;185;5.68;3;54.26;22.49
2025-10-06 16:53:07;28.49;80737.00;38.00;1002.06;194;185;5.65;3;54.26;22.49
2025-10-06 16:53:08;28.48;81283.00;38.00;1002.06;194;185;5.65;3;54.27;22.48
2025-10-06 16:53:09;28.48;80659.00;38.00;1002.06;194;185;5.65;3;54.27;22.48
2025-10-06 16:53:10;28.49;80892.00;38.00;1002.06;195;186;5.71;3;54.26;22.49
2025-10-06 16:53:11;28.48;80970.00;38.00;1002.06;195;186;5.71;3;54.27;22.48
2025-10-06 16:53:12;28.49;80582.00;38.00;1002.06;195;186;5.71;3;54.26;22.49
2025-10-06 16:53:13;28.49;81205.00;38.00;1002.06;196;186;5.76;3;54.26;22.49
2025-10-06 16:53:14;28.49;81126.00;38.00;1002.06;196;186;5.76;3;54.26;22.49
2025-10-06 16:53:15;28.48;81048.00;38.00;1002.06;196;186;5.76;3;54.27;22.48
2025-10-06 16:53:16;28.48;81205.00;38.00;1002.06;195;186;5.75;3;54.27;22.48
2025-10-06 16:53:17;28.49;80274.00;38.00;1002.07;195;186;5.75;3;54.26;22.49
2025-10-06 16:53:18;28.49;80505.00;38.00;1002.06;195;186;5.75;3;54.26;22.49
2025-10-06 16:53:19;28.49;80970.00;38.00;1002.06;196;187;5.80;3;54.26;22.49
2025-10-06 16:53:20;28.49;81441.00;38.00;1002.06;196;187;5.80;3;54.26;22.49
2025-10-06 16:53:21;28.49;81362.00;38.00;1002.06;196;187;5.80;3;54.26;22.49
2025-10-06 16:53:22;28.49;80659.00;38.00;1002.06;195;185;5.69;3;54.26;22.49
2025-10-06 16:53:23;28.49;79741.00;38.00;1002.09;195;185;5.69;3;54.26;22.49
2025-10-06 16:53:24;28.49;81205.00;38.00;1002.06;195;185;5.69;3;54.26;22.49
2025-10-06 16:53:25;28.48;80892.00;38.00;1002.06;196;186;5.76;3;54.27;22.48
2025-10-06 16:53:26;28.49;81441.00;38.00;1002.06;196;186;5.76;3;54.26;22.49
2025-10-06 16:53:27;28.49;81441.00;38.00;1002.06;196;186;5.76;3;54.26;22.49
2025-10-06 16:53:28;28.49;80505.00;38.00;1002.07;197;187;5.86;3;54.26;22.49
2025-10-06 16:53:29;28.49;80892.00;38.00;1002.07;197;187;5.86;3;54.26;22.49
2025-10-06 16:53:30;28.49;80892.00;38.00;1002.09;197;187;5.86;3;54.26;22.49
2025-10-06 16:53:31;28.49;80351.00;38.00;1002.07;196;187;5.81;3;54.26;22.49
2025-10-06 16:53:32;28.49;81048.00;38.00;1002.07;196;187;5.81;3;54.26;22.49
2025-10-06 16:53:33;28.49;80814.00;38.00;1002.06;196;187;5.81;3;54.26;22.49
2025-10-06 16:53:34;28.49;80970.00;38.00;1002.07;196;187;5.79;3;54.26;22.49
2025-10-06 16:53:35;28.49;80428.00;38.00;1002.06;196;187;5.79;3;54.26;22.49
2025-10-06 16:53:36;28.49;80505.00;38.00;1002.09;196;187;5.79;3;54.26;22.49
2025-10-06 16:53:37;28.49;81048.00;38.00;1002.06;195;185;5.69;3;54.26;22.49
2025-10-06 16:53:38;28.49;81126.00;38.00;1002.07;195;185;5.69;3;54.26;22.49
2025-10-06 16:53:39;28.49;80274.00;38.00;1002.07;195;185;5.69;3;54.26;22.49
2025-10-06 16:53:40;28.49;80737.00;38.00;1002.06;194;185;5.63;3;54.26;22.49
2025-10-06 16:53:41;28.49;80197.00;38.00;1002.09;194;185;5.63;3;54.26;22.49
2025-10-06 16:53:42;28.49;80814.00;38.00;1002.07;194;185;5.63;3;54.26;22.49
2025-10-06 16:53:43;28.49;80892.00;38.00;1002.07;194;185;5.66;3;54.26;22.49
2025-10-06 16:53:44;28.49;80970.00;38.00;1002.07;194;185;5.66;3;54.26;22.49
2025-10-06 16:53:45;28.49;80505.00;38.00;1002.09;194;185;5.66;3;54.26;22.49
2025-10-06 16:53:46;28.49;81048.00;38.00;1002.07;195;186;5.73;3;54.26;22.49
2025-10-06 16:53:47;28.49;80197.00;38.00;1002.07;195;186;5.73;3;54.26;22.49
2025-10-06 16:53:48;28.50;81126.00;38.00;1002.09;195;186;5.73;3;54.26;22.50
2025-10-06 16:53:49;28.49;80970.00;38.00;1002.06;195;185;5.68;3;54.26;22.49
2025-10-06 16:53:50;28.49;80351.00;38.00;1002.06;195;185;5.68;3;54.26;22.49
2025-10-06 16:53:51;28.49;81283.00;38.00;1002.06;195;185;5.68;3;54.26;22.49
2025-10-06 16:53:52;28.49;80274.00;38.00;1002.09;195;186;5.71;3;54.26;22.49
2025-10-06 16:53:53;28.49;80892.00;38.00;1002.09;195;186;5.71;3;54.26;22.49
2025-10-06 16:53:54;28.49;80892.00;38.00;1002.09;195;186;5.71;3;54.26;22.49
2025-10-06 16:53:55;28.49;80659.00;38.00;1002.09;194;184;5.61;3;54.26;22.49
2025-10-06 16:53:56;28.49;80970.00;38.00;1002.09;194;184;5.61;3;54.26;22.49
2025-10-06 16:53:57;28.49;81126.00;38.00;1002.09;194;184;5.61;3;54.26;22.49
2025-10-06 16:53:58;28.49;80428.00;38.00;1002.09;196;187;5.79;3;54.26;22.49
2025-10-06 16:53:59;28.49;80505.00;38.00;1002.09;196;187;5.79;3;54.26;22.49
2025-10-06 16:54:00;28.49;80197.00;38.00;1002.09;196;187;5.79;3;54.26;22.49
2025-10-06 16:54:01;28.50;80274.00;38.00;1002.06;197;187;5.85;3;54.26;22.50
2025-10-06 16:54:02;28.49;80892.00;38.00;1002.07;197;187;5.85;3;54.26;22.49
2025-10-06 16:54:03;28.49;80814.00;38.00;1002.09;197;187;5.85;3;54.26;22.49
2025-10-06 16:54:04;28.49;80428.00;38.00;1002.09;198;188;5.93;3;54.26;22.49
2025-10-06 16:54:05;28.50;80814.00;38.00;1002.09;198;188;5.93;3;54.26;22.50
2025-10-06 16:54:06;28.49;80351.00;38.00;1002.11;198;188;5.93;3;54.26;22.49
2025-10-06 16:54:07;28.49;80351.00;38.00;1002.09;196;187;5.83;3;54.26;22.49
2025-10-06 16:54:08;28.50;80197.00;38.00;1002.09;196;187;5.83;3;54.26;22.50
2025-10-06 16:54:09;28.49;80892.00;38.00;1002.09;196;187;5.83;3;54.26;22.49
2025-10-06 16:54:10;28.50;80659.00;38.00;1002.09;196;187;5.80;3;54.26;22.50
2025-10-06 16:54:11;28.50;80045.00;38.00;1002.09;196;187;5.80;3;54.26;22.50
2025-10-06 16:54:12;28.50;80814.00;38.00;1002.09;196;187;5.80;3;54.26;22.50
2025-10-06 16:54:13;28.50;81048.00;38.00;1002.06;197;187;5.85;3;54.26;22.50
2025-10-06 16:54:14;28.49;80582.00;38.00;1002.09;197;187;5.85;3;54.26;22.49
2025-10-06 16:54:15;28.49;80970.00;38.00;1002.06;197;187;5.85;3;54.26;22.49
2025-10-06 16:54:16;28.49;80659.00;38.00;1002.11;196;187;5.84;3;54.26;22.49
2025-10-06 16:54:17;28.49;80045.00;38.00;1002.09;196;187;5.84;3;54.26;22.49
2025-10-06 16:54:18;28.50;80892.00;38.00;1002.11;196;187;5.84;3;54.26;22.50
2025-10-06 16:54:19;28.50;80121.00;38.00;1002.09;196;187;5.78;3;54.26;22.50
2025-10-06 16:54:20;28.49;80814.00;38.00;1002.09;196;187;5.78;3;54.26;22.49
2025-10-06 16:54:21;28.49;80737.00;38.00;1002.11;196;187;5.78;3;54.26;22.49
2025-10-06 16:54:22;28.50;80582.00;38.00;1002.09;197;187;5.85;3;54.26;22.50
2025-10-06 16:54:23;28.49;79968.00;38.00;1002.11;197;187;5.85;3;54.26;22.49
2025-10-06 16:54:24;28.49;80428.00;38.00;1002.09;197;187;5.85;3;54.26;22.49
2025-10-06 16:54:25;28.49;80121.00;38.00;1002.07;197;188;5.87;3;54.26;22.49
2025-10-06 16:54:26;28.49;80274.00;38.00;1002.11;197;188;5.87;3;54.26;22.49
2025-10-06 16:54:27;28.49;80045.00;38.00;1002.11;197;188;5.87;3;54.26;22.49
2025-10-06 16:54:28;28.49;80505.00;38.00;1002.11;196;186;5.76;3;54.26;22.49
2025-10-06 16:54:29;28.49;80045.00;38.00;1002.11;196;186;5.76;3;54.26;22.49
2025-10-06 16:54:30;28.50;80582.00;38.00;1002.09;196;186;5.76;3;54.26;22.50
2025-10-06 16:54:31;28.50;80892.00;38.00;1002.11;196;187;5.79;3;54.26;22.50
2025-10-06 16:54:32;28.49;80197.00;38.00;1002.09;196;187;5.79;3;54.26;22.49
2025-10-06 16:54:33;28.49;80045.00;38.00;1002.11;196;187;5.79;3;54.26;22.49
2025-10-06 16:54:34;28.49;80892.00;38.00;1002.11;196;186;5.75;3;54.26;22.49
2025-10-06 16:54:35;28.49;80582.00;38.00;1002.11;196;186;5.75;3;54.26;22.49
2025-10-06 16:54:36;28.49;80659.00;38.00;1002.09;196;186;5.75;3;54.26;22.49
2025-10-06 16:54:37;28.49;80045.00;38.00;1002.09;197;187;5.87;3;54.26;22.49
2025-10-06 16:54:38;28.49;80892.00;38.00;1002.11;197;187;5.87;3;54.26;22.49
2025-10-06 16:54:39;28.50;81126.00;38.00;1002.11;197;187;5.87;3;54.26;22.50
2025-10-06 16:54:40;28.50;79892.00;38.00;1002.11;197;187;5.84;3;54.26;22.50
2025-10-06 16:54:41;28.49;81205.00;38.00;1002.11;197;187;5.84;3;54.26;22.49
2025-10-06 16:54:42;28.49;80892.00;38.00;1002.11;197;187;5.84;3;54.26;22.49
2025-10-06 16:54:43;28.49;80274.00;38.00;1002.09;196;187;5.81;3;54.26;22.49
2025-10-06 16:54:44;28.50;80197.00;38.00;1002.09;196;187;5.81;3;54.26;22.50
2025-10-06 16:54:45;28.50;80428.00;38.00;1002.11;196;187;5.81;3;54.26;22.50
2025-10-06 16:54:46;28.49;79968.00;38.00;1002.09;198;188;5.92;3;54.26;22.49
2025-10-06 16:54:47;28.49;80274.00;38.00;1002.11;198;188;5.92;3;54.26;22.49
2025-10-06 16:54:48;28.49;80659.00;38.00;1002.11;198;188;5.92;3;54.26;22.49
2025-10-06 16:54:49;28.50;80351.00;38.00;1002.07;198;188;5.94;3;54.26;22.50
2025-10-06 16:54:50;28.49;80351.00;38.00;1002.13;198;188;5.94;3;54.26;22.49
2025-10-06 16:54:51;28.49;80045.00;38.00;1002.11;198;188;5.94;3;54.26;22.49
2025-10-06 16:54:52;28.49;80970.00;38.00;1002.11;198;189;6.00;3;54.26;22.49
2025-10-06 16:54:53;28.50;80505.00;38.00;1002.11;198;189;6.00;3;54.26;22.50
2025-10-06 16:54:54;28.49;80582.00;38.00;1002.11;198;189;6.00;3;54.26;22.49
2025-10-06 16:54:55;28.49;80814.00;38.00;1002.11;197;188;5.90;3;54.26;22.49
2025-10-06 16:54:56;28.49;79741.00;38.00;1002.13;197;188;5.90;3;54.26;22.49
2025-10-06 16:54:57;28.49;79968.00;38.00;1002.13;197;188;5.90;3;54.26;22.49
2025-10-06 16:54:58;28.49;80428.00;38.00;1002.11;197;188;5.91;3;54.26;22.49
2025-10-06 16:54:59;28.49;80659.00;38.00;1002.11;197;188;5.91;3;54.26;22.49
2025-10-06 16:55:00;28.49;80045.00;38.00;1002.11;197;188;5.91;3;54.26;22.49
2025-10-06 16:55:01;28.49;80970.00;38.00;1002.11;196;187;5.81;3;54.26;22.49
2025-10-06 16:55:02;28.49;80814.00;38.00;1002.11;196;187;5.81;3;54.26;22.49
2025-10-06 16:55:03;28.50;80197.00;38.00;1002.13;196;187;5.81;3;54.26;22.50
2025-10-06 16:55:04;28.49;79590.00;38.00;1002.13;198;189;5.99;3;54.26;22.49
2025-10-06 16:55:05;28.49;80814.00;38.00;1002.13;198;189;5.99;3;54.26;22.49
2025-10-06 16:55:06;28.49;80274.00;38.00;1002.11;198;189;5.99;3;54.26;22.49
2025-10-06 16:55:07;28.50;80121.00;38.00;1002.13;199;189;6.02;3;54.26;22.50
2025-10-06 16:55:08;28.50;80274.00;38.00;1002.11;199;189;6.02;3;54.26;22.50
2025-10-06 16:55:09;28.50;80121.00;38.00;1002.13;199;189;6.02;3;54.26;22.50
2025-10-06 16:55:10;28.50;80045.00;38.00;1002.11;199;189;6.05;3;54.26;22.50
2025-10-06 16:55:11;28.50;80892.00;38.00;1002.13;199;189;6.05;3;54.26;22.50
2025-10-06 16:55:12;28.50;80121.00;38.00;1002.13;199;189;6.05;3;54.26;22.50
2025-10-06 16:55:13;28.50;80505.00;38.00;1002.11;198;189;5.99;3;54.26;22.50
2025-10-06 16:55:14;28.49;80582.00;38.00;1002.13;198;189;5.99;3;54.26;22.49
2025-10-06 16:55:15;28.50;80814.00;38.00;1002.11;198;189;5.99;3;54.26;22.50
2025-10-06 16:55:16;28.50;80737.00;38.00;1002.13;198;189;5.99;3;54.26;22.50
2025-10-06 16:55:17;28.50;80659.00;38.00;1002.13;197;188;5.91;3;54.26;22.50
2025-10-06 16:55:18;28.49;80351.00;38.00;1002.13;197;188;5.91;3;54.26;22.49
2025-10-06 16:55:19;28.50;80045.00;38.00;1002.11;197;188;5.91;3;54.26;22.50
2025-10-06 16:55:20;28.49;80659.00;38.00;1002.13;198;189;5.97;3;54.26;22.49
2025-10-06 16:55:21;28.50;80197.00;38.00;1002.13;198;189;5.97;3;54.26;22.50
2025-10-06 16:55:22;28.49;80737.00;38.00;1002.13;198;189;5.97;3;54.26;22.49
2025-10-06 16:55:23;28.50;79892.00;38.00;1002.13;197;188;5.90;3;54.26;22.50
2025-10-06 16:55:24;28.49;80659.00;38.00;1002.13;197;188;5.90;3;54.26;22.49
2025-10-06 16:55:25;28.49;80582.00;38.00;1002.13;197;188;5.90;3;54.26;22.49
2025-10-06 16:55:26;28.50;80351.00;38.00;1002.11;197;188;5.87;3;54.26;22.50
2025-10-06 16:55:27;28.49;80197.00;38.00;1002.13;197;188;5.87;3;54.26;22.49
2025-10-06 16:55:28;28.50;80659.00;38.00;1002.13;197;188;5.87;3;54.26;22.50
2025-10-06 16:55:29;28.50;80892.00;38.00;1002.11;197;187;5.84;3;54.26;22.50
2025-10-06 16:55:30;28.50;80197.00;38.00;1002.11;197;187;5.84;3;54.26;22.50
2025-10-06 16:55:31;28.50;80582.00;38.00;1002.13;197;187;5.84;3;54.26;22.50
2025-10-06 16:55:32;28.50;80505.00;38.00;1002.11;197;187;5.83;3;54.26;22.50
2025-10-06 16:55:33;28.50;80121.00;38.00;1002.11;197;187;5.83;3;54.26;22.50
2025-10-06 16:55:34;28.49;80970.00;38.00;1002.13;197;187;5.83;3;54.26;22.49
2025-10-06 16:55:35;28.49;80582.00;38.00;1002.11;196;186;5.76;3;54.26;22.49
2025-10-06 16:55:36;28.50;80274.00;38.00;1002.11;196;186;5.76;3;54.26;22.50
2025-10-06 16:55:37;28.50;81048.00;38.00;1002.11;196;186;5.76;3;54.26;22.50
2025-10-06 16:55:38;28.50;80659.00;38.00;1002.11;195;186;5.70;3;54.26;22.50
2025-10-06 16:55:39;28.50;80659.00;38.00;1002.11;195;186;5.70;3;54.26;22.50
2025-10-06 16:55:40;28.50;80582.00;38.00;1002.11;195;186;5.70;3;54.26;22.50
2025-10-06 16:55:41;28.50;79892.00;38.00;1002.11;195;186;5.73;3;54.26;22.50
2025-10-06 16:55:42;28.50;80892.00;38.00;1002.11;195;186;5.73;3;54.26;22.50
2025-10-06 16:55:43;28.50;80892.00;38.00;1002.11;195;186;5.73;3;54.26;22.50
2025-10-06 16:55:44;28.50;80197.00;38.00;1002.11;195;186;5.70;3;54.26;22.50
2025-10-06 16:55:45;28.50;80045.00;38.00;1002.11;195;186;5.70;3;54.26;22.50
2025-10-06 16:55:46;28.51;81678.00;38.00;1002.11;195;186;5.70;3;54.26;22.51
2025-10-06 16:55:47;28.50;80197.00;38.00;1002.11;196;186;5.77;3;54.26;22.50
2025-10-06 16:55:48;28.50;80121.00;38.00;1002.11;196;186;5.77;3;54.26;22.50
2025-10-06 16:55:49;28.50;80505.00;38.00;1002.09;196;186;5.77;3;54.26;22.50
2025-10-06 16:55:50;28.51;80582.00;38.00;1002.11;196;187;5.80;3;54.26;22.51
2025-10-06 16:55:51;28.51;80737.00;38.00;1002.13;196;187;5.80;3;54.26;22.51
2025-10-06 16:55:52;28.51;80659.00;38.00;1002.11;196;187;5.80;3;54.26;22.51
2025-10-06 16:55:53;28.51;80659.00;38.00;1002.11;196;186;5.74;3;54.26;22.51
2025-10-06 16:55:54;28.50;79968.00;38.00;1002.13;196;186;5.74;3;54.26;22.50
2025-10-06 16:55:55;28.51;80582.00;38.00;1002.11;196;186;5.74;3;54.26;22.51
2025-10-06 16:55:56;28.50;80505.00;38.00;1002.09;196;186;5.76;3;54.26;22.50
2025-10-06 16:55:57;28.51;80197.00;38.00;1002.11;196;186;5.76;3;54.26;22.51
2025-10-06 16:55:58;28.50;80274.00;38.00;1002.13;196;186;5.76;3;54.26;22.50
2025-10-06 16:55:59;28.51;80351.00;38.00;1002.11;197;187;5.84;3;54.26;22.51
2025-10-06 16:56:00;28.50;80351.00;38.00;1002.11;197;187;5.84;3;54.26;22.50
2025-10-06 16:56:01;28.50;80892.00;38.00;1002.11;197;187;5.84;3;54.26;22.50
2025-10-06 16:56:02;28.50;79892.00;38.00;1002.11;196;186;5.77;3;54.26;22.50
2025-10-06 16:56:03;28.50;80121.00;38.00;1002.11;196;186;5.77;3;54.26;22.50
2025-10-06 16:56:04;28.50;80428.00;38.00;1002.11;196;186;5.77;3;54.26;22.50
2025-10-06 16:56:05;28.50;80582.00;38.00;1002.11;196;186;5.77;3;54.26;22.50
2025-10-06 16:56:06;28.50;80197.00;38.00;1002.13;196;186;5.77;3;54.26;22.50
2025-10-06 16:56:07;28.50;79892.00;38.00;1002.11;196;186;5.77;3;54.26;22.50
2025-10-06 16:56:08;28.50;80737.00;38.00;1002.13;197;188;5.90;3;54.26;22.50
2025-10-06 16:56:09;28.51;80505.00;38.00;1002.13;197;188;5.90;3;54.26;22.51
2025-10-06 16:56:10;28.51;80582.00;38.00;1002.11;197;188;5.90;3;54.26;22.51
2025-10-06 16:56:11;28.50;80197.00;38.00;1002.11;198;188;5.93;3;54.26;22.50
2025-10-06 16:56:12;28.50;80582.00;38.00;1002.11;198;188;5.93;3;54.26;22.50
2025-10-06 16:56:13;28.50;79968.00;38.00;1002.11;198;188;5.93;3;54.26;22.50
2025-10-06 16:56:14;28.50;80045.00;38.00;1002.11;199;189;6.00;3;54.26;22.50
2025-10-06 16:56:15;28.50;80659.00;38.00;1002.11;199;189;6.00;3;54.26;22.50
2025-10-06 16:56:16;28.51;80045.00;38.00;1002.11;199;189;6.00;3;54.26;22.51
2025-10-06 16:56:17;28.51;80197.00;38.00;1002.13;198;188;5.90;3;54.26;22.51
2025-10-06 16:56:18;28.51;80505.00;38.00;1002.13;198;188;5.90;3;54.26;22.51
2025-10-06 16:56:19;28.51;80582.00;38.00;1002.11;198;188;5.90;3;54.26;22.51
2025-10-06 16:56:20;28.51;80274.00;38.00;1002.11;197;188;5.89;3;54.26;22.51
2025-10-06 16:56:21;28.50;80659.00;38.00;1002.13;197;188;5.89;3;54.26;22.50
2025-10-06 16:56:22;28.51;80197.00;38.00;1002.11;197;188;5.89;3;54.26;22.51
2025-10-06 16:56:23;28.51;80892.00;38.00;1002.13;198;188;5.96;3;54.26;22.51
2025-10-06 16:56:24;28.51;80274.00;38.00;1002.13;198;188;5.96;3;54.26;22.51
2025-10-06 16:56:25;28.51;80121.00;38.00;1002.15;198;188;5.96;3;54.26;22.51
2025-10-06 16:56:26;28.51;79741.00;38.00;1002.09;196;186;5.76;3;54.26;22.51
2025-10-06 16:56:27;28.51;80274.00;38.00;1002.13;196;186;5.76;3;54.26;22.51
2025-10-06 16:56:28;28.51;80274.00;38.00;1002.11;196;186;5.76;3;54.26;22.51
2025-10-06 16:56:29;28.51;80351.00;38.00;1002.13;197;187;5.84;3;54.26;22.51
2025-10-06 16:56:30;28.51;80428.00;38.00;1002.13;197;187;5.84;3;54.26;22.51
2025-10-06 16:56:31;28.51;80121.00;38.00;1002.13;197;187;5.84;3;54.26;22.51
2025-10-06 16:56:32;28.51;80197.00;38.00;1002.11;197;187;5.86;3;54.26;22.51
2025-10-06 16:56:33;28.51;80582.00;38.00;1002.11;197;187;5.86;3;54.26;22.51
2025-10-06 16:56:34;28.51;80274.00;38.00;1002.11;197;187;5.86;3;54.26;22.51
2025-10-06 16:56:35;28.51;80659.00;38.00;1002.13;197;188;5.89;3;54.26;22.51
2025-10-06 16:56:36;28.51;80505.00;38.00;1002.11;197;188;5.89;3;54.26;22.51
2025-10-06 16:56:37;28.52;80274.00;38.00;1002.13;197;188;5.89;3;54.26;22.52
2025-10-06 16:56:38;28.51;79817.00;38.00;1002.09;199;189;5.99;3;54.26;22.51
2025-10-06 16:56:39;28.51;80505.00;38.00;1002.13;199;189;5.99;3;54.26;22.51
2025-10-06 16:56:40;28.51;80351.00;38.00;1002.13;199;189;5.99;3;54.26;22.51
2025-10-06 16:56:41;28.51;80505.00;38.00;1002.13;198;188;5.90;3;54.26;22.51
2025-10-06 16:56:42;28.51;80045.00;38.00;1002.11;198;188;5.90;3;54.26;22.51
2025-10-06 16:56:43;28.51;79817.00;38.00;1002.13;198;188;5.90;3;54.26;22.51
2025-10-06 16:56:44;28.51;79968.00;38.00;1002.11;198;188;5.93;3;54.26;22.51
2025-10-06 16:56:45;28.51;80197.00;38.00;1002.11;198;188;5.93;3;54.26;22.51
2025-10-06 16:56:46;28.51;80505.00;38.00;1002.11;198;188;5.93;3;54.26;22.51
2025-10-06 16:56:47;28.51;80351.00;38.00;1002.13;199;189;6.00;3;54.26;22.51
2025-10-06 16:56:48;28.51;80121.00;38.00;1002.13;199;189;6.00;3;54.26;22.51
2025-10-06 16:56:49;28.52;80505.00;38.00;1002.11;199;189;6.00;3;54.26;22.52
2025-10-06 16:56:50;28.51;80351.00;38.00;1002.07;197;188;5.89;3;54.26;22.51
2025-10-06 16:56:51;28.51;80582.00;38.00;1002.13;197;188;5.89;3;54.26;22.51
2025-10-06 16:56:52;28.51;80505.00;38.00;1002.11;197;188;5.89;3;54.26;22.51
2025-10-06 16:56:53;28.51;80505.00;38.00;1002.11;197;187;5.85;3;54.26;22.51
2025-10-06 16:56:54;28.51;80197.00;38.00;1002.13;197;187;5.85;3;54.26;22.51
2025-10-06 16:56:55;28.51;79741.00;38.00;1002.11;197;187;5.85;3;54.26;22.51
2025-10-06 16:56:56;28.51;80659.00;38.00;1002.11;196;186;5.78;3;54.26;22.51
2025-10-06 16:56:57;28.51;80505.00;38.00;1002.09;196;186;5.78;3;54.26;22.51
2025-10-06 16:56:58;28.51;80659.00;38.00;1002.13;196;186;5.78;3;54.26;22.51
2025-10-06 16:56:59;28.52;80428.00;38.00;1002.11;196;187;5.80;3;54.26;22.52
2025-10-06 16:57:00;28.51;80428.00;38.00;1002.11;196;187;5.80;3;54.26;22.51
2025-10-06 16:57:01;28.51;80121.00;38.00;1002.11;196;187;5.80;3;54.26;22.51
2025-10-06 16:57:02;28.50;80892.00;38.00;1002.07;197;187;5.84;3;54.26;22.50
2025-10-06 16:57:03;28.51;80351.00;38.00;1002.11;197;187;5.84;3;54.26;22.51
2025-10-06 16:57:04;28.51;80428.00;38.00;1002.11;197;187;5.84;3;54.26;22.51
2025-10-06 16:57:05;28.51;80505.00;38.00;1002.11;196;187;5.81;3;54.26;22.51
2025-10-06 16:57:06;28.51;80197.00;38.00;1002.11;196;187;5.81;3;54.26;22.51
2025-10-06 16:57:07;28.52;79817.00;38.00;1002.11;196;187;5.81;3;54.26;22.52
2025-10-06 16:57:08;28.51;80351.00;38.00;1002.11;198;188;5.90;3;54.26;22.51
2025-10-06 16:57:09;28.51;80197.00;38.00;1002.11;198;188;5.90;3;54.26;22.51
2025-10-06 16:57:10;28.51;80045.00;38.00;1002.11;198;188;5.90;3;54.26;22.51
2025-10-06 16:57:11;28.51;80659.00;38.00;1002.13;197;187;5.85;3;54.26;22.51
2025-10-06 16:57:12;28.51;80197.00;38.00;1002.11;197;187;5.85;3;54.26;22.51
2025-10-06 16:57:13;28.51;80814.00;38.00;1002.11;197;187;5.85;3;54.26;22.51
2025-10-06 16:57:14;28.50;79817.00;38.00;1002.09;197;188;5.88;3;54.26;22.50
2025-10-06 16:57:15;28.51;79741.00;38.00;1002.09;197;188;5.88;3;54.26;22.51
2025-10-06 16:57:16;28.51;79817.00;38.00;1002.13;197;188;5.88;3;54.26;22.51
2025-10-06 16:57:17;28.51;79665.00;38.00;1002.11;197;187;5.87;3;54.26;22.51
2025-10-06 16:57:18;28.51;80582.00;38.00;1002.11;197;187;5.87;3;54.26;22.51
2025-10-06 16:57:19;28.51;80582.00;38.00;1002.11;197;187;5.87;3;54.26;22.51
2025-10-06 16:57:20;28.51;80582.00;38.00;1002.11;198;188;5.93;3;54.26;22.51
2025-10-06 16:57:21;28.51;80428.00;38.00;1002.13;198;188;5.93;3;54.26;22.51
2025-10-06 16:57:22;28.51;80505.00;38.00;1002.13;198;188;5.93;3;54.26;22.51
2025-10-06 16:57:23;28.51;80274.00;38.00;1002.13;198;188;5.93;3;54.26;22.51
2025-10-06 16:57:24;28.51;81283.00;38.00;1002.11;198;188;5.93;3;54.26;22.51
2025-10-06 16:57:25;28.51;80582.00;38.00;1002.11;198;188;5.93;3;54.26;22.51
2025-10-06 16:57:26;28.50;80197.00;38.00;1002.09;198;188;5.93;3;54.26;22.50
2025-10-06 16:57:27;28.51;80197.00;38.00;1002.11;198;188;5.93;3;54.26;22.51
2025-10-06 16:57:28;28.51;80505.00;38.00;1002.13;198;188;5.93;3;54.26;22.51
2025-10-06 16:57:29;28.51;80197.00;38.00;1002.13;197;188;5.88;3;54.26;22.51
2025-10-06 16:57:30;28.51;79817.00;38.00;1002.11;197;188;5.88;3;54.26;22.51
2025-10-06 16:57:31;28.51;79817.00;38.00;1002.13;197;188;5.88;3;54.26;22.51
2025-10-06 16:57:32;28.51;80197.00;38.00;1002.09;198;188;5.91;3;54.26;22.51
2025-10-06 16:57:33;28.50;79817.00;38.00;1002.13;198;188;5.91;3;54.26;22.50
2025-10-06 16:57:34;28.51;80274.00;38.00;1002.13;198;188;5.91;3;54.26;22.51
2025-10-06 16:57:35;28.51;80351.00;38.00;1002.09;198;188;5.90;3;54.26;22.51
2025-10-06 16:57:36;28.51;80892.00;38.00;1002.09;198;188;5.90;3;54.26;22.51
2025-10-06 16:57:37;28.51;80505.00;38.00;1002.09;198;188;5.90;3;54.26;22.51
2025-10-06 16:57:38;28.50;80274.00;38.00;1002.09;198;188;5.91;3;54.26;22.50
2025-10-06 16:57:39;28.49;80582.00;38.00;1002.11;198;188;5.91;3;54.26;22.49
2025-10-06 16:57:40;28.50;80197.00;38.00;1002.11;198;188;5.91;3;54.26;22.50
2025-10-06 16:57:41;28.50;80428.00;38.00;1002.11;198;188;5.91;3;54.26;22.50
2025-10-06 16:57:42;28.51;79892.00;38.00;1002.09;198;188;5.89;3;54.26;22.51
2025-10-06 16:57:43;28.50;79968.00;38.00;1002.11;198;188;5.89;3;54.26;22.50
2025-10-06 16:57:44;28.50;79968.00;38.00;1002.11;198;188;5.89;3;54.26;22.50
2025-10-06 16:57:45;28.50;79892.00;38.00;1002.11;198;188;5.96;3;54.26;22.50
2025-10-06 16:57:46;28.50;80428.00;38.00;1002.11;198;188;5.96;3;54.26;22.50
2025-10-06 16:57:47;28.50;79892.00;38.00;1002.09;198;188;5.96;3;54.26;22.50
2025-10-06 16:57:48;28.50;80505.00;38.00;1002.11;199;189;6.02;3;54.26;22.50
2025-10-06 16:57:49;28.50;80505.00;38.00;1002.11;199;189;6.02;3;54.26;22.50
2025-10-06 16:57:50;28.51;79892.00;38.00;1002.11;199;189;6.02;3;54.26;22.51
2025-10-06 16:57:51;28.50;80351.00;38.00;1002.09;200;190;6.06;3;54.26;22.50
2025-10-06 16:57:52;28.50;80121.00;38.00;1002.11;200;190;6.06;3;54.26;22.50
2025-10-06 16:57:53;28.51;80428.00;38.00;1002.09;200;190;6.06;3;54.26;22.51
2025-10-06 16:57:54;28.50;80582.00;38.00;1002.09;199;189;5.99;3;54.26;22.50
2025-10-06 16:57:55;28.50;80121.00;38.00;1002.09;199;189;5.99;3;54.26;22.50
2025-10-06 16:57:56;28.50;80274.00;38.00;1002.09;199;189;5.99;3;54.26;22.50
2025-10-06 16:57:57;28.51;80045.00;38.00;1002.11;199;189;5.97;3;54.26;22.51
2025-10-06 16:57:58;28.51;79968.00;38.00;1002.13;199;189;5.97;3;54.26;22.51
2025-10-06 16:57:59;28.51;80737.00;38.00;1002.13;199;189;5.97;3;54.26;22.51
2025-10-06 16:58:00;28.51;79817.00;38.00;1002.11;197;188;5.88;3;54.26;22.51
2025-10-06 16:58:01;28.52;80274.00;38.00;1002.11;197;188;5.88;3;54.26;22.52
2025-10-06 16:58:02;28.51;80274.00;38.00;1002.07;197;188;5.88;3;54.26;22.51
2025-10-06 16:58:03;28.50;80814.00;38.00;1002.13;198;188;5.90;3;54.26;22.50
2025-10-06 16:58:04;28.51;79590.00;38.00;1002.09;198;188;5.90;3;54.26;22.51
2025-10-06 16:58:05;28.51;79892.00;38.00;1002.11;198;188;5.90;3;54.26;22.51
2025-10-06 16:58:06;28.51;80428.00;38.00;1002.07;199;189;5.97;3;54.26;22.51
2025-10-06 16:58:07;28.50;80582.00;38.00;1002.07;199;189;5.97;3;54.26;22.50
2025-10-06 16:58:08;28.51;80814.00;38.00;1002.13;199;189;5.97;3;54.26;22.51
2025-10-06 16:58:09;28.51;80197.00;38.00;1002.11;197;187;5.86;3;54.26;22.51
2025-10-06 16:58:10;28.51;80351.00;38.00;1002.11;197;187;5.86;3;54.26;22.51
2025-10-06 16:58:11;28.51;79892.00;38.00;1002.11;197;187;5.86;3;54.26;22.51
2025-10-06 16:58:12;28.51;80197.00;38.00;1002.11;198;188;5.95;3;54.26;22.51
2025-10-06 16:58:13;28.51;80121.00;38.00;1002.11;198;188;5.95;3;54.26;22.51
2025-10-06 16:58:14;28.51;79968.00;38.00;1002.11;198;188;5.95;3;54.26;22.51
2025-10-06 16:58:15;28.50;80197.00;38.00;1002.11;199;189;6.00;3;54.26;22.50
2025-10-06 16:58:16;28.51;79892.00;38.00;1002.11;199;189;6.00;3;54.26;22.51
2025-10-06 16:58:17;28.51;80045.00;38.00;1002.11;199;189;6.00;3;54.26;22.51
2025-10-06 16:58:18;28.51;80582.00;38.00;1002.11;199;189;6.04;3;54.26;22.51
2025-10-06 16:58:19;28.52;80659.00;38.00;1002.09;199;189;6.04;3;54.26;22.52
2025-10-06 16:58:20;28.52;80351.00;38.00;1002.09;199;189;6.04;3;54.26;22.52
2025-10-06 16:58:21;28.51;79892.00;38.00;1002.09;199;189;5.99;3;54.26;22.51
2025-10-06 16:58:22;28.51;80121.00;38.00;1002.09;199;189;5.99;3;54.26;22.51
2025-10-06 16:58:23;28.52;79590.00;38.00;1002.11;199;189;5.99;3;54.26;22.52
2025-10-06 16:58:24;28.52;79892.00;38.00;1002.09;199;189;6.04;3;54.26;22.52
2025-10-06 16:58:25;28.51;80121.00;38.00;1002.09;199;189;6.04;3;54.26;22.51
2025-10-06 16:58:26;28.51;80274.00;38.00;1002.09;199;189;6.04;3;54.26;22.51
2025-10-06 16:58:27;28.51;80274.00;38.00;1002.09;199;189;6.00;3;54.26;22.51
2025-10-06 16:58:28;28.52;80659.00;38.00;1002.09;199;189;6.00;3;54.26;22.52
2025-10-06 16:58:29;28.52;80428.00;38.00;1002.09;199;189;6.00;3;54.26;22.52
2025-10-06 16:58:30;28.52;80737.00;38.00;1002.09;200;190;6.06;3;54.26;22.52
2025-10-06 16:58:31;28.52;79892.00;38.00;1002.07;200;190;6.06;3;54.26;22.52
2025-10-06 16:58:32;28.52;80814.00;38.00;1002.07;200;190;6.06;3;54.26;22.52
2025-10-06 16:58:33;28.52;79741.00;38.00;1002.09;198;188;5.92;3;54.26;22.52
2025-10-06 16:58:34;28.52;80121.00;38.00;1002.09;198;188;5.92;3;54.26;22.52
2025-10-06 16:58:35;28.52;79665.00;38.00;1002.09;198;188;5.92;3;54.26;22.52
2025-10-06 16:58:36;28.52;80274.00;38.00;1002.09;199;189;6.00;3;54.26;22.52
2025-10-06 16:58:37;28.52;79968.00;38.00;1002.07;199;189;6.00;3;54.26;22.52
2025-10-06 16:58:38;28.52;79892.00;38.00;1002.07;199;189;6.00;3;54.26;22.52
2025-10-06 16:58:39;28.52;79439.00;38.00;1002.09;199;189;6.04;3;54.26;22.52
2025-10-06 16:58:40;28.52;79741.00;38.00;1002.09;199;189;6.04;3;54.26;22.52
2025-10-06 16:58:41;28.52;80351.00;38.00;1002.09;199;189;6.04;3;54.26;22.52
2025-10-06 16:58:42;28.52;80274.00;38.00;1002.09;199;189;5.99;3;54.26;22.52
2025-10-06 16:58:43;28.53;80121.00;38.00;1002.07;199;189;5.99;3;54.26;22.53
2025-10-06 16:58:44;28.53;80197.00;38.00;1002.07;199;189;5.99;3;54.26;22.53
2025-10-06 16:58:45;28.52;79665.00;38.00;1002.11;199;189;5.96;3;54.26;22.52
2025-10-06 16:58:46;28.53;80582.00;38.00;1002.11;199;189;5.96;3;54.26;22.53
2025-10-06 16:58:47;28.53;79289.00;38.00;1002.09;199;189;5.96;3;54.26;22.53
2025-10-06 16:58:48;28.53;80892.00;38.00;1002.11;198;188;5.93;3;54.26;22.53
2025-10-06 16:58:49;28.53;80197.00;38.00;1002.09;198;188;5.93;3;54.26;22.53
2025-10-06 16:58:50;28.53;79817.00;38.00;1002.09;198;188;5.93;3;54.26;22.53
2025-10-06 16:58:51;28.53;80197.00;38.00;1002.09;199;189;5.99;3;54.26;22.53
2025-10-06 16:58:52;28.53;79515.00;38.00;1002.09;199;189;5.99;3;54.26;22.53
2025-10-06 16:58:53;28.53;80274.00;38.00;1002.09;199;189;5.99;3;54.26;22.53
2025-10-06 16:58:54;28.53;80197.00;38.00;1002.09;199;189;6.00;3;54.26;22.53
2025-10-06 16:58:55;28.54;79968.00;38.00;1002.09;199;189;6.00;3;54.26;22.54
2025-10-06 16:58:56;28.54;80274.00;38.00;1002.09;199;189;6.00;3;54.26;22.54
2025-10-06 16:58:57;28.53;80351.00;38.00;1002.09;200;190;6.07;3;54.26;22.53
2025-10-06 16:58:58;28.54;79741.00;38.00;1002.09;200;190;6.07;3;54.26;22.54
2025-10-06 16:58:59;28.53;80121.00;38.00;1002.09;200;190;6.07;3;54.26;22.53
2025-10-06 16:59:00;28.54;80582.00;38.00;1002.09;200;190;6.06;3;54.26;22.54
2025-10-06 16:59:01;28.53;80045.00;38.00;1002.09;200;190;6.06;3;54.26;22.53
2025-10-06 16:59:02;28.54;80428.00;38.00;1002.09;200;190;6.06;3;54.26;22.54
2025-10-06 16:59:03;28.54;80892.00;38.00;1002.09;199;189;5.99;3;54.26;22.54
2025-10-06 16:59:04;28.54;80121.00;38.00;1002.09;199;189;5.99;3;54.26;22.54
2025-10-06 16:59:05;28.54;80274.00;38.00;1002.09;199;189;5.99;3;54.26;22.54
2025-10-06 16:59:06;28.54;80121.00;38.00;1002.07;198;188;5.95;3;54.26;22.54
2025-10-06 16:59:07;28.54;79665.00;38.00;1002.07;198;188;5.95;3;54.26;22.54
2025-10-06 16:59:08;28.54;79665.00;38.00;1002.07;198;188;5.95;3;54.26;22.54
2025-10-06 16:59:09;28.54;79741.00;38.00;1002.07;199;189;6.02;3;54.26;22.54
2025-10-06 16:59:10;28.54;79817.00;38.00;1002.07;199;189;6.02;3;54.26;22.54
2025-10-06 16:59:11;28.54;80274.00;38.00;1002.07;199;189;6.02;3;54.26;22.54
2025-10-06 16:59:12;28.54;79968.00;38.00;1002.07;199;189;6.04;3;54.26;22.54
2025-10-06 16:59:13;28.54;79892.00;38.00;1002.07;199;189;6.04;3;54.26;22.54
2025-10-06 16:59:14;28.54;80197.00;38.00;1002.07;199;189;6.04;3;54.26;22.54
2025-10-06 16:59:15;28.54;79665.00;38.00;1002.07;198;188;5.94;3;54.26;22.54
2025-10-06 16:59:16;28.54;79892.00;38.00;1002.07;198;188;5.94;3;54.26;22.54
2025-10-06 16:59:17;28.54;79741.00;38.00;1002.07;198;188;5.94;3;54.26;22.54
2025-10-06 16:59:18;28.54;80582.00;38.00;1002.07;199;189;6.03;3;54.26;22.54
2025-10-06 16:59:19;28.54;80197.00;38.00;1002.07;199;189;6.03;3;54.26;22.54
2025-10-06 16:59:20;28.54;80197.00;38.00;1002.07;199;189;6.03;3;54.26;22.54
2025-10-06 16:59:21;28.54;79515.00;38.00;1002.07;200;190;6.09;3;54.26;22.54
2025-10-06 16:59:22;28.54;79892.00;38.00;1002.07;200;190;6.09;3;54.26;22.54
2025-10-06 16:59:23;28.54;80428.00;38.00;1002.07;200;190;6.09;3;54.26;22.54
2025-10-06 16:59:24;28.54;80197.00;38.00;1002.06;199;189;6.04;3;54.26;22.54
2025-10-06 16:59:25;28.54;79741.00;38.00;1002.06;199;189;6.04;3;54.26;22.54
2025-10-06 16:59:26;28.54;79741.00;38.00;1002.07;199;189;6.04;3;54.26;22.54
2025-10-06 16:59:27;28.54;80197.00;38.00;1002.07;199;189;6.00;3;54.26;22.54
2025-10-06 16:59:28;28.54;79817.00;38.00;1002.07;199;189;6.00;3;54.26;22.54
2025-10-06 16:59:29;28.54;80970.00;38.00;1002.07;199;189;6.00;3;54.26;22.54
2025-10-06 16:59:30;28.54;79215.00;38.00;1002.07;198;188;5.90;3;54.26;22.54
2025-10-06 16:59:31;28.54;80659.00;38.00;1002.07;198;188;5.90;3;54.26;22.54
2025-10-06 16:59:32;28.54;80274.00;38.00;1002.07;198;188;5.90;3;54.26;22.54
2025-10-06 16:59:33;28.54;80505.00;38.00;1002.07;199;188;5.96;3;54.26;22.54
2025-10-06 16:59:34;28.53;80351.00;38.00;1002.07;199;188;5.96;3;54.26;22.53
2025-10-06 16:59:35;28.53;80274.00;38.00;1002.07;199;188;5.96;3;54.26;22.53
2025-10-06 16:59:36;28.54;80351.00;38.00;1002.07;198;188;5.92;3;54.26;22.54
2025-10-06 16:59:37;28.54;80351.00;38.00;1002.07;198;188;5.92;3;54.26;22.54
2025-10-06 16:59:38;28.53;80197.00;38.00;1002.07;198;188;5.92;3;54.26;22.53
2025-10-06 16:59:39;28.54;80121.00;38.00;1002.07;199;189;6.01;3;54.26;22.54
2025-10-06 16:59:40;28.54;79817.00;38.00;1002.07;199;189;6.01;3;54.26;22.54
2025-10-06 16:59:41;28.54;79439.00;38.00;1002.06;199;189;6.01;3;54.26;22.54
2025-10-06 16:59:42;28.54;80197.00;38.00;1002.07;199;188;5.95;3;54.26;22.54
2025-10-06 16:59:43;28.54;79968.00;38.00;1002.07;199;188;5.95;3;54.26;22.54
2025-10-06 16:59:44;28.54;80428.00;38.00;1002.07;199;188;5.95;3;54.26;22.54
2025-10-06 16:59:45;28.54;79741.00;38.00;1002.07;198;188;5.87;3;54.26;22.54
2025-10-06 16:59:46;28.54;80045.00;38.00;1002.07;198;188;5.87;3;54.26;22.54
2025-10-06 16:59:47;28.54;79515.00;38.00;1002.06;198;188;5.87;3;54.26;22.54
2025-10-06 16:59:48;28.54;80045.00;38.00;1002.07;198;188;5.91;3;54.26;22.54
2025-10-06 16:59:49;28.54;79817.00;38.00;1002.07;198;188;5.91;3;54.26;22.54
2025-10-06 16:59:50;28.54;80045.00;38.00;1002.07;198;188;5.91;3;54.26;22.54
2025-10-06 16:59:51;28.54;79741.00;38.00;1002.07;199;189;5.98;3;54.26;22.54
2025-10-06 16:59:52;28.54;80197.00;38.00;1002.07;199;189;5.98;3;54.26;22.54
2025-10-06 16:59:53;28.54;80274.00;38.00;1002.07;199;189;5.98;3;54.26;22.54
2025-10-06 16:59:54;28.54;79741.00;38.00;1002.07;199;189;5.97;3;54.26;22.54
2025-10-06 16:59:55;28.54;80274.00;38.00;1002.07;199;189;5.97;3;54.26;22.54
2025-10-06 16:59:56;28.54;79892.00;38.00;1002.07;199;189;5.97;3;54.26;22.54
2025-10-06 16:59:57;28.54;79817.00;38.00;1002.07;199;189;6.02;3;54.26;22.54
2025-10-06 16:59:58;28.55;79741.00;38.00;1002.07;199;189;6.02;3;54.26;22.55
2025-10-06 16:59:59;28.54;79968.00;38.00;1002.07;199;189;6.02;3;54.26;22.54
2025-10-06 17:00:00;28.54;80197.00;38.00;1002.07;199;189;5.98;3;54.26;22.54
2025-10-06 17:00:01;28.55;80505.00;38.00;1002.07;199;189;5.98;3;54.26;22.55
2025-10-06 17:00:02;28.54;80582.00;38.00;1002.07;199;189;5.98;3;54.26;22.54
2025-10-06 17:00:03;28.54;79968.00;38.00;1002.07;199;189;6.00;3;54.26;22.54
2025-10-06 17:00:04;28.54;80121.00;38.00;1002.07;199;189;6.00;3;54.26;22.54
2025-10-06 17:00:05;28.54;79817.00;38.00;1002.07;199;189;6.00;3;54.26;22.54
2025-10-06 17:00:06;28.54;80351.00;38.00;1002.07;199;189;6.00;3;54.26;22.54
2025-10-06 17:00:07;28.54;79817.00;38.00;1002.09;198;188;5.94;3;54.26;22.54
2025-10-06 17:00:08;28.54;79665.00;38.00;1002.07;198;188;5.94;3;54.26;22.54
2025-10-06 17:00:09;28.54;79817.00;38.00;1002.09;198;188;5.94;3;54.26;22.54
2025-10-06 17:00:10;28.54;80582.00;38.00;1002.07;199;189;6.00;3;54.26;22.54
2025-10-06 17:00:11;28.54;79892.00;38.00;1002.09;199;189;6.00;3;54.26;22.54
2025-10-06 17:00:12;28.54;80351.00;38.00;1002.07;199;189;6.00;3;54.26;22.54
2025-10-06 17:00:13;28.54;80197.00;38.00;1002.07;198;188;5.94;3;54.26;22.54
2025-10-06 17:00:14;28.54;79665.00;38.00;1002.09;198;188;5.94;3;54.26;22.54
2025-10-06 17:00:15;28.54;79665.00;38.00;1002.07;198;188;5.94;3;54.26;22.54
2025-10-06 17:00:16;28.54;79892.00;38.00;1002.07;199;189;6.02;3;54.26;22.54
2025-10-06 17:00:17;28.54;80197.00;38.00;1002.09;199;189;6.02;3;54.26;22.54
2025-10-06 17:00:18;28.54;79439.00;38.00;1002.07;199;189;6.02;3;54.26;22.54
2025-10-06 17:00:19;28.54;79665.00;38.00;1002.09;201;190;6.12;3;54.26;22.54
2025-10-06 17:00:20;28.54;79515.00;38.00;1002.07;201;190;6.12;3;54.26;22.54
2025-10-06 17:00:21;28.54;79741.00;38.00;1002.07;201;190;6.12;3;54.26;22.54
2025-10-06 17:00:22;28.54;79439.00;38.00;1002.09;201;190;6.13;3;54.26;22.54
2025-10-06 17:00:23;28.54;79968.00;38.00;1002.09;201;190;6.13;3;54.26;22.54
2025-10-06 17:00:24;28.54;79590.00;38.00;1002.09;201;190;6.13;3;54.26;22.54
2025-10-06 17:00:25;28.54;79741.00;38.00;1002.09;201;191;6.17;3;54.26;22.54
2025-10-06 17:00:26;28.54;80045.00;38.00;1002.09;201;191;6.17;3;54.26;22.54
2025-10-06 17:00:27;28.54;79892.00;38.00;1002.07;201;191;6.17;3;54.26;22.54
2025-10-06 17:00:28;28.54;79968.00;38.00;1002.09;201;190;6.14;3;54.26;22.54
2025-10-06 17:00:29;28.54;79741.00;38.00;1002.07;201;190;6.14;3;54.26;22.54
2025-10-06 17:00:30;28.54;80197.00;38.00;1002.09;201;190;6.14;3;54.26;22.54
2025-10-06 17:00:31;28.54;79817.00;38.00;1002.09;200;190;6.06;3;54.26;22.54
2025-10-06 17:00:32;28.54;80197.00;38.00;1002.07;200;190;6.06;3;54.26;22.54
2025-10-06 17:00:33;28.54;80274.00;38.00;1002.09;200;190;6.06;3;54.26;22.54
2025-10-06 17:00:34;28.54;79515.00;38.00;1002.09;199;189;6.00;3;54.26;22.54
2025-10-06 17:00:35;28.54;79741.00;38.00;1002.09;199;189;6.00;3;54.26;22.54
2025-10-06 17:00:36;28.54;79665.00;38.00;1002.07;199;189;6.00;3;54.26;22.54
2025-10-06 17:00:37;28.54;79817.00;38.00;1002.09;200;190;6.06;3;54.26;22.54
2025-10-06 17:00:38;28.54;79892.00;38.00;1002.09;200;190;6.06;3;54.26;22.54
2025-10-06 17:00:39;28.54;79665.00;38.00;1002.09;200;190;6.06;3;54.26;22.54
2025-10-06 17:00:40;28.54;80274.00;38.00;1002.07;199;189;5.99;3;54.26;22.54
2025-10-06 17:00:41;28.54;80814.00;38.00;1002.07;199;189;5.99;3;54.26;22.54
2025-10-06 17:00:42;28.54;80197.00;38.00;1002.07;199;189;5.99;3;54.26;22.54
2025-10-06 17:00:43;28.54;80274.00;38.00;1002.07;199;189;5.96;3;54.26;22.54
2025-10-06 17:00:44;28.54;79817.00;38.00;1002.09;199;189;5.96;3;54.26;22.54
2025-10-06 17:00:45;28.54;79590.00;38.00;1002.07;199;189;5.96;3;54.26;22.54
2025-10-06 17:00:46;28.53;79590.00;38.00;1002.07;200;189;6.05;3;54.26;22.53
2025-10-06 17:00:47;28.54;79817.00;38.00;1002.07;200;189;6.05;3;54.26;22.54
2025-10-06 17:00:48;28.53;79741.00;38.00;1002.07;200;189;6.05;3;54.26;22.53
2025-10-06 17:00:49;28.54;80582.00;38.00;1002.09;199;189;6.01;3;54.26;22.54
2025-10-06 17:00:50;28.54;79968.00;38.00;1002.09;199;189;6.01;3;54.26;22.54
2025-10-06 17:00:51;28.53;79590.00;38.00;1002.09;199;189;6.01;3;54.26;22.53
2025-10-06 17:00:52;28.53;80428.00;38.00;1002.09;200;189;6.03;3;54.26;22.53
2025-10-06 17:00:53;28.53;80351.00;38.00;1002.09;200;189;6.03;3;54.26;22.53
2025-10-06 17:00:54;28.53;80197.00;38.00;1002.09;200;189;6.03;3;54.26;22.53
2025-10-06 17:00:55;28.53;80197.00;38.00;1002.09;199;189;5.99;3;54.26;22.53
2025-10-06 17:00:56;28.53;79515.00;38.00;1002.11;199;189;5.99;3;54.26;22.53
2025-10-06 17:00:57;28.53;80045.00;38.00;1002.09;199;189;5.99;3;54.26;22.53
2025-10-06 17:00:58;28.53;79892.00;38.00;1002.11;199;189;5.98;3;54.26;22.53
2025-10-06 17:00:59;28.53;79665.00;38.00;1002.09;199;189;5.98;3;54.26;22.53
2025-10-06 17:01:00;28.53;80121.00;38.00;1002.11;199;189;5.98;3;54.26;22.53
2025-10-06 17:01:01;28.53;80428.00;38.00;1002.09;199;188;5.96;3;54.26;22.53
2025-10-06 17:01:02;28.53;80505.00;38.00;1002.11;199;188;5.96;3;54.26;22.53
2025-10-06 17:01:03;28.53;79741.00;38.00;1002.07;199;188;5.96;3;54.26;22.53
2025-10-06 17:01:04;28.53;80197.00;38.00;1002.11;199;189;6.02;3;54.26;22.53
2025-10-06 17:01:05;28.53;79665.00;38.00;1002.11;199;189;6.02;3;54.26;22.53
2025-10-06 17:01:06;28.53;80121.00;38.00;1002.07;199;189;6.02;3;54.26;22.53
2025-10-06 17:01:07;28.53;80505.00;38.00;1002.09;199;189;5.99;3;54.26;22.53
2025-10-06 17:01:08;28.53;80274.00;38.00;1002.07;199;189;5.99;3;54.26;22.53
2025-10-06 17:01:09;28.52;80351.00;38.00;1002.07;199;189;5.99;3;54.26;22.52
2025-10-06 17:01:10;28.53;79515.00;38.00;1002.07;198;188;5.93;3;54.26;22.53
2025-10-06 17:01:11;28.52;80197.00;38.00;1002.11;198;188;5.93;3;54.26;22.52
2025-10-06 17:01:12;28.53;80197.00;38.00;1002.07;198;188;5.93;3;54.26;22.53
2025-10-06 17:01:13;28.53;79968.00;38.00;1002.09;198;188;5.91;3;54.26;22.53
2025-10-06 17:01:14;28.53;80351.00;38.00;1002.07;198;188;5.91;3;54.26;22.53
2025-10-06 17:01:15;28.53;79665.00;38.00;1002.09;198;188;5.91;3;54.26;22.53
2025-10-06 17:01:16;28.53;80582.00;38.00;1002.09;199;188;5.94;3;54.26;22.53
2025-10-06 17:01:17;28.53;80045.00;38.00;1002.09;199;188;5.94;3;54.26;22.53
2025-10-06 17:01:18;28.53;79515.00;38.00;1002.09;199;188;5.94;3;54.26;22.53
2025-10-06 17:01:19;28.53;79968.00;38.00;1002.06;198;188;5.90;3;54.26;22.53
2025-10-06 17:01:20;28.53;79741.00;38.00;1002.11;198;188;5.90;3;54.26;22.53
2025-10-06 17:01:21;28.53;80582.00;38.00;1002.11;198;188;5.90;3;54.26;22.53
2025-10-06 17:01:22;28.53;79892.00;38.00;1002.09;200;190;6.06;3;54.26;22.53
2025-10-06 17:01:23;28.53;79741.00;38.00;1002.11;200;190;6.06;3;54.26;22.53
2025-10-06 17:01:24;28.53;79515.00;38.00;1002.09;200;190;6.06;3;54.26;22.53
2025-10-06 17:01:25;28.53;80582.00;38.00;1002.09;201;190;6.12;3;54.26;22.53
2025-10-06 17:01:26;28.53;80505.00;38.00;1002.09;201;190;6.12;3;54.26;22.53
2025-10-06 17:01:27;28.53;80505.00;38.00;1002.07;201;190;6.12;3;54.26;22.53
2025-10-06 17:01:28;28.53;80045.00;38.00;1002.07;200;190;6.09;3;54.26;22.53
2025-10-06 17:01:29;28.53;79817.00;38.00;1002.09;200;190;6.09;3;54.26;22.53
2025-10-06 17:01:30;28.53;79515.00;38.00;1002.09;200;190;6.09;3;54.26;22.53
2025-10-06 17:01:31;28.53;79439.00;38.00;1002.09;201;191;6.18;3;54.26;22.53
2025-10-06 17:01:32;28.53;79968.00;38.00;1002.09;201;191;6.18;3;54.26;22.53
2025-10-06 17:01:33;28.53;80351.00;38.00;1002.09;201;191;6.18;3;54.26;22.53
2025-10-06 17:01:34;28.53;80121.00;38.00;1002.07;201;191;6.15;3;54.26;22.53
2025-10-06 17:01:35;28.53;78991.00;38.00;1002.07;201;191;6.15;3;54.26;22.53
2025-10-06 17:01:36;28.53;79665.00;38.00;1002.09;201;191;6.15;3;54.26;22.53
2025-10-06 17:01:37;28.53;79968.00;38.00;1002.07;202;191;6.20;3;54.26;22.53
2025-10-06 17:01:38;28.53;79741.00;38.00;1002.07;202;191;6.20;3;54.26;22.53
2025-10-06 17:01:39;28.53;79968.00;38.00;1002.09;202;191;6.20;3;54.26;22.53
2025-10-06 17:01:40;28.53;79817.00;38.00;1002.09;201;190;6.14;3;54.26;22.53
2025-10-06 17:01:41;28.53;80121.00;38.00;1002.09;201;190;6.14;3;54.26;22.53
2025-10-06 17:01:42;28.53;80197.00;38.00;1002.09;201;190;6.14;3;54.26;22.53
2025-10-06 17:01:43;28.53;80121.00;38.00;1002.09;201;190;6.12;3;54.26;22.53
2025-10-06 17:01:44;28.54;80505.00;38.00;1002.09;201;190;6.12;3;54.26;22.54
2025-10-06 17:01:45;28.54;80121.00;38.00;1002.09;201;190;6.12;3;54.26;22.54
2025-10-06 17:01:46;28.54;80045.00;38.00;1002.09;201;191;6.15;3;54.26;22.54
2025-10-06 17:01:47;28.54;79665.00;38.00;1002.07;201;191;6.15;3;54.26;22.54
2025-10-06 17:01:48;28.54;80351.00;38.00;1002.09;201;191;6.15;3;54.26;22.54
2025-10-06 17:01:49;28.54;79364.00;38.00;1002.09;202;191;6.22;3;54.26;22.54
2025-10-06 17:01:50;28.53;79892.00;38.00;1002.09;202;191;6.22;3;54.26;22.53
2025-10-06 17:01:51;28.53;80197.00;38.00;1002.07;202;191;6.22;3;54.26;22.53
2025-10-06 17:01:52;28.53;79817.00;38.00;1002.07;202;191;6.23;3;54.26;22.53
2025-10-06 17:01:53;28.53;79665.00;38.00;1002.09;202;191;6.23;3;54.26;22.53
2025-10-06 17:01:54;28.53;80274.00;38.00;1002.09;202;191;6.23;3;54.26;22.53
2025-10-06 17:01:55;28.53;79590.00;38.00;1002.09;202;191;6.19;3;54.26;22.53
2025-10-06 17:01:56;28.54;80045.00;38.00;1002.09;202;191;6.19;3;54.26;22.54
2025-10-06 17:01:57;28.54;79741.00;38.00;1002.09;202;191;6.19;3;54.26;22.54
2025-10-06 17:01:58;28.53;79364.00;38.00;1002.09;200;190;6.09;3;54.26;22.53
2025-10-06 17:01:59;28.54;79590.00;38.00;1002.09;200;190;6.09;3;54.26;22.54
2025-10-06 17:02:00;28.54;80121.00;38.00;1002.09;200;190;6.09;3;54.26;22.54
2025-10-06 17:02:01;28.54;79741.00;38.00;1002.09;201;190;6.11;3;54.26;22.54
2025-10-06 17:02:02;28.54;80197.00;38.00;1002.09;201;190;6.11;3;54.26;22.54
2025-10-06 17:02:03;28.53;79817.00;38.00;1002.09;201;190;6.11;3;54.26;22.53
2025-10-06 17:02:04;28.54;80121.00;38.00;1002.09;200;190;6.09;3;54.26;22.54
2025-10-06 17:02:05;28.54;80121.00;38.00;1002.09;200;190;6.09;3;54.26;22.54
2025-10-06 17:02:06;28.54;80274.00;38.00;1002.09;200;190;6.09;3;54.26;22.54
2025-10-06 17:02:07;28.53;79364.00;38.00;1002.09;201;191;6.18;3;54.26;22.53
2025-10-06 17:02:08;28.54;80121.00;38.00;1002.09;201;191;6.18;3;54.26;22.54
2025-10-06 17:02:09;28.54;79289.00;38.00;1002.09;201;191;6.18;3;54.26;22.54
2025-10-06 17:02:10;28.54;79665.00;38.00;1002.07;202;192;6.25;3;54.26;22.54
2025-10-06 17:02:11;28.54;79817.00;38.00;1002.09;202;192;6.25;3;54.26;22.54
2025-10-06 17:02:12;28.54;80428.00;38.00;1002.09;202;192;6.25;3;54.26;22.54
2025-10-06 17:02:13;28.54;80045.00;38.00;1002.09;201;191;6.16;3;54.26;22.54
2025-10-06 17:02:14;28.54;79817.00;38.00;1002.09;201;191;6.16;3;54.26;22.54
2025-10-06 17:02:15;28.54;80274.00;38.00;1002.09;201;191;6.16;3;54.26;22.54
2025-10-06 17:02:16;28.54;79289.00;38.00;1002.09;201;190;6.13;3;54.26;22.54
2025-10-06 17:02:17;28.54;80121.00;38.00;1002.09;201;190;6.13;3;54.26;22.54
2025-10-06 17:02:18;28.54;79892.00;38.00;1002.07;201;190;6.13;3;54.26;22.54
2025-10-06 17:02:19;28.54;79968.00;38.00;1002.09;200;190;6.06;3;54.26;22.54
2025-10-06 17:02:20;28.54;80197.00;38.00;1002.09;200;190;6.06;3;54.26;22.54
2025-10-06 17:02:21;28.54;80274.00;38.00;1002.09;200;190;6.06;3;54.26;22.54
2025-10-06 17:02:22;28.54;79665.00;38.00;1002.09;200;190;6.08;3;54.26;22.54
2025-10-06 17:02:23;28.54;79892.00;38.00;1002.07;200;190;6.08;3;54.26;22.54
2025-10-06 17:02:24;28.54;79515.00;38.00;1002.07;200;190;6.08;3;54.26;22.54
2025-10-06 17:02:25;28.54;80121.00;38.00;1002.11;200;189;6.03;3;54.26;22.54
2025-10-06 17:02:26;28.55;79439.00;38.00;1002.07;200;189;6.03;3;54.26;22.55
2025-10-06 17:02:27;28.55;79289.00;38.00;1002.07;200;189;6.03;3;54.26;22.55
2025-10-06 17:02:28;28.54;79892.00;38.00;1002.07;200;189;6.04;3;54.26;22.54
2025-10-06 17:02:29;28.54;80045.00;38.00;1002.07;200;189;6.04;3;54.26;22.54
2025-10-06 17:02:30;28.54;80121.00;38.00;1002.07;200;189;6.04;3;54.26;22.54
2025-10-06 17:02:31;28.54;78917.00;38.00;1002.07;202;191;6.22;3;54.26;22.54
2025-10-06 17:02:32;28.54;80121.00;38.00;1002.07;202;191;6.22;3;54.26;22.54
2025-10-06 17:02:33;28.54;80045.00;38.00;1002.07;202;191;6.22;3;54.26;22.54
2025-10-06 17:02:34;28.54;80197.00;38.00;1002.07;202;191;6.22;3;54.26;22.54
2025-10-06 17:02:35;28.54;79140.00;38.00;1002.07;201;190;6.11;3;54.26;22.54
2025-10-06 17:02:36;28.54;80121.00;38.00;1002.07;201;190;6.11;3;54.26;22.54
2025-10-06 17:02:37;28.54;79741.00;38.00;1002.07;201;190;6.11;3;54.26;22.54
2025-10-06 17:02:38;28.54;80351.00;38.00;1002.07;201;190;6.12;3;54.26;22.54
2025-10-06 17:02:39;28.54;80121.00;38.00;1002.07;201;190;6.12;3;54.26;22.54
2025-10-06 17:02:40;28.54;79968.00;38.00;1002.06;201;190;6.12;3;54.26;22.54
2025-10-06 17:02:41;28.54;79741.00;38.00;1002.06;200;190;6.08;3;54.26;22.54
2025-10-06 17:02:42;28.55;79590.00;38.00;1002.07;200;190;6.08;3;54.26;22.55
2025-10-06 17:02:43;28.55;79439.00;38.00;1002.06;200;190;6.08;3;54.26;22.55
2025-10-06 17:02:44;28.55;79590.00;38.00;1002.09;201;191;6.15;3;54.26;22.55
2025-10-06 17:02:45;28.55;79289.00;38.00;1002.07;201;191;6.15;3;54.26;22.55
2025-10-06 17:02:46;28.55;80505.00;38.00;1002.06;201;191;6.15;3;54.26;22.55
2025-10-06 17:02:47;28.54;79439.00;38.00;1002.06;200;189;6.01;3;54.26;22.54
2025-10-06 17:02:48;28.55;79515.00;38.00;1002.07;200;189;6.01;3;54.26;22.55
2025-10-06 17:02:49;28.55;79439.00;38.00;1002.09;200;189;6.01;3;54.26;22.55
2025-10-06 17:02:50;28.55;80045.00;38.00;1002.07;201;190;6.10;3;54.26;22.55
2025-10-06 17:02:51;28.54;79665.00;38.00;1002.07;201;190;6.10;3;54.26;22.54
2025-10-06 17:02:52;28.54;79741.00;38.00;1002.06;201;190;6.10;3;54.26;22.54
2025-10-06 17:02:53;28.54;80121.00;38.00;1002.07;201;190;6.11;3;54.26;22.54
2025-10-06 17:02:54;28.54;80045.00;38.00;1002.06;201;190;6.11;3;54.26;22.54
2025-10-06 17:02:55;28.54;79665.00;38.00;1002.07;201;190;6.11;3;54.26;22.54
2025-10-06 17:02:56;28.54;79665.00;38.00;1002.09;201;190;6.13;3;54.26;22.54
2025-10-06 17:02:57;28.55;79968.00;38.00;1002.06;201;190;6.13;3;54.26;22.55
2025-10-06 17:02:58;28.54;80045.00;38.00;1002.07;201;190;6.13;3;54.26;22.54
2025-10-06 17:02:59;28.54;79968.00;38.00;1002.07;200;190;6.07;3;54.26;22.54
2025-10-06 17:03:00;28.54;79590.00;38.00;1002.07;200;190;6.07;3;54.26;22.54
2025-10-06 17:03:01;28.54;79590.00;38.00;1002.07;200;190;6.07;3;54.26;22.54
2025-10-06 17:03:02;28.54;79892.00;38.00;1002.07;200;189;6.05;3;54.26;22.54
2025-10-06 17:03:03;28.55;79364.00;38.00;1002.07;200;189;6.05;3;54.26;22.55
2025-10-06 17:03:04;28.54;80045.00;38.00;1002.07;200;189;6.05;3;54.26;22.54
2025-10-06 17:03:05;28.54;79741.00;38.00;1002.07;200;190;6.07;3;54.26;22.54
2025-10-06 17:03:06;28.54;79892.00;38.00;1002.07;200;190;6.07;3;54.26;22.54
2025-10-06 17:03:07;28.54;79968.00;38.00;1002.07;200;190;6.07;3;54.26;22.54
2025-10-06 17:03:08;28.55;79364.00;38.00;1002.07;200;189;6.05;3;54.26;22.55
2025-10-06 17:03:09;28.54;79439.00;38.00;1002.07;200;189;6.05;3;54.26;22.54
2025-10-06 17:03:10;28.54;79590.00;38.00;1002.07;200;189;6.05;3;54.26;22.54
2025-10-06 17:03:11;28.54;79515.00;38.00;1002.07;201;190;6.10;3;54.26;22.54
2025-10-06 17:03:12;28.54;79364.00;38.00;1002.07;201;190;6.10;3;54.26;22.54
2025-10-06 17:03:13;28.54;79439.00;38.00;1002.07;201;190;6.10;3;54.26;22.54
2025-10-06 17:03:14;28.54;80892.00;38.00;1002.07;201;191;6.16;3;54.26;22.54
2025-10-06 17:03:15;28.53;79515.00;38.00;1002.09;201;191;6.16;3;54.26;22.53
2025-10-06 17:03:16;28.53;80045.00;38.00;1002.09;201;191;6.16;3;54.26;22.53
2025-10-06 17:03:17;28.53;80121.00;38.00;1002.07;201;191;6.16;3;54.26;22.53
2025-10-06 17:03:18;28.53;79439.00;38.00;1002.07;201;191;6.16;3;54.26;22.53
2025-10-06 17:03:19;28.54;79590.00;38.00;1002.07;201;191;6.16;3;54.26;22.54
2025-10-06 17:03:20;28.54;79817.00;38.00;1002.09;202;191;6.18;3;54.26;22.54
2025-10-06 17:03:21;28.54;79439.00;38.00;1002.09;202;191;6.18;3;54.26;22.54
2025-10-06 17:03:22;28.53;79364.00;38.00;1002.07;202;191;6.18;3;54.26;22.53
2025-10-06 17:03:23;28.54;79741.00;38.00;1002.07;202;191;6.23;3;54.26;22.54
2025-10-06 17:03:24;28.53;80197.00;38.00;1002.09;202;191;6.23;3;54.26;22.53
2025-10-06 17:03:25;28.53;79968.00;38.00;1002.09;202;191;6.23;3;54.26;22.53
2025-10-06 17:03:26;28.54;79741.00;38.00;1002.09;201;191;6.16;3;54.26;22.54
2025-10-06 17:03:27;28.53;79515.00;38.00;1002.07;201;191;6.16;3;54.26;22.53
2025-10-06 17:03:28;28.54;79289.00;38.00;1002.09;201;191;6.16;3;54.26;22.54
2025-10-06 17:03:29;28.53;79665.00;38.00;1002.09;201;190;6.12;3;54.26;22.53
2025-10-06 17:03:30;28.53;80351.00;38.00;1002.09;201;190;6.12;3;54.26;22.53
2025-10-06 17:03:31;28.54;80274.00;38.00;1002.07;201;190;6.12;3;54.26;22.54
2025-10-06 17:03:32;28.54;79968.00;38.00;1002.07;200;189;6.02;3;54.26;22.54
2025-10-06 17:03:33;28.54;79439.00;38.00;1002.07;200;189;6.02;3;54.26;22.54
2025-10-06 17:03:34;28.54;79515.00;38.00;1002.09;200;189;6.02;3;54.26;22.54
2025-10-06 17:03:35;28.54;80121.00;38.00;1002.07;200;189;6.01;3;54.26;22.54
2025-10-06 17:03:36;28.54;80197.00;38.00;1002.07;200;189;6.01;3;54.26;22.54
2025-10-06 17:03:37;28.54;79741.00;38.00;1002.07;200;189;6.01;3;54.26;22.54
2025-10-06 17:03:38;28.53;79892.00;38.00;1002.09;199;188;5.95;3;54.26;22.53
2025-10-06 17:03:39;28.53;79364.00;38.00;1002.07;199;188;5.95;3;54.26;22.53
2025-10-06 17:03:40;28.53;80045.00;38.00;1002.07;199;188;5.95;3;54.26;22.53
2025-10-06 17:03:41;28.53;79892.00;38.00;1002.09;199;189;5.99;3;54.26;22.53
2025-10-06 17:03:42;28.53;79968.00;38.00;1002.09;199;189;5.99;3;54.26;22.53
2025-10-06 17:03:43;28.53;80351.00;38.00;1002.09;199;189;5.99;3;54.26;22.53
2025-10-06 17:03:44;28.53;79741.00;38.00;1002.09;200;190;6.06;3;54.26;22.53
2025-10-06 17:03:45;28.53;79665.00;38.00;1002.09;200;190;6.06;3;54.26;22.53
2025-10-06 17:03:46;28.53;79817.00;38.00;1002.09;200;190;6.06;3;54.26;22.53
2025-10-06 17:03:47;28.54;79892.00;38.00;1002.09;200;190;6.06;3;54.26;22.54
2025-10-06 17:03:48;28.54;79289.00;38.00;1002.09;200;190;6.06;3;54.26;22.54
2025-10-06 17:03:49;28.54;80121.00;38.00;1002.09;200;190;6.06;3;54.26;22.54
2025-10-06 17:03:50;28.54;80197.00;38.00;1002.09;200;190;6.05;3;54.26;22.54
2025-10-06 17:03:51;28.54;79590.00;38.00;1002.07;200;190;6.05;3;54.26;22.54
2025-10-06 17:03:52;28.54;79590.00;38.00;1002.09;200;190;6.05;3;54.26;22.54
2025-10-06 17:03:53;28.54;79968.00;38.00;1002.07;201;190;6.09;3;54.26;22.54
2025-10-06 17:03:54;28.54;79968.00;38.00;1002.09;201;190;6.09;3;54.26;22.54
2025-10-06 17:03:55;28.54;79364.00;38.00;1002.09;201;190;6.09;3;54.26;22.54
2025-10-06 17:03:56;28.54;79817.00;38.00;1002.07;201;190;6.11;3;54.26;22.54
2025-10-06 17:03:57;28.53;79892.00;38.00;1002.09;201;190;6.11;3;54.26;22.53
2025-10-06 17:03:58;28.53;80045.00;38.00;1002.09;201;190;6.11;3;54.26;22.53
2025-10-06 17:03:59;28.53;79741.00;38.00;1002.09;201;190;6.11;3;54.26;22.53
2025-10-06 17:04:00;28.53;80121.00;38.00;1002.09;201;190;6.11;3;54.26;22.53
2025-10-06 17:04:01;28.53;79741.00;38.00;1002.11;201;190;6.11;3;54.26;22.53
2025-10-06 17:04:02;28.53;78843.00;38.00;1002.09;201;190;6.10;3;54.26;22.53
2025-10-06 17:04:03;28.53;78991.00;38.00;1002.07;201;190;6.10;3;54.26;22.53
2025-10-06 17:04:04;28.53;78696.00;38.00;1002.09;201;190;6.10;3;54.26;22.53
2025-10-06 17:04:05;28.53;78843.00;38.00;1002.09;204;193;6.37;3;54.26;22.53
2025-10-06 17:04:06;28.53;79215.00;38.00;1002.11;204;193;6.37;3;54.26;22.53
2025-10-06 17:04:07;28.53;78769.00;38.00;1002.11;204;193;6.37;3;54.26;22.53
2025-10-06 17:04:08;28.53;78256.00;38.00;1002.09;205;194;6.52;3;54.26;22.53
2025-10-06 17:04:09;28.53;77893.00;38.00;1002.09;205;194;6.52;3;54.26;22.53
2025-10-06 17:04:10;28.54;78110.00;38.00;1002.09;205;194;6.52;3;54.26;22.54
2025-10-06 17:04:11;28.54;77966.00;38.00;1002.07;208;197;6.79;3;54.26;22.54
