timestamp;temperature;gas;humidity;barometer;IAQ;IAQ_S;VOCS;accuracy
2025-09-22 13:59:55;31.05;81917.00;33.00;998.98;103;117;2.01;3
2025-09-22 13:59:56;31.03;81837.00;33.00;998.98;103;117;2.03;3
2025-09-22 13:59:57;31.02;82561.00;33.00;998.98;103;117;2.03;3
2025-09-22 13:59:58;31.00;81837.00;33.00;998.98;103;117;2.03;3
2025-09-22 13:59:59;30.99;81997.00;33.00;998.99;104;118;2.04;3
2025-09-22 14:00:00;30.97;82157.00;33.00;998.99;104;118;2.04;3
2025-09-22 14:00:01;30.97;81917.00;33.00;998.98;104;118;2.04;3
2025-09-22 14:00:02;30.96;82561.00;33.00;998.98;103;117;2.00;3
2025-09-22 14:00:03;30.95;82480.00;33.00;998.99;103;117;2.00;3
2025-09-22 14:00:04;30.93;82399.00;33.00;998.99;103;117;2.00;3
2025-09-22 14:00:05;30.91;82723.00;33.00;998.99;102;116;1.98;3
2025-09-22 14:00:06;30.90;82318.00;33.00;999.02;102;116;1.98;3
2025-09-22 14:00:07;30.89;82238.00;33.00;998.98;102;116;1.98;3
2025-09-22 14:00:08;30.86;82561.00;34.00;999.03;101;115;1.95;3
2025-09-22 14:00:09;30.81;82238.00;34.00;999.03;101;115;1.95;3
2025-09-22 14:00:10;30.75;82886.00;34.00;999.03;101;115;1.95;3
2025-09-22 14:00:11;30.69;82561.00;34.00;999.03;101;115;1.95;3
2025-09-22 14:00:12;30.68;82968.00;34.00;999.03;101;114;1.94;3
2025-09-22 14:00:13;30.65;82642.00;34.00;999.02;101;114;1.94;3
2025-09-22 14:00:14;30.61;81917.00;34.00;999.02;101;114;1.94;3
2025-09-22 14:00:15;30.56;82157.00;34.00;999.02;102;116;1.98;3
2025-09-22 14:00:16;30.48;82318.00;34.00;999.03;102;116;1.98;3
2025-09-22 14:00:17;30.41;82238.00;34.00;998.99;102;116;1.98;3
2025-09-22 14:00:18;30.36;82723.00;34.00;999.02;102;116;1.99;3
2025-09-22 14:00:19;30.28;82480.00;34.00;998.99;102;116;1.99;3
2025-09-22 14:00:20;30.18;83050.00;34.00;999.03;102;116;1.99;3
2025-09-22 14:00:21;30.14;83050.00;34.00;999.03;101;115;1.96;3
2025-09-22 14:00:22;30.12;83297.00;34.00;999.06;101;115;1.96;3
2025-09-22 14:00:23;30.11;83050.00;34.00;999.06;101;115;1.96;3
2025-09-22 14:00:24;30.10;82642.00;34.00;999.03;101;114;1.94;3
2025-09-22 14:00:25;30.08;83546.00;34.00;999.06;101;114;1.94;3
2025-09-22 14:00:26;30.07;83132.00;34.00;999.06;101;114;1.94;3
2025-09-22 14:00:27;30.05;82886.00;34.00;999.03;101;114;1.93;3
2025-09-22 14:00:28;30.03;82805.00;34.00;999.03;101;114;1.93;3
2025-09-22 14:00:29;30.01;82968.00;34.00;999.03;101;114;1.93;3
2025-09-22 14:00:30;30.00;83297.00;35.00;998.99;101;114;1.94;3
2025-09-22 14:00:31;29.98;83463.00;35.00;999.02;101;114;1.94;3
2025-09-22 14:00:32;29.96;83463.00;35.00;999.02;101;114;1.94;3
2025-09-22 14:00:33;29.95;83879.00;35.00;999.02;100;113;1.91;3
2025-09-22 14:00:34;29.94;83879.00;35.00;999.03;100;113;1.91;3
2025-09-22 14:00:35;29.92;83712.00;35.00;999.03;100;113;1.91;3
2025-09-22 14:00:36;29.90;83380.00;35.00;999.03;99;112;1.88;3
2025-09-22 14:00:37;29.88;83712.00;35.00;999.02;99;112;1.88;3
2025-09-22 14:00:38;29.87;83463.00;35.00;999.02;99;112;1.88;3
2025-09-22 14:00:39;29.86;83629.00;35.00;999.03;99;112;1.87;3
2025-09-22 14:00:40;29.84;83712.00;35.00;999.03;99;112;1.87;3
2025-09-22 14:00:41;29.83;84384.00;35.00;999.03;99;112;1.87;3
2025-09-22 14:00:42;29.82;83215.00;35.00;999.06;98;110;1.82;3
2025-09-22 14:00:43;29.80;83215.00;35.00;999.03;98;110;1.82;3
2025-09-22 14:00:44;29.79;83795.00;35.00;999.02;98;110;1.82;3
2025-09-22 14:00:45;29.77;83879.00;35.00;999.03;98;110;1.83;3
2025-09-22 14:00:46;29.77;83795.00;35.00;999.02;98;110;1.83;3
2025-09-22 14:00:47;29.75;84896.00;35.00;999.02;98;110;1.83;3
2025-09-22 14:00:48;29.74;84469.00;35.00;999.03;96;108;1.77;3
2025-09-22 14:00:49;29.72;83712.00;35.00;998.99;96;108;1.77;3
2025-09-22 14:00:50;29.71;84047.00;35.00;999.03;96;108;1.77;3
2025-09-22 14:00:51;29.70;83963.00;35.00;999.03;96;109;1.78;3
2025-09-22 14:00:52;29.69;84047.00;35.00;999.03;96;109;1.78;3
2025-09-22 14:00:53;29.67;84469.00;35.00;999.03;96;109;1.78;3
2025-09-22 14:00:54;29.67;84300.00;35.00;999.06;96;108;1.77;3
2025-09-22 14:00:55;29.66;84047.00;35.00;999.06;96;108;1.77;3
2025-09-22 14:00:56;29.64;84047.00;35.00;999.06;96;108;1.77;3
2025-09-22 14:00:57;29.63;83879.00;35.00;999.06;94;107;1.72;3
2025-09-22 14:00:58;29.63;84300.00;35.00;999.06;94;107;1.72;3
2025-09-22 14:00:59;29.62;84810.00;35.00;999.06;94;107;1.72;3
2025-09-22 14:01:00;29.61;84131.00;35.00;999.06;94;106;1.72;3
2025-09-22 14:01:01;29.59;84896.00;35.00;999.08;94;106;1.72;3
2025-09-22 14:01:02;29.58;84384.00;35.00;999.06;94;106;1.72;3
2025-09-22 14:01:03;29.57;83546.00;35.00;999.02;97;109;1.80;3
2025-09-22 14:01:04;29.56;83297.00;35.00;999.03;97;109;1.80;3
2025-09-22 14:01:05;29.55;83879.00;36.00;999.06;97;109;1.80;3
2025-09-22 14:01:06;29.54;83380.00;36.00;999.03;97;110;1.81;3
2025-09-22 14:01:07;29.53;85154.00;36.00;999.06;97;110;1.81;3
2025-09-22 14:01:08;29.52;83795.00;36.00;999.03;97;110;1.81;3
2025-09-22 14:01:09;29.52;84896.00;36.00;999.06;95;107;1.74;3
2025-09-22 14:01:10;29.51;83463.00;36.00;999.03;95;107;1.74;3
2025-09-22 14:01:11;29.50;84554.00;36.00;999.03;95;107;1.74;3
2025-09-22 14:01:12;29.49;84469.00;36.00;999.03;95;107;1.74;3
2025-09-22 14:01:13;29.48;84639.00;36.00;999.06;95;107;1.74;3
2025-09-22 14:01:14;29.47;84047.00;36.00;999.03;95;107;1.74;3
2025-09-22 14:01:15;29.46;84300.00;36.00;999.03;98;110;1.82;3
2025-09-22 14:01:16;29.45;85327.00;36.00;999.06;98;110;1.82;3
2025-09-22 14:01:17;29.44;84131.00;36.00;999.03;98;110;1.82;3
2025-09-22 14:01:18;29.43;84982.00;36.00;999.02;98;111;1.84;3
2025-09-22 14:01:19;29.43;83297.00;36.00;999.03;98;111;1.84;3
2025-09-22 14:01:20;29.41;84554.00;36.00;999.03;98;111;1.84;3
2025-09-22 14:01:21;29.40;83215.00;36.00;999.03;96;109;1.78;3
2025-09-22 14:01:22;29.40;85154.00;36.00;999.03;96;109;1.78;3
2025-09-22 14:01:23;29.39;85414.00;36.00;999.03;96;109;1.78;3
2025-09-22 14:01:24;29.39;84131.00;36.00;999.02;95;107;1.74;3
2025-09-22 14:01:25;29.37;83380.00;36.00;999.03;95;107;1.74;3
2025-09-22 14:01:26;29.37;85587.00;36.00;999.02;95;107;1.74;3
2025-09-22 14:01:27;29.36;82968.00;36.00;999.02;96;108;1.76;3
2025-09-22 14:01:28;29.36;85587.00;36.00;999.03;96;108;1.76;3
2025-09-22 14:01:29;29.35;84725.00;36.00;998.98;96;108;1.76;3
2025-09-22 14:01:30;29.34;84725.00;36.00;998.99;97;110;1.81;3
2025-09-22 14:01:31;29.33;85414.00;36.00;998.99;97;110;1.81;3
2025-09-22 14:01:32;29.32;83463.00;36.00;998.99;97;110;1.81;3
2025-09-22 14:01:33;29.32;83963.00;36.00;998.99;96;108;1.76;3
2025-09-22 14:01:34;29.32;86202.00;36.00;998.99;96;108;1.76;3
2025-09-22 14:01:35;29.31;84384.00;36.00;999.02;96;108;1.76;3
2025-09-22 14:01:36;29.30;85587.00;36.00;998.99;96;108;1.77;3
2025-09-22 14:01:37;29.29;84384.00;36.00;998.99;96;108;1.77;3
2025-09-22 14:01:38;29.28;84131.00;36.00;998.98;96;108;1.77;3
2025-09-22 14:01:39;29.28;84215.00;36.00;998.99;96;108;1.76;3
2025-09-22 14:01:40;29.28;84384.00;36.00;998.99;96;108;1.76;3
2025-09-22 14:01:41;29.27;85762.00;36.00;999.02;96;108;1.76;3
2025-09-22 14:01:42;29.25;84639.00;36.00;998.99;94;106;1.72;3
2025-09-22 14:01:43;29.25;85850.00;36.00;998.99;94;106;1.72;3
2025-09-22 14:01:44;29.24;84384.00;36.00;998.98;94;106;1.72;3
2025-09-22 14:01:45;29.25;84639.00;36.00;998.99;93;105;1.69;3
2025-09-22 14:01:46;29.24;85240.00;36.00;998.99;93;105;1.69;3
2025-09-22 14:01:47;29.24;85500.00;36.00;999.02;93;105;1.69;3
2025-09-22 14:01:48;29.22;83712.00;36.00;998.99;93;104;1.67;3
2025-09-22 14:01:49;29.23;84725.00;36.00;998.99;93;104;1.67;3
2025-09-22 14:01:50;29.21;86114.00;36.00;999.02;93;104;1.67;3
2025-09-22 14:01:51;29.22;85154.00;36.00;999.02;93;104;1.67;3
2025-09-22 14:01:52;29.21;83879.00;36.00;998.99;93;104;1.67;3
2025-09-22 14:01:53;29.20;84725.00;36.00;999.02;93;104;1.67;3
2025-09-22 14:01:54;29.19;84300.00;36.00;999.02;94;106;1.71;3
2025-09-22 14:01:55;29.18;83546.00;36.00;999.03;94;106;1.71;3
2025-09-22 14:01:56;29.19;85154.00;36.00;999.02;94;106;1.71;3
2025-09-22 14:01:57;29.18;85850.00;36.00;999.02;95;107;1.73;3
2025-09-22 14:01:58;29.18;85154.00;36.00;999.03;95;107;1.73;3
2025-09-22 14:01:59;29.17;84047.00;36.00;999.03;95;107;1.73;3
2025-09-22 14:02:00;29.17;84982.00;36.00;999.03;91;103;1.63;3
2025-09-22 14:02:01;29.16;84384.00;36.00;999.02;91;103;1.63;3
2025-09-22 14:02:02;29.16;86202.00;36.00;999.02;91;103;1.63;3
2025-09-22 14:02:03;29.16;85414.00;36.00;999.02;91;103;1.63;3
2025-09-22 14:02:04;29.15;85327.00;36.00;999.03;91;103;1.63;3
2025-09-22 14:02:05;29.15;84982.00;36.00;999.02;91;103;1.63;3
2025-09-22 14:02:06;29.14;86114.00;36.00;999.03;91;103;1.63;3
2025-09-22 14:02:07;29.14;84469.00;37.00;999.03;91;103;1.63;3
2025-09-22 14:02:08;29.14;84554.00;37.00;999.03;91;103;1.63;3
2025-09-22 14:02:09;29.13;84047.00;37.00;999.06;93;105;1.69;3
2025-09-22 14:02:10;29.13;84896.00;37.00;999.06;93;105;1.69;3
2025-09-22 14:02:11;29.13;85500.00;37.00;999.06;93;105;1.69;3
2025-09-22 14:02:12;29.12;84554.00;37.00;999.02;94;106;1.72;3
2025-09-22 14:02:13;29.11;84215.00;37.00;999.02;94;106;1.72;3
2025-09-22 14:02:14;29.11;84047.00;37.00;999.03;94;106;1.72;3
2025-09-22 14:02:15;29.11;86025.00;37.00;999.03;92;104;1.66;3
2025-09-22 14:02:16;29.11;85154.00;37.00;999.02;92;104;1.66;3
2025-09-22 14:02:17;29.10;85154.00;37.00;999.02;92;104;1.66;3
2025-09-22 14:02:18;29.09;86290.00;37.00;998.99;93;105;1.68;3
2025-09-22 14:02:19;29.10;86736.00;37.00;998.99;93;105;1.68;3
2025-09-22 14:02:20;29.09;84384.00;37.00;999.02;93;105;1.68;3
2025-09-22 14:02:21;29.09;84554.00;37.00;999.03;94;106;1.71;3
2025-09-22 14:02:22;29.08;84300.00;37.00;999.02;94;106;1.71;3
2025-09-22 14:02:23;29.08;84810.00;37.00;999.02;94;106;1.71;3
2025-09-22 14:02:24;29.08;86114.00;37.00;999.02;94;106;1.72;3
2025-09-22 14:02:25;29.08;84725.00;37.00;999.02;94;106;1.72;3
2025-09-22 14:02:26;29.08;84554.00;37.00;999.03;94;106;1.72;3
2025-09-22 14:02:27;29.07;84554.00;37.00;999.03;95;107;1.73;3
2025-09-22 14:02:28;29.07;85068.00;37.00;999.06;95;107;1.73;3
2025-09-22 14:02:29;29.07;85154.00;37.00;999.03;95;107;1.73;3
2025-09-22 14:02:30;29.07;84554.00;37.00;999.02;95;107;1.73;3
2025-09-22 14:02:31;29.06;84896.00;37.00;999.02;95;107;1.73;3
2025-09-22 14:02:32;29.06;85850.00;37.00;999.02;95;107;1.73;3
2025-09-22 14:02:33;29.05;84896.00;37.00;999.03;95;107;1.73;3
2025-09-22 14:02:34;29.05;86202.00;37.00;999.02;94;106;1.71;3
2025-09-22 14:02:35;29.05;86379.00;37.00;999.03;94;106;1.71;3
2025-09-22 14:02:36;29.05;86025.00;37.00;999.03;94;106;1.71;3
2025-09-22 14:02:37;29.05;85850.00;37.00;999.06;92;104;1.65;3
2025-09-22 14:02:38;29.05;84810.00;37.00;999.06;92;104;1.65;3
2025-09-22 14:02:39;29.05;85327.00;37.00;999.03;92;104;1.65;3
2025-09-22 14:02:40;29.04;85154.00;37.00;999.03;91;103;1.63;3
2025-09-22 14:02:41;29.04;85675.00;37.00;999.03;91;103;1.63;3
2025-09-22 14:02:42;29.04;84639.00;37.00;999.06;91;103;1.63;3
2025-09-22 14:02:43;29.03;84810.00;37.00;999.06;92;104;1.66;3
2025-09-22 14:02:44;29.03;84300.00;37.00;999.06;92;104;1.66;3
2025-09-22 14:02:45;29.03;84215.00;37.00;999.06;92;104;1.66;3
2025-09-22 14:02:46;29.03;85500.00;37.00;999.06;93;105;1.69;3
2025-09-22 14:02:47;29.03;84554.00;37.00;999.03;93;105;1.69;3
2025-09-22 14:02:48;29.02;83712.00;37.00;999.08;93;105;1.69;3
2025-09-22 14:02:49;29.03;86468.00;37.00;999.08;95;107;1.74;3
2025-09-22 14:02:50;29.03;84982.00;37.00;999.06;95;107;1.74;3
2025-09-22 14:02:51;29.03;85068.00;37.00;999.03;95;107;1.74;3
2025-09-22 14:02:52;29.02;86646.00;37.00;999.03;94;106;1.71;3
2025-09-22 14:02:53;29.02;86025.00;37.00;999.06;94;106;1.71;3
2025-09-22 14:02:54;29.02;84725.00;37.00;999.03;94;106;1.71;3
2025-09-22 14:02:55;29.02;85240.00;37.00;999.06;94;106;1.70;3
2025-09-22 14:02:56;29.02;84300.00;37.00;999.06;94;106;1.70;3
2025-09-22 14:02:57;29.02;85154.00;37.00;999.06;94;106;1.70;3
2025-09-22 14:02:58;29.02;84896.00;37.00;999.03;93;105;1.68;3
2025-09-22 14:02:59;29.01;84384.00;37.00;999.03;93;105;1.68;3
2025-09-22 14:03:00;29.01;84554.00;37.00;999.03;93;105;1.68;3
2025-09-22 14:03:01;29.01;84896.00;37.00;999.06;93;105;1.69;3
2025-09-22 14:03:02;29.01;84639.00;37.00;999.06;93;105;1.69;3
2025-09-22 14:03:03;29.01;84896.00;37.00;999.03;93;105;1.69;3
2025-09-22 14:03:04;29.01;84896.00;37.00;999.03;92;104;1.65;3
2025-09-22 14:03:05;29.01;83963.00;37.00;999.02;92;104;1.65;3
2025-09-22 14:03:06;29.01;85327.00;37.00;999.03;92;104;1.65;3
2025-09-22 14:03:07;29.01;86825.00;37.00;998.99;91;102;1.62;3
2025-09-22 14:03:08;29.01;84896.00;37.00;999.02;91;102;1.62;3
2025-09-22 14:03:09;29.01;84554.00;37.00;998.99;91;102;1.62;3
2025-09-22 14:03:10;29.00;86736.00;37.00;998.99;92;104;1.65;3
2025-09-22 14:03:11;29.00;84639.00;37.00;999.02;92;104;1.65;3
2025-09-22 14:03:12;29.00;85068.00;37.00;998.99;92;104;1.65;3
2025-09-22 14:03:13;29.00;84639.00;37.00;999.03;92;103;1.64;3
2025-09-22 14:03:14;29.00;84384.00;37.00;999.02;92;103;1.64;3
2025-09-22 14:03:15;29.00;84639.00;37.00;998.99;92;103;1.64;3
2025-09-22 14:03:16;29.00;84554.00;37.00;998.99;92;104;1.66;3
2025-09-22 14:03:17;28.99;85068.00;37.00;998.98;92;104;1.66;3
2025-09-22 14:03:18;29.01;85068.00;37.00;998.99;92;104;1.66;3
2025-09-22 14:03:19;29.01;84639.00;37.00;998.99;93;104;1.67;3
2025-09-22 14:03:20;29.01;85068.00;37.00;998.99;93;104;1.67;3
2025-09-22 14:03:21;29.00;84810.00;37.00;998.99;93;104;1.67;3
2025-09-22 14:03:22;29.00;84639.00;37.00;998.98;93;104;1.67;3
2025-09-22 14:03:23;29.00;84639.00;37.00;998.99;93;104;1.67;3
2025-09-22 14:03:24;29.00;84810.00;37.00;998.99;93;104;1.67;3
2025-09-22 14:03:25;29.00;84639.00;37.00;998.98;93;105;1.67;3
2025-09-22 14:03:26;29.00;85068.00;37.00;998.99;93;105;1.67;3
2025-09-22 14:03:27;29.00;85587.00;37.00;998.99;93;105;1.67;3
2025-09-22 14:03:28;29.00;84639.00;37.00;998.99;91;103;1.63;3
2025-09-22 14:03:29;29.00;84810.00;37.00;998.99;91;103;1.63;3
2025-09-22 14:03:30;29.00;84725.00;37.00;999.02;91;103;1.63;3
2025-09-22 14:03:31;29.00;85850.00;37.00;998.99;91;103;1.62;3
2025-09-22 14:03:32;29.00;84469.00;37.00;998.99;91;103;1.62;3
2025-09-22 14:03:33;29.00;84554.00;37.00;998.99;91;103;1.62;3
2025-09-22 14:03:34;29.00;83712.00;37.00;998.99;92;104;1.65;3
2025-09-22 14:03:35;29.00;85068.00;37.00;998.98;92;104;1.65;3
2025-09-22 14:03:36;29.00;84896.00;37.00;998.98;92;104;1.65;3
2025-09-22 14:03:37;29.01;84639.00;37.00;998.98;90;101;1.59;3
2025-09-22 14:03:38;29.01;85850.00;37.00;998.98;90;101;1.59;3
2025-09-22 14:03:39;29.01;85414.00;37.00;998.98;90;101;1.59;3
2025-09-22 14:03:40;29.01;84810.00;37.00;998.98;92;103;1.63;3
2025-09-22 14:03:41;29.00;84725.00;37.00;999.02;92;103;1.63;3
2025-09-22 14:03:42;29.01;84982.00;37.00;998.98;92;103;1.63;3
2025-09-22 14:03:43;29.01;84982.00;37.00;998.99;91;103;1.63;3
2025-09-22 14:03:44;29.01;84384.00;37.00;999.02;91;103;1.63;3
2025-09-22 14:03:45;29.01;84810.00;37.00;998.98;91;103;1.63;3
2025-09-22 14:03:46;29.01;85675.00;37.00;999.02;92;104;1.65;3
2025-09-22 14:03:47;29.01;86025.00;37.00;999.02;92;104;1.65;3
2025-09-22 14:03:48;29.01;85587.00;37.00;998.99;92;104;1.65;3
2025-09-22 14:03:49;29.01;84300.00;37.00;999.02;92;104;1.65;3
2025-09-22 14:03:50;29.01;84725.00;37.00;998.99;92;104;1.65;3
2025-09-22 14:03:51;29.01;84300.00;37.00;999.02;92;104;1.65;3
2025-09-22 14:03:52;29.01;84384.00;37.00;998.99;93;105;1.68;3
2025-09-22 14:03:53;29.01;85675.00;37.00;998.99;93;105;1.68;3
2025-09-22 14:03:54;29.02;84554.00;37.00;999.02;93;105;1.68;3
2025-09-22 14:03:55;29.01;85500.00;37.00;999.02;92;103;1.64;3
2025-09-22 14:03:56;29.02;85587.00;37.00;999.02;92;103;1.64;3
2025-09-22 14:03:57;29.02;85327.00;37.00;998.99;92;103;1.64;3
2025-09-22 14:03:58;29.02;85500.00;37.00;999.02;90;101;1.60;3
2025-09-22 14:03:59;29.02;85240.00;37.00;998.99;90;101;1.60;3
2025-09-22 14:04:00;29.02;85154.00;37.00;998.99;90;101;1.60;3
2025-09-22 14:04:01;29.02;86379.00;37.00;998.99;92;103;1.64;3
2025-09-22 14:04:02;29.03;83795.00;37.00;998.99;92;103;1.64;3
2025-09-22 14:04:03;29.03;83963.00;37.00;998.99;92;103;1.64;3
2025-09-22 14:04:04;29.02;84896.00;37.00;998.99;92;104;1.66;3
2025-09-22 14:04:05;29.03;85154.00;37.00;999.02;92;104;1.66;3
2025-09-22 14:04:06;29.03;84896.00;37.00;999.02;92;104;1.66;3
2025-09-22 14:04:07;29.03;85068.00;37.00;999.02;93;104;1.66;3
2025-09-22 14:04:08;29.03;84725.00;37.00;998.99;93;104;1.66;3
2025-09-22 14:04:09;29.03;84215.00;37.00;999.02;93;104;1.66;3
2025-09-22 14:04:10;29.04;85068.00;37.00;998.99;92;104;1.65;3
2025-09-22 14:04:11;29.04;84131.00;37.00;998.99;92;104;1.65;3
2025-09-22 14:04:12;29.04;84384.00;37.00;998.99;92;104;1.65;3
2025-09-22 14:04:13;29.04;85500.00;37.00;998.99;91;102;1.62;3
2025-09-22 14:04:14;29.04;86646.00;37.00;998.98;91;102;1.62;3
2025-09-22 14:04:15;29.04;86379.00;37.00;998.98;91;102;1.62;3
2025-09-22 14:04:16;29.04;84215.00;37.00;998.99;92;104;1.65;3
2025-09-22 14:04:17;29.04;84639.00;37.00;998.98;92;104;1.65;3
2025-09-22 14:04:18;29.05;84469.00;37.00;998.99;92;104;1.65;3
2025-09-22 14:04:19;29.05;86114.00;37.00;998.98;93;104;1.66;3
2025-09-22 14:04:20;29.04;84047.00;37.00;998.98;93;104;1.66;3
2025-09-22 14:04:21;29.05;84639.00;37.00;998.99;93;104;1.66;3
2025-09-22 14:04:22;29.05;86915.00;37.00;998.99;93;104;1.67;3
2025-09-22 14:04:23;29.05;85240.00;37.00;998.99;93;104;1.67;3
2025-09-22 14:04:24;29.06;84300.00;37.00;998.99;93;104;1.67;3
2025-09-22 14:04:25;29.06;84982.00;37.00;998.98;92;104;1.65;3
2025-09-22 14:04:26;29.06;85240.00;37.00;998.99;92;104;1.65;3
2025-09-22 14:04:27;29.06;85154.00;37.00;998.99;92;104;1.65;3
2025-09-22 14:04:28;29.06;84047.00;37.00;998.98;90;101;1.59;3
2025-09-22 14:04:29;29.06;85068.00;37.00;998.98;90;101;1.59;3
2025-09-22 14:04:30;29.06;84554.00;37.00;998.98;90;101;1.59;3
2025-09-22 14:04:31;29.07;83879.00;37.00;998.99;90;101;1.60;3
2025-09-22 14:04:32;29.07;85068.00;37.00;998.99;90;101;1.60;3
2025-09-22 14:04:33;29.07;84810.00;37.00;998.99;90;101;1.60;3
2025-09-22 14:04:34;29.07;85068.00;37.00;998.99;89;100;1.56;3
2025-09-22 14:04:35;29.07;85675.00;37.00;998.99;89;100;1.56;3
2025-09-22 14:04:36;29.07;84554.00;37.00;998.98;89;100;1.56;3
2025-09-22 14:04:37;29.08;84300.00;37.00;998.99;91;102;1.61;3
2025-09-22 14:04:38;29.08;84131.00;37.00;998.98;91;102;1.61;3
2025-09-22 14:04:39;29.08;85938.00;37.00;998.98;91;102;1.61;3
2025-09-22 14:04:40;29.08;86025.00;37.00;998.95;92;103;1.64;3
2025-09-22 14:04:41;29.08;84215.00;37.00;998.95;92;103;1.64;3
2025-09-22 14:04:42;29.09;84384.00;37.00;998.99;92;103;1.64;3
2025-09-22 14:04:43;29.09;85850.00;37.00;998.98;92;103;1.64;3
2025-09-22 14:04:44;29.09;83963.00;37.00;998.98;92;103;1.64;3
2025-09-22 14:04:45;29.09;83629.00;37.00;998.98;92;103;1.64;3
2025-09-22 14:04:46;29.09;84384.00;37.00;998.95;92;104;1.66;3
2025-09-22 14:04:47;29.09;84896.00;37.00;998.95;92;104;1.66;3
2025-09-22 14:04:48;29.10;83963.00;37.00;998.95;92;104;1.66;3
2025-09-22 14:04:49;29.10;84215.00;37.00;998.95;93;105;1.68;3
2025-09-22 14:04:50;29.10;83712.00;37.00;998.95;93;105;1.68;3
