timestamp;temperature;gas;humidity;barometer;IAQ;IAQ_S;VOCS;accuracy
2025-09-19 14:25:23;32.21;82399.00;37.00;1001.49;80;49;0.71;1
2025-09-19 14:25:24;32.20;82480.00;37.00;1001.49;80;49;0.71;1
2025-09-19 14:25:25;32.20;82805.00;37.00;1001.43;81;49;0.72;1
2025-09-19 14:25:26;32.19;83050.00;37.00;1001.49;81;49;0.72;1
2025-09-19 14:25:27;32.20;81997.00;37.00;1001.49;81;49;0.72;1
2025-09-19 14:25:28;32.20;82723.00;37.00;1001.49;80;49;0.72;1
2025-09-19 14:25:29;32.20;82968.00;37.00;1001.49;80;49;0.72;1
2025-09-19 14:25:30;32.20;82968.00;37.00;1001.49;80;49;0.72;1
2025-09-19 14:25:31;32.21;82157.00;37.00;1001.47;79;48;0.71;1
2025-09-19 14:25:32;32.21;82561.00;37.00;1001.49;79;48;0.71;1
2025-09-19 14:25:33;32.22;82723.00;37.00;1001.49;79;48;0.71;1
2025-09-19 14:25:34;32.22;82399.00;37.00;1001.47;78;48;0.71;1
2025-09-19 14:25:35;32.22;82968.00;37.00;1001.47;78;48;0.71;1
2025-09-19 14:25:36;32.23;83132.00;37.00;1001.49;78;48;0.71;1
2025-09-19 14:25:37;32.23;82723.00;37.00;1001.47;77;47;0.70;1
2025-09-19 14:25:38;32.22;82561.00;37.00;1001.47;77;47;0.70;1
2025-09-19 14:25:39;32.23;83215.00;37.00;1001.47;77;47;0.70;1
2025-09-19 14:25:40;32.23;83050.00;37.00;1001.47;76;47;0.70;1
2025-09-19 14:25:41;32.23;83215.00;37.00;1001.51;76;47;0.70;1
2025-09-19 14:25:42;32.23;82886.00;37.00;1001.49;76;47;0.70;1
2025-09-19 14:25:43;32.23;82886.00;37.00;1001.47;76;47;0.70;1
2025-09-19 14:25:44;32.23;82723.00;37.00;1001.49;76;47;0.70;1
2025-09-19 14:25:45;32.22;82886.00;37.00;1001.49;76;47;0.70;1
2025-09-19 14:25:46;32.23;82886.00;37.00;1001.49;77;47;0.70;1
2025-09-19 14:25:47;32.22;82968.00;37.00;1001.49;77;47;0.70;1
2025-09-19 14:25:48;32.22;82238.00;37.00;1001.49;77;47;0.70;1
2025-09-19 14:25:49;32.22;82805.00;37.00;1001.51;80;49;0.72;1
2025-09-19 14:25:50;32.22;82238.00;37.00;1001.49;80;49;0.72;1
2025-09-19 14:25:51;32.22;82480.00;37.00;1001.51;80;49;0.72;1
2025-09-19 14:25:52;32.21;82805.00;37.00;1001.51;79;48;0.71;1
2025-09-19 14:25:53;32.21;81917.00;37.00;1001.53;79;48;0.71;1
2025-09-19 14:25:54;32.21;82077.00;37.00;1001.49;79;48;0.71;1
2025-09-19 14:25:55;32.21;82805.00;37.00;1001.47;82;50;0.73;1
2025-09-19 14:25:56;32.21;82238.00;37.00;1001.49;82;50;0.73;1
2025-09-19 14:25:57;32.20;82077.00;37.00;1001.47;82;50;0.73;1
2025-09-19 14:25:58;32.20;82886.00;37.00;1001.49;85;51;0.74;1
2025-09-19 14:25:59;32.20;83132.00;37.00;1001.49;85;51;0.74;1
2025-09-19 14:26:00;32.20;82886.00;37.00;1001.49;85;51;0.74;1
2025-09-19 14:26:01;32.20;82805.00;37.00;1001.49;84;50;0.73;1
2025-09-19 14:26:02;32.20;82157.00;37.00;1001.49;84;50;0.73;1
2025-09-19 14:26:03;32.20;82805.00;37.00;1001.49;84;50;0.73;1
2025-09-19 14:26:04;32.20;82723.00;37.00;1001.49;86;51;0.74;1
2025-09-19 14:26:05;32.20;82642.00;37.00;1001.49;86;51;0.74;1
2025-09-19 14:26:06;32.21;82480.00;37.00;1001.49;86;51;0.74;1
2025-09-19 14:26:07;32.20;83215.00;37.00;1001.49;83;50;0.73;1
2025-09-19 14:26:08;32.20;83712.00;37.00;1001.49;83;50;0.73;1
2025-09-19 14:26:09;32.20;82886.00;37.00;1001.49;83;50;0.73;1
2025-09-19 14:26:10;32.20;83380.00;37.00;1001.49;82;49;0.72;1
2025-09-19 14:26:11;32.20;82805.00;37.00;1001.49;82;49;0.72;1
2025-09-19 14:26:12;32.21;83215.00;37.00;1001.49;82;49;0.72;1
2025-09-19 14:26:13;32.20;83215.00;37.00;1001.49;83;50;0.73;1
2025-09-19 14:26:14;32.20;82561.00;37.00;1001.49;83;50;0.73;1
2025-09-19 14:26:15;32.20;82480.00;37.00;1001.49;83;50;0.73;1
2025-09-19 14:26:16;32.20;83132.00;37.00;1001.49;82;50;0.73;1
2025-09-19 14:26:17;32.20;82723.00;37.00;1001.47;82;50;0.73;1
2025-09-19 14:26:18;32.20;82238.00;37.00;1001.49;82;50;0.73;1
2025-09-19 14:26:19;32.20;82399.00;37.00;1001.49;81;49;0.72;1
2025-09-19 14:26:20;32.20;83463.00;37.00;1001.43;81;49;0.72;1
2025-09-19 14:26:21;32.19;83546.00;37.00;1001.45;81;49;0.72;1
2025-09-19 14:26:22;32.19;83050.00;37.00;1001.49;82;50;0.72;1
2025-09-19 14:26:23;32.20;82238.00;37.00;1001.49;82;50;0.72;1
2025-09-19 14:26:24;32.19;82805.00;37.00;1001.51;82;50;0.72;1
2025-09-19 14:26:25;32.19;82480.00;37.00;1001.45;79;48;0.71;1
2025-09-19 14:26:26;32.19;82318.00;37.00;1001.45;79;48;0.71;1
2025-09-19 14:26:27;32.19;82642.00;37.00;1001.51;79;48;0.71;1
2025-09-19 14:26:28;32.18;82318.00;37.00;1001.45;81;49;0.72;1
2025-09-19 14:26:29;32.18;81837.00;37.00;1001.45;81;49;0.72;1
2025-09-19 14:26:30;32.19;83297.00;37.00;1001.45;81;49;0.72;1
2025-09-19 14:26:31;32.19;82238.00;37.00;1001.45;82;50;0.73;1
2025-09-19 14:26:32;32.19;82723.00;37.00;1001.45;82;50;0.73;1
2025-09-19 14:26:33;32.18;82399.00;37.00;1001.45;82;50;0.73;1
2025-09-19 14:26:34;32.19;82480.00;37.00;1001.45;85;51;0.74;1
2025-09-19 14:26:35;32.18;82238.00;37.00;1001.45;85;51;0.74;1
2025-09-19 14:26:36;32.19;82399.00;37.00;1001.45;85;51;0.74;1
2025-09-19 14:26:37;32.19;82077.00;37.00;1001.45;89;53;0.76;1
2025-09-19 14:26:38;32.19;82157.00;37.00;1001.45;89;53;0.76;1
2025-09-19 14:26:39;32.18;82318.00;37.00;1001.45;89;53;0.76;1
2025-09-19 14:26:40;32.17;81837.00;37.00;1001.45;89;53;0.76;1
2025-09-19 14:26:41;32.18;81441.00;37.00;1001.45;89;53;0.76;1
2025-09-19 14:26:42;32.18;81837.00;37.00;1001.45;89;53;0.76;1
2025-09-19 14:26:43;32.18;81837.00;37.00;1001.43;91;53;0.77;1
2025-09-19 14:26:44;32.19;81520.00;37.00;1001.43;91;53;0.77;1
2025-09-19 14:26:45;32.18;81997.00;37.00;1001.45;91;53;0.77;1
2025-09-19 14:26:46;32.18;81283.00;37.00;1001.43;96;56;0.79;1
2025-09-19 14:26:47;32.17;81441.00;37.00;1001.45;96;56;0.79;1
2025-09-19 14:26:48;32.18;82238.00;37.00;1001.43;96;56;0.79;1
2025-09-19 14:26:49;32.18;81362.00;37.00;1001.45;98;56;0.81;1
2025-09-19 14:26:50;32.18;82157.00;37.00;1001.45;98;56;0.81;1
2025-09-19 14:26:51;32.17;81837.00;37.00;1001.45;98;56;0.81;1
2025-09-19 14:26:52;32.16;82480.00;37.00;1001.43;101;58;0.82;1
2025-09-19 14:26:53;32.17;81048.00;37.00;1001.43;101;58;0.82;1
2025-09-19 14:26:54;32.17;81520.00;37.00;1001.47;101;58;0.82;1
2025-09-19 14:26:55;32.16;81283.00;37.00;1001.43;103;59;0.83;1
2025-09-19 14:26:56;32.16;80892.00;37.00;1001.43;103;59;0.83;1
2025-09-19 14:26:57;32.16;81520.00;37.00;1001.45;103;59;0.83;1
2025-09-19 14:26:58;32.16;81362.00;37.00;1001.43;104;59;0.84;1
2025-09-19 14:26:59;32.16;81758.00;37.00;1001.43;104;59;0.84;1
2025-09-19 14:27:00;32.16;81205.00;37.00;1001.43;104;59;0.84;1
2025-09-19 14:27:01;32.16;80505.00;37.00;1001.43;108;61;0.86;1
2025-09-19 14:27:02;32.15;81441.00;37.00;1001.45;108;61;0.86;1
2025-09-19 14:27:03;32.16;81678.00;37.00;1001.45;108;61;0.86;1
2025-09-19 14:27:04;32.14;80892.00;37.00;1001.41;103;59;0.84;1
2025-09-19 14:27:05;32.15;80505.00;37.00;1001.43;103;59;0.84;1
2025-09-19 14:27:06;32.16;80814.00;37.00;1001.43;103;59;0.84;1
2025-09-19 14:27:07;32.15;81283.00;37.00;1001.43;106;60;0.85;1
2025-09-19 14:27:08;32.15;80428.00;37.00;1001.45;106;60;0.85;1
2025-09-19 14:27:09;32.15;81362.00;37.00;1001.45;106;60;0.85;1
2025-09-19 14:27:10;32.15;80121.00;37.00;1001.43;103;59;0.83;1
2025-09-19 14:27:11;32.15;81283.00;37.00;1001.41;103;59;0.83;1
2025-09-19 14:27:12;32.15;81126.00;37.00;1001.41;103;59;0.83;1
2025-09-19 14:27:13;32.15;81441.00;37.00;1001.43;102;59;0.83;1
2025-09-19 14:27:14;32.15;80428.00;37.00;1001.43;102;59;0.83;1
2025-09-19 14:27:15;32.14;80274.00;37.00;1001.43;102;59;0.83;1
2025-09-19 14:27:16;32.14;80814.00;37.00;1001.43;105;60;0.85;1
2025-09-19 14:27:17;32.14;80582.00;37.00;1001.41;105;60;0.85;1
2025-09-19 14:27:18;32.14;79892.00;37.00;1001.41;105;60;0.85;1
2025-09-19 14:27:19;32.14;81048.00;37.00;1001.43;111;62;0.88;1
2025-09-19 14:27:20;32.14;80351.00;37.00;1001.43;111;62;0.88;1
2025-09-19 14:27:21;32.14;80351.00;37.00;1001.43;111;62;0.88;1
2025-09-19 14:27:22;32.14;80659.00;37.00;1001.43;112;63;0.89;1
2025-09-19 14:27:23;32.14;80274.00;37.00;1001.43;112;63;0.89;1
2025-09-19 14:27:24;32.14;80045.00;37.00;1001.43;112;63;0.89;1
2025-09-19 14:27:25;32.13;81205.00;37.00;1001.41;110;62;0.87;1
2025-09-19 14:27:26;32.13;80197.00;37.00;1001.41;110;62;0.87;1
2025-09-19 14:27:27;32.13;80892.00;37.00;1001.43;110;62;0.87;1
2025-09-19 14:27:28;32.13;80505.00;37.00;1001.43;112;63;0.89;1
2025-09-19 14:27:29;32.13;80814.00;37.00;1001.43;112;63;0.89;1
2025-09-19 14:27:30;32.13;80274.00;37.00;1001.43;112;63;0.89;1
2025-09-19 14:27:31;32.14;81126.00;37.00;1001.43;110;62;0.88;1
2025-09-19 14:27:32;32.14;80505.00;37.00;1001.43;110;62;0.88;1
2025-09-19 14:27:33;32.14;80970.00;37.00;1001.43;110;62;0.88;1
2025-09-19 14:27:34;32.14;80197.00;37.00;1001.43;110;62;0.88;1
2025-09-19 14:27:35;32.14;80737.00;37.00;1001.43;114;63;0.90;1
2025-09-19 14:27:36;32.14;80892.00;37.00;1001.45;114;63;0.90;1
2025-09-19 14:27:37;32.14;80197.00;37.00;1001.43;114;63;0.90;1
2025-09-19 14:27:38;32.14;80659.00;37.00;1001.45;116;64;0.91;1
2025-09-19 14:27:39;32.13;80505.00;37.00;1001.45;116;64;0.91;1
2025-09-19 14:27:40;32.14;81048.00;37.00;1001.45;116;64;0.91;1
2025-09-19 14:27:41;32.14;80659.00;37.00;1001.45;113;63;0.89;1
2025-09-19 14:27:42;32.13;81048.00;37.00;1001.45;113;63;0.89;1
2025-09-19 14:27:43;32.13;80659.00;37.00;1001.43;113;63;0.89;1
2025-09-19 14:27:44;32.14;80582.00;37.00;1001.45;114;63;0.90;1
2025-09-19 14:27:45;32.14;80582.00;37.00;1001.45;114;63;0.90;1
2025-09-19 14:27:46;32.14;81205.00;37.00;1001.45;114;63;0.90;1
2025-09-19 14:27:47;32.13;80582.00;37.00;1001.43;111;62;0.88;1
2025-09-19 14:27:48;32.13;80814.00;37.00;1001.43;111;62;0.88;1
2025-09-19 14:27:49;32.13;80045.00;37.00;1001.45;111;62;0.88;1
2025-09-19 14:27:50;32.14;80274.00;37.00;1001.41;115;64;0.90;1
2025-09-19 14:27:51;32.13;80892.00;37.00;1001.43;115;64;0.90;1
2025-09-19 14:27:52;32.13;80582.00;37.00;1001.41;115;64;0.90;1
2025-09-19 14:27:53;32.13;80737.00;37.00;1001.41;115;64;0.91;1
2025-09-19 14:27:54;32.13;80970.00;37.00;1001.45;115;64;0.91;1
2025-09-19 14:27:55;32.13;80970.00;37.00;1001.45;115;64;0.91;1
2025-09-19 14:27:56;32.13;80197.00;37.00;1001.45;114;63;0.90;1
2025-09-19 14:27:57;32.13;80428.00;37.00;1001.41;114;63;0.90;1
2025-09-19 14:27:58;32.13;80814.00;37.00;1001.43;114;63;0.90;1
2025-09-19 14:27:59;32.13;80197.00;37.00;1001.43;113;63;0.89;1
2025-09-19 14:28:00;32.12;80505.00;37.00;1001.43;113;63;0.89;1
2025-09-19 14:28:01;32.13;80197.00;37.00;1001.43;113;63;0.89;1
2025-09-19 14:28:02;32.13;80197.00;37.00;1001.43;116;64;0.91;1
2025-09-19 14:28:03;32.13;80737.00;37.00;1001.43;116;64;0.91;1
2025-09-19 14:28:04;32.13;80892.00;37.00;1001.45;116;64;0.91;1
2025-09-19 14:28:05;32.13;80045.00;37.00;1001.41;120;66;0.93;1
2025-09-19 14:28:06;32.13;80505.00;37.00;1001.41;120;66;0.93;1
2025-09-19 14:28:07;32.13;79741.00;37.00;1001.41;120;66;0.93;1
2025-09-19 14:28:08;32.13;80197.00;37.00;1001.41;123;67;0.95;1
2025-09-19 14:28:09;32.13;80428.00;37.00;1001.41;123;67;0.95;1
2025-09-19 14:28:10;32.13;80659.00;37.00;1001.43;123;67;0.95;1
2025-09-19 14:28:11;32.13;80814.00;37.00;1001.43;122;67;0.94;1
2025-09-19 14:28:12;32.13;79741.00;37.00;1001.43;122;67;0.94;1
2025-09-19 14:28:13;32.13;80197.00;37.00;1001.43;122;67;0.94;1
2025-09-19 14:28:14;32.13;80351.00;37.00;1001.43;122;67;0.94;1
2025-09-19 14:28:15;32.13;79590.00;37.00;1001.41;122;67;0.94;1
2025-09-19 14:28:16;32.13;79968.00;37.00;1001.43;122;67;0.94;1
2025-09-19 14:28:17;32.13;79665.00;37.00;1001.40;122;67;0.94;1
2025-09-19 14:28:18;32.13;79817.00;37.00;1001.43;122;67;0.94;1
2025-09-19 14:28:19;32.14;79892.00;37.00;1001.43;122;67;0.94;1
2025-09-19 14:28:20;32.13;80121.00;37.00;1001.43;119;66;0.93;1
2025-09-19 14:28:21;32.13;79741.00;37.00;1001.43;119;66;0.93;1
2025-09-19 14:28:22;32.13;80274.00;37.00;1001.43;119;66;0.93;1
2025-09-19 14:28:23;32.13;79215.00;37.00;1001.43;119;66;0.93;1
2025-09-19 14:28:24;32.13;80197.00;37.00;1001.43;119;66;0.93;1
2025-09-19 14:28:25;32.13;79665.00;37.00;1001.43;119;66;0.93;1
2025-09-19 14:28:26;32.13;79741.00;37.00;1001.41;123;67;0.95;1
2025-09-19 14:28:27;32.13;79665.00;37.00;1001.41;123;67;0.95;1
2025-09-19 14:28:28;32.12;79741.00;37.00;1001.41;123;67;0.95;1
2025-09-19 14:28:29;32.14;79892.00;37.00;1001.40;125;68;0.97;1
2025-09-19 14:28:30;32.13;80121.00;37.00;1001.43;125;68;0.97;1
2025-09-19 14:28:31;32.13;79590.00;37.00;1001.41;125;68;0.97;1
2025-09-19 14:28:32;32.13;79968.00;37.00;1001.40;127;69;0.98;1
2025-09-19 14:28:33;32.13;79066.00;37.00;1001.41;127;69;0.98;1
2025-09-19 14:28:34;32.13;80428.00;37.00;1001.41;127;69;0.98;1
2025-09-19 14:28:35;32.13;79968.00;37.00;1001.40;130;71;1.00;1
2025-09-19 14:28:36;32.13;79892.00;37.00;1001.41;130;71;1.00;1
2025-09-19 14:28:37;32.13;79439.00;37.00;1001.41;130;71;1.00;1
2025-09-19 14:28:38;32.13;80121.00;37.00;1001.40;131;71;1.00;1
2025-09-19 14:28:39;32.13;79364.00;37.00;1001.40;131;71;1.00;1
2025-09-19 14:28:40;32.12;80197.00;37.00;1001.40;131;71;1.00;1
2025-09-19 14:28:41;32.13;79289.00;37.00;1001.40;127;69;0.98;1
2025-09-19 14:28:42;32.13;79289.00;37.00;1001.40;127;69;0.98;1
2025-09-19 14:28:43;32.12;79590.00;37.00;1001.41;127;69;0.98;1
2025-09-19 14:28:44;32.11;79741.00;37.00;1001.37;132;71;1.01;1
2025-09-19 14:28:45;32.11;79140.00;37.00;1001.40;132;71;1.01;1
2025-09-19 14:28:46;32.11;78329.00;37.00;1001.40;132;71;1.01;1
2025-09-19 14:28:47;32.10;78622.00;38.00;1001.40;134;72;1.03;1
2025-09-19 14:28:48;32.10;78402.00;38.00;1001.41;134;72;1.03;1
2025-09-19 14:28:49;32.11;79215.00;38.00;1001.41;134;72;1.03;1
2025-09-19 14:28:50;32.11;79140.00;38.00;1001.40;137;74;1.04;1
2025-09-19 14:28:51;32.10;78548.00;38.00;1001.40;137;74;1.04;1
2025-09-19 14:28:52;32.11;78038.00;38.00;1001.40;137;74;1.04;1
2025-09-19 14:28:53;32.11;79066.00;38.00;1001.41;140;75;1.07;1
2025-09-19 14:28:54;32.10;78769.00;38.00;1001.40;140;75;1.07;1
2025-09-19 14:28:55;32.11;78991.00;38.00;1001.41;140;75;1.07;1
2025-09-19 14:28:56;32.10;78256.00;38.00;1001.40;140;75;1.07;1
2025-09-19 14:28:57;32.11;78769.00;38.00;1001.41;140;75;1.07;1
2025-09-19 14:28:58;32.11;78475.00;38.00;1001.41;140;75;1.07;1
2025-09-19 14:28:59;32.11;77677.00;38.00;1001.41;142;76;1.08;1
2025-09-19 14:29:00;32.11;78038.00;38.00;1001.41;142;76;1.08;1
2025-09-19 14:29:01;32.11;77893.00;38.00;1001.40;142;76;1.08;1
2025-09-19 14:29:02;32.12;78038.00;38.00;1001.40;140;75;1.07;1
2025-09-19 14:29:03;32.12;78769.00;38.00;1001.40;140;75;1.07;1
2025-09-19 14:29:04;32.12;78256.00;38.00;1001.41;140;75;1.07;1
2025-09-19 14:29:05;32.12;77821.00;38.00;1001.40;137;74;1.05;1
2025-09-19 14:29:06;32.12;78548.00;38.00;1001.40;137;74;1.05;1
2025-09-19 14:29:07;32.12;79066.00;38.00;1001.40;137;74;1.05;1
2025-09-19 14:29:08;32.11;79140.00;38.00;1001.37;137;74;1.05;1
2025-09-19 14:29:09;32.11;78038.00;38.00;1001.37;137;74;1.05;1
2025-09-19 14:29:10;32.11;79215.00;38.00;1001.41;137;74;1.05;1
2025-09-19 14:29:11;32.10;78183.00;38.00;1001.40;134;72;1.03;1
2025-09-19 14:29:12;32.11;78548.00;38.00;1001.41;134;72;1.03;1
2025-09-19 14:29:13;32.11;78769.00;38.00;1001.40;134;72;1.03;1
2025-09-19 14:29:14;32.10;78402.00;38.00;1001.40;132;71;1.01;1
2025-09-19 14:29:15;32.10;78991.00;38.00;1001.40;132;71;1.01;1
2025-09-19 14:29:16;32.11;79066.00;38.00;1001.40;132;71;1.01;1
2025-09-19 14:29:17;32.10;79140.00;38.00;1001.40;135;73;1.04;1
2025-09-19 14:29:18;32.10;78769.00;37.00;1001.40;135;73;1.04;1
2025-09-19 14:29:19;32.10;79215.00;38.00;1001.40;135;73;1.04;1
2025-09-19 14:29:20;32.10;78917.00;37.00;1001.40;134;72;1.02;1
2025-09-19 14:29:21;32.10;78917.00;37.00;1001.40;134;72;1.02;1
2025-09-19 14:29:22;32.10;78402.00;37.00;1001.40;134;72;1.02;1
2025-09-19 14:29:23;32.10;78843.00;37.00;1001.40;131;71;1.01;1
2025-09-19 14:29:24;32.10;79140.00;37.00;1001.41;131;71;1.01;1
2025-09-19 14:29:25;32.09;78769.00;37.00;1001.40;131;71;1.01;1
2025-09-19 14:29:26;32.09;79364.00;37.00;1001.40;133;72;1.02;1
2025-09-19 14:29:27;32.09;78991.00;37.00;1001.40;133;72;1.02;1
2025-09-19 14:29:28;32.09;78843.00;37.00;1001.40;133;72;1.02;1
2025-09-19 14:29:29;32.08;79439.00;37.00;1001.40;131;71;1.00;1
2025-09-19 14:29:30;32.08;79215.00;37.00;1001.40;131;71;1.00;1
2025-09-19 14:29:31;32.08;78991.00;37.00;1001.40;131;71;1.00;1
2025-09-19 14:29:32;32.09;79741.00;37.00;1001.40;128;70;0.99;1
2025-09-19 14:29:33;32.08;79439.00;37.00;1001.40;128;70;0.99;1
2025-09-19 14:29:34;32.09;78991.00;37.00;1001.40;128;70;0.99;1
2025-09-19 14:29:35;32.08;79289.00;37.00;1001.40;129;70;0.99;1
2025-09-19 14:29:36;32.08;79665.00;37.00;1001.40;129;70;0.99;1
2025-09-19 14:29:37;32.08;80045.00;37.00;1001.37;129;70;0.99;1
2025-09-19 14:29:38;32.08;79968.00;37.00;1001.37;127;69;0.98;1
2025-09-19 14:29:39;32.09;79590.00;37.00;1001.37;127;69;0.98;1
2025-09-19 14:29:40;32.08;79439.00;37.00;1001.40;127;69;0.98;1
2025-09-19 14:29:41;32.09;79140.00;37.00;1001.37;129;70;0.99;1
2025-09-19 14:29:42;32.08;79817.00;37.00;1001.40;129;70;0.99;1
2025-09-19 14:29:43;32.08;79817.00;37.00;1001.37;129;70;0.99;1
2025-09-19 14:29:44;32.08;79892.00;37.00;1001.35;127;69;0.98;1
2025-09-19 14:29:45;32.08;79590.00;37.00;1001.37;127;69;0.98;1
2025-09-19 14:29:46;32.08;79665.00;37.00;1001.40;127;69;0.98;1
2025-09-19 14:29:47;32.08;79741.00;37.00;1001.37;124;68;0.96;1
2025-09-19 14:29:48;32.08;79741.00;37.00;1001.40;124;68;0.96;1
2025-09-19 14:29:49;32.07;79817.00;37.00;1001.40;124;68;0.96;1
2025-09-19 14:29:50;32.08;79215.00;37.00;1001.40;126;69;0.97;1
2025-09-19 14:29:51;32.08;80197.00;37.00;1001.40;126;69;0.97;1
2025-09-19 14:29:52;32.08;78843.00;37.00;1001.40;126;69;0.97;1
2025-09-19 14:29:53;32.08;79364.00;37.00;1001.40;123;67;0.95;1
2025-09-19 14:29:54;32.08;80274.00;37.00;1001.37;123;67;0.95;1
2025-09-19 14:29:55;32.09;79215.00;37.00;1001.37;123;67;0.95;1
2025-09-19 14:29:56;32.08;79439.00;37.00;1001.37;125;68;0.96;1
2025-09-19 14:29:57;32.09;79817.00;37.00;1001.37;125;68;0.96;1
2025-09-19 14:29:58;32.08;80274.00;37.00;1001.37;125;68;0.96;1
2025-09-19 14:29:59;32.08;79665.00;37.00;1001.37;125;68;0.97;1
2025-09-19 14:30:00;32.08;80274.00;37.00;1001.40;125;68;0.97;1
2025-09-19 14:30:01;32.08;79892.00;37.00;1001.37;125;68;0.97;1
2025-09-19 14:30:02;32.08;79817.00;37.00;1001.37;125;68;0.97;1
2025-09-19 14:30:03;32.08;79590.00;37.00;1001.40;125;68;0.97;1
2025-09-19 14:30:04;32.08;79817.00;37.00;1001.37;125;68;0.97;1
2025-09-19 14:30:05;32.08;80274.00;37.00;1001.37;123;68;0.95;1
2025-09-19 14:30:06;32.09;79892.00;37.00;1001.40;123;68;0.95;1
2025-09-19 14:30:07;32.09;80121.00;37.00;1001.40;123;68;0.95;1
2025-09-19 14:30:08;32.09;79892.00;37.00;1001.37;123;68;0.96;1
2025-09-19 14:30:09;32.08;79741.00;37.00;1001.37;123;68;0.96;1
2025-09-19 14:30:10;32.09;80582.00;37.00;1001.37;123;68;0.96;1
2025-09-19 14:30:11;32.09;80121.00;37.00;1001.37;123;68;0.96;1
2025-09-19 14:30:12;32.09;79892.00;37.00;1001.37;123;67;0.95;1
2025-09-19 14:30:13;32.09;79665.00;37.00;1001.37;123;67;0.95;1
2025-09-19 14:30:14;32.09;79817.00;37.00;1001.37;123;67;0.95;1
2025-09-19 14:30:15;32.09;80274.00;37.00;1001.40;124;68;0.96;1
2025-09-19 14:30:16;32.09;79817.00;37.00;1001.37;124;68;0.96;1
2025-09-19 14:30:17;32.09;79892.00;37.00;1001.37;124;68;0.96;1
2025-09-19 14:30:18;32.09;80274.00;37.00;1001.35;124;68;0.96;1
2025-09-19 14:30:19;32.08;79968.00;37.00;1001.37;124;68;0.96;1
2025-09-19 14:30:20;32.09;79439.00;37.00;1001.37;124;68;0.96;1
2025-09-19 14:30:21;32.09;79665.00;37.00;1001.37;126;69;0.98;1
2025-09-19 14:30:22;32.08;79817.00;37.00;1001.35;126;69;0.98;1
2025-09-19 14:30:23;32.08;79665.00;37.00;1001.37;126;69;0.98;1
2025-09-19 14:30:24;32.07;80045.00;37.00;1001.37;127;69;0.98;1
2025-09-19 14:30:25;32.08;79590.00;37.00;1001.40;127;69;0.98;1
2025-09-19 14:30:26;32.08;79665.00;37.00;1001.40;127;69;0.98;1
2025-09-19 14:30:27;32.08;79665.00;37.00;1001.35;128;70;0.98;1
2025-09-19 14:30:28;32.07;80274.00;37.00;1001.40;128;70;0.98;1
2025-09-19 14:30:29;32.07;80582.00;37.00;1001.35;128;70;0.98;1
2025-09-19 14:30:30;32.07;80121.00;37.00;1001.37;124;68;0.96;1
2025-09-19 14:30:31;32.07;80274.00;37.00;1001.40;124;68;0.96;1
2025-09-19 14:30:32;32.08;79741.00;37.00;1001.40;124;68;0.96;1
2025-09-19 14:30:33;32.08;80045.00;37.00;1001.35;125;69;0.97;1
2025-09-19 14:30:34;32.07;79140.00;37.00;1001.40;125;69;0.97;1
2025-09-19 14:30:35;32.08;79590.00;37.00;1001.40;125;69;0.97;1
2025-09-19 14:30:36;32.07;80351.00;37.00;1001.40;127;69;0.98;1
2025-09-19 14:30:37;32.07;79892.00;37.00;1001.40;127;69;0.98;1
2025-09-19 14:30:38;32.08;79590.00;37.00;1001.37;127;69;0.98;1
2025-09-19 14:30:39;32.07;79665.00;37.00;1001.35;128;70;0.99;1
2025-09-19 14:30:40;32.07;78991.00;37.00;1001.37;128;70;0.99;1
2025-09-19 14:30:41;32.07;79215.00;37.00;1001.37;128;70;0.99;1
2025-09-19 14:30:42;32.07;79590.00;37.00;1001.35;131;71;1.00;1
2025-09-19 14:30:43;32.07;79140.00;37.00;1001.35;131;71;1.00;1
2025-09-19 14:30:44;32.07;79066.00;37.00;1001.35;131;71;1.00;1
2025-09-19 14:30:45;32.07;79215.00;37.00;1001.40;131;71;1.00;1
2025-09-19 14:30:46;32.07;79968.00;37.00;1001.40;131;71;1.00;1
2025-09-19 14:30:47;32.07;78917.00;37.00;1001.35;131;71;1.00;1
2025-09-19 14:30:48;32.07;79439.00;37.00;1001.37;134;72;1.02;1
2025-09-19 14:30:49;32.07;79439.00;37.00;1001.40;134;72;1.02;1
2025-09-19 14:30:50;32.08;79817.00;37.00;1001.40;134;72;1.02;1
2025-09-19 14:30:51;32.08;79439.00;37.00;1001.40;132;71;1.01;1
2025-09-19 14:30:52;32.07;79741.00;37.00;1001.35;132;71;1.01;1
2025-09-19 14:30:53;32.07;79439.00;37.00;1001.40;132;71;1.01;1
2025-09-19 14:30:54;32.08;79741.00;37.00;1001.40;132;72;1.01;1
2025-09-19 14:30:55;32.07;79439.00;37.00;1001.40;132;72;1.01;1
2025-09-19 14:30:56;32.07;79892.00;37.00;1001.40;132;72;1.01;1
2025-09-19 14:30:57;32.08;78917.00;37.00;1001.40;135;73;1.03;1
2025-09-19 14:30:58;32.07;79140.00;37.00;1001.37;135;73;1.03;1
2025-09-19 14:30:59;32.07;79741.00;37.00;1001.35;135;73;1.03;1
2025-09-19 14:31:00;32.06;79590.00;37.00;1001.35;133;72;1.02;1
2025-09-19 14:31:01;32.07;79439.00;37.00;1001.40;133;72;1.02;1
2025-09-19 14:31:02;32.07;79515.00;37.00;1001.40;133;72;1.02;1
2025-09-19 14:31:03;32.08;79741.00;37.00;1001.40;131;71;1.00;1
2025-09-19 14:31:04;32.08;79741.00;37.00;1001.40;131;71;1.00;1
2025-09-19 14:31:05;32.08;79515.00;37.00;1001.40;131;71;1.00;1
2025-09-19 14:31:06;32.08;79364.00;37.00;1001.40;131;71;1.01;1
2025-09-19 14:31:07;32.07;79665.00;37.00;1001.37;131;71;1.01;1
2025-09-19 14:31:08;32.07;79817.00;37.00;1001.41;131;71;1.01;1
2025-09-19 14:31:09;32.07;79892.00;37.00;1001.40;128;70;0.99;1
2025-09-19 14:31:10;32.08;79968.00;37.00;1001.37;128;70;0.99;1
2025-09-19 14:31:11;32.07;80197.00;37.00;1001.37;128;70;0.99;1
2025-09-19 14:31:12;32.07;80045.00;37.00;1001.37;127;69;0.98;1
2025-09-19 14:31:13;32.07;79741.00;37.00;1001.35;127;69;0.98;1
2025-09-19 14:31:14;32.07;79289.00;37.00;1001.35;127;69;0.98;1
2025-09-19 14:31:15;32.07;80045.00;37.00;1001.37;126;69;0.98;1
2025-09-19 14:31:16;32.07;79515.00;37.00;1001.37;126;69;0.98;1
2025-09-19 14:31:17;32.07;79741.00;37.00;1001.37;126;69;0.98;1
2025-09-19 14:31:18;32.07;80121.00;37.00;1001.37;128;70;0.98;1
2025-09-19 14:31:19;32.07;79590.00;37.00;1001.37;128;70;0.98;1
2025-09-19 14:31:20;32.06;79590.00;37.00;1001.37;128;70;0.98;1
2025-09-19 14:31:21;32.07;79515.00;37.00;1001.37;127;69;0.98;1
2025-09-19 14:31:22;32.07;79364.00;37.00;1001.37;127;69;0.98;1
2025-09-19 14:31:23;32.06;79364.00;37.00;1001.37;127;69;0.98;1
2025-09-19 14:31:24;32.07;79289.00;37.00;1001.37;128;70;0.98;1
2025-09-19 14:31:25;32.06;79140.00;37.00;1001.37;128;70;0.98;1
2025-09-19 14:31:26;32.07;79665.00;37.00;1001.37;128;70;0.98;1
2025-09-19 14:31:27;32.07;79215.00;37.00;1001.37;130;71;1.00;1
2025-09-19 14:31:28;32.06;79289.00;37.00;1001.40;130;71;1.00;1
2025-09-19 14:31:29;32.07;79215.00;37.00;1001.37;130;71;1.00;1
2025-09-19 14:31:30;32.07;79140.00;37.00;1001.37;132;71;1.01;1
2025-09-19 14:31:31;32.06;79289.00;37.00;1001.37;132;71;1.01;1
2025-09-19 14:31:32;32.07;79590.00;37.00;1001.37;132;71;1.01;1
2025-09-19 14:31:33;32.07;79817.00;37.00;1001.35;134;73;1.03;1
2025-09-19 14:31:34;32.07;78991.00;37.00;1001.37;134;73;1.03;1
2025-09-19 14:31:35;32.07;79140.00;37.00;1001.40;134;73;1.03;1
2025-09-19 14:31:36;32.08;79289.00;37.00;1001.35;135;73;1.03;1
2025-09-19 14:31:37;32.07;80274.00;37.00;1001.37;135;73;1.03;1
2025-09-19 14:31:38;32.07;79515.00;37.00;1001.37;135;73;1.03;1
2025-09-19 14:31:39;32.07;78475.00;37.00;1001.37;136;73;1.04;1
2025-09-19 14:31:40;32.07;79364.00;37.00;1001.35;136;73;1.04;1
2025-09-19 14:31:41;32.07;78843.00;37.00;1001.35;136;73;1.04;1
2025-09-19 14:31:42;32.07;79066.00;37.00;1001.40;135;73;1.03;1
2025-09-19 14:31:43;32.07;79066.00;37.00;1001.37;135;73;1.03;1
2025-09-19 14:31:44;32.07;78843.00;37.00;1001.37;135;73;1.03;1
2025-09-19 14:31:45;32.07;78622.00;37.00;1001.35;139;75;1.06;1
2025-09-19 14:31:46;32.06;79066.00;37.00;1001.37;139;75;1.06;1
2025-09-19 14:31:47;32.07;78475.00;37.00;1001.35;139;75;1.06;1
2025-09-19 14:31:48;32.07;78256.00;37.00;1001.37;139;74;1.06;1
2025-09-19 14:31:49;32.06;78769.00;37.00;1001.37;139;74;1.06;1
2025-09-19 14:31:50;32.07;79364.00;37.00;1001.37;139;74;1.06;1
2025-09-19 14:31:51;32.07;79817.00;37.00;1001.35;140;75;1.07;1
2025-09-19 14:31:52;32.07;78917.00;37.00;1001.35;140;75;1.07;1
2025-09-19 14:31:53;32.07;78183.00;37.00;1001.35;140;75;1.07;1
2025-09-19 14:31:54;32.07;79140.00;37.00;1001.35;143;76;1.09;1
2025-09-19 14:31:55;32.07;78256.00;37.00;1001.37;143;76;1.09;1
2025-09-19 14:31:56;32.07;78696.00;37.00;1001.35;143;76;1.09;1
2025-09-19 14:31:57;32.07;79215.00;37.00;1001.40;144;77;1.10;1
2025-09-19 14:31:58;32.07;78475.00;37.00;1001.35;144;77;1.10;1
2025-09-19 14:31:59;32.07;78991.00;37.00;1001.35;144;77;1.10;1
2025-09-19 14:32:00;32.07;78769.00;37.00;1001.37;145;77;1.10;1
2025-09-19 14:32:01;32.07;78622.00;37.00;1001.35;145;77;1.10;1
2025-09-19 14:32:02;32.07;78991.00;37.00;1001.35;145;77;1.10;1
2025-09-19 14:32:03;32.07;78183.00;37.00;1001.35;144;77;1.10;1
2025-09-19 14:32:04;32.07;78991.00;37.00;1001.37;144;77;1.10;1
2025-09-19 14:32:05;32.07;78475.00;37.00;1001.40;144;77;1.10;1
2025-09-19 14:32:06;32.07;79590.00;37.00;1001.35;142;76;1.08;1
2025-09-19 14:32:07;32.08;78622.00;37.00;1001.40;142;76;1.08;1
2025-09-19 14:32:08;32.07;79140.00;37.00;1001.40;142;76;1.08;1
2025-09-19 14:32:09;32.06;78548.00;37.00;1001.35;146;78;1.11;1
2025-09-19 14:32:10;32.07;78991.00;37.00;1001.33;146;78;1.11;1
2025-09-19 14:32:11;32.07;79364.00;37.00;1001.35;146;78;1.11;1
2025-09-19 14:32:12;32.07;78256.00;37.00;1001.35;148;78;1.13;1
2025-09-19 14:32:13;32.07;79289.00;37.00;1001.35;148;78;1.13;1
2025-09-19 14:32:14;32.07;78548.00;37.00;1001.35;148;78;1.13;1
2025-09-19 14:32:15;32.06;79140.00;37.00;1001.35;151;80;1.15;1
2025-09-19 14:32:16;32.06;78917.00;37.00;1001.33;151;80;1.15;1
2025-09-19 14:32:17;32.07;78991.00;37.00;1001.35;151;80;1.15;1
2025-09-19 14:32:18;32.07;79215.00;37.00;1001.35;150;79;1.14;1
2025-09-19 14:32:19;32.06;78622.00;37.00;1001.35;150;79;1.14;1
2025-09-19 14:32:20;32.07;79066.00;37.00;1001.35;150;79;1.14;1
2025-09-19 14:32:21;32.07;78622.00;37.00;1001.35;150;80;1.14;1
2025-09-19 14:32:22;32.07;77821.00;37.00;1001.37;150;80;1.14;1
2025-09-19 14:32:23;32.06;77606.00;37.00;1001.37;150;80;1.14;1
2025-09-19 14:32:24;32.06;78110.00;37.00;1001.37;152;80;1.15;1
2025-09-19 14:32:25;32.06;77606.00;38.00;1001.35;152;80;1.15;1
2025-09-19 14:32:26;32.06;78038.00;38.00;1001.37;152;80;1.15;1
2025-09-19 14:32:27;32.05;78329.00;38.00;1001.33;151;80;1.15;1
2025-09-19 14:32:28;32.05;78183.00;38.00;1001.35;151;80;1.15;1
2025-09-19 14:32:29;32.06;77677.00;38.00;1001.37;151;80;1.15;1
2025-09-19 14:32:30;32.06;77534.00;38.00;1001.35;152;80;1.16;1
2025-09-19 14:32:31;32.06;78110.00;38.00;1001.35;152;80;1.16;1
2025-09-19 14:32:32;32.07;77107.00;38.00;1001.35;152;80;1.16;1
2025-09-19 14:32:33;32.06;77749.00;38.00;1001.35;154;81;1.17;1
2025-09-19 14:32:34;32.06;77966.00;38.00;1001.35;154;81;1.17;1
2025-09-19 14:32:35;32.06;77821.00;38.00;1001.35;154;81;1.17;1
2025-09-19 14:32:36;32.06;77534.00;38.00;1001.35;155;81;1.18;1
2025-09-19 14:32:37;32.06;77391.00;38.00;1001.37;155;81;1.18;1
2025-09-19 14:32:38;32.07;78038.00;38.00;1001.37;155;81;1.18;1
2025-09-19 14:32:39;32.07;77534.00;38.00;1001.35;156;82;1.18;1
2025-09-19 14:32:40;32.05;77249.00;38.00;1001.35;156;82;1.18;1
2025-09-19 14:32:41;32.06;77821.00;38.00;1001.35;156;82;1.18;1
2025-09-19 14:32:42;32.06;77463.00;38.00;1001.37;156;82;1.19;1
2025-09-19 14:32:43;32.06;77966.00;38.00;1001.35;156;82;1.19;1
2025-09-19 14:32:44;32.06;77677.00;38.00;1001.37;156;82;1.19;1
2025-09-19 14:32:45;32.06;78110.00;38.00;1001.37;153;81;1.17;1
2025-09-19 14:32:46;32.06;77534.00;38.00;1001.33;153;81;1.17;1
2025-09-19 14:32:47;32.05;77606.00;38.00;1001.33;153;81;1.17;1
2025-09-19 14:32:48;32.04;77821.00;38.00;1001.35;153;81;1.17;1
2025-09-19 14:32:49;32.05;77320.00;38.00;1001.35;153;80;1.16;1
2025-09-19 14:32:50;32.05;77606.00;38.00;1001.35;153;80;1.16;1
2025-09-19 14:32:51;32.04;78183.00;38.00;1001.35;153;80;1.16;1
2025-09-19 14:32:52;32.03;77534.00;38.00;1001.35;150;79;1.14;1
2025-09-19 14:32:53;32.04;78475.00;38.00;1001.35;150;79;1.14;1
2025-09-19 14:32:54;32.04;78183.00;38.00;1001.35;150;79;1.14;1
2025-09-19 14:32:55;32.04;77821.00;38.00;1001.35;148;79;1.13;1
2025-09-19 14:32:56;32.04;77677.00;38.00;1001.35;148;79;1.13;1
2025-09-19 14:32:57;32.05;77606.00;38.00;1001.35;148;79;1.13;1
2025-09-19 14:32:58;32.04;78183.00;38.00;1001.35;150;79;1.14;1
2025-09-19 14:32:59;32.04;77677.00;38.00;1001.35;150;79;1.14;1
2025-09-19 14:33:00;32.04;77677.00;38.00;1001.35;150;79;1.14;1
2025-09-19 14:33:01;32.04;77534.00;38.00;1001.35;150;79;1.14;1
2025-09-19 14:33:02;32.04;77391.00;38.00;1001.35;150;79;1.14;1
2025-09-19 14:33:03;32.04;77391.00;38.00;1001.33;150;79;1.14;1
2025-09-19 14:33:04;32.04;77391.00;38.00;1001.33;151;80;1.15;1
2025-09-19 14:33:05;32.04;78038.00;38.00;1001.35;151;80;1.15;1
2025-09-19 14:33:06;32.04;77534.00;38.00;1001.35;151;80;1.15;1
2025-09-19 14:33:07;32.04;77463.00;38.00;1001.35;152;80;1.15;1
2025-09-19 14:33:08;32.04;77606.00;38.00;1001.33;152;80;1.15;1
2025-09-19 14:33:09;32.04;77677.00;38.00;1001.33;152;80;1.15;1
2025-09-19 14:33:10;32.04;77463.00;38.00;1001.35;151;80;1.15;1
2025-09-19 14:33:11;32.04;77677.00;38.00;1001.35;151;80;1.15;1
2025-09-19 14:33:12;32.04;77966.00;38.00;1001.35;151;80;1.15;1
2025-09-19 14:33:13;32.04;78110.00;38.00;1001.35;149;79;1.13;1
2025-09-19 14:33:14;32.04;77677.00;38.00;1001.31;149;79;1.13;1
2025-09-19 14:33:15;32.03;77677.00;38.00;1001.33;149;79;1.13;1
2025-09-19 14:33:16;32.03;77178.00;38.00;1001.33;149;79;1.13;1
2025-09-19 14:33:17;32.04;77677.00;38.00;1001.33;149;79;1.13;1
2025-09-19 14:33:18;32.03;77463.00;38.00;1001.31;149;79;1.13;1
2025-09-19 14:33:19;32.03;77966.00;38.00;1001.33;144;77;1.10;1
2025-09-19 14:33:20;32.03;78183.00;38.00;1001.33;144;77;1.10;1
2025-09-19 14:33:21;32.04;77749.00;38.00;1001.33;144;77;1.10;1
2025-09-19 14:33:22;32.04;77749.00;38.00;1001.33;145;77;1.10;1
2025-09-19 14:33:23;32.03;77677.00;38.00;1001.35;145;77;1.10;1
2025-09-19 14:33:24;32.03;77107.00;38.00;1001.31;145;77;1.10;1
2025-09-19 14:33:25;32.03;78402.00;38.00;1001.33;147;78;1.11;1
2025-09-19 14:33:26;32.02;77893.00;38.00;1001.31;147;78;1.11;1
2025-09-19 14:33:27;32.03;78548.00;38.00;1001.33;147;78;1.11;1
2025-09-19 14:33:28;32.03;77893.00;38.00;1001.33;143;76;1.09;1
2025-09-19 14:33:29;32.02;78548.00;38.00;1001.33;143;76;1.09;1
2025-09-19 14:33:30;32.03;78402.00;38.00;1001.33;143;76;1.09;1
2025-09-19 14:33:31;32.02;77320.00;38.00;1001.33;145;77;1.10;1
2025-09-19 14:33:32;32.02;77178.00;38.00;1001.33;145;77;1.10;1
2025-09-19 14:33:33;32.02;77749.00;38.00;1001.31;145;77;1.10;1
2025-09-19 14:33:34;32.02;78038.00;38.00;1001.33;145;77;1.10;1
2025-09-19 14:33:35;32.02;77749.00;38.00;1001.33;145;77;1.10;1
2025-09-19 14:33:36;32.01;77463.00;38.00;1001.33;145;77;1.10;1
2025-09-19 14:33:37;32.01;76966.00;38.00;1001.35;146;78;1.11;1
2025-09-19 14:33:38;32.01;77391.00;38.00;1001.33;146;78;1.11;1
2025-09-19 14:33:39;32.01;77463.00;38.00;1001.35;146;78;1.11;1
2025-09-19 14:33:40;32.01;77677.00;38.00;1001.31;147;78;1.12;1
2025-09-19 14:33:41;32.01;77534.00;38.00;1001.31;147;78;1.12;1
2025-09-19 14:33:42;32.01;77107.00;38.00;1001.33;147;78;1.12;1
2025-09-19 14:33:43;32.01;77320.00;38.00;1001.31;149;79;1.13;1
2025-09-19 14:33:44;32.01;77320.00;38.00;1001.31;149;79;1.13;1
2025-09-19 14:33:45;32.01;77178.00;38.00;1001.33;149;79;1.13;1
2025-09-19 14:33:46;32.01;77821.00;38.00;1001.35;150;79;1.14;1
2025-09-19 14:33:47;32.01;77749.00;38.00;1001.33;150;79;1.14;1
2025-09-19 14:33:48;32.02;77463.00;38.00;1001.33;150;79;1.14;1
2025-09-19 14:33:49;32.01;77249.00;38.00;1001.33;150;79;1.14;1
2025-09-19 14:33:50;32.02;77178.00;38.00;1001.35;150;79;1.14;1
2025-09-19 14:33:51;32.01;77249.00;38.00;1001.33;150;79;1.14;1
2025-09-19 14:33:52;32.01;77037.00;38.00;1001.33;150;79;1.14;1
2025-09-19 14:33:53;32.02;77821.00;38.00;1001.31;150;79;1.14;1
2025-09-19 14:33:54;32.02;77966.00;38.00;1001.33;150;79;1.14;1
2025-09-19 14:33:55;32.02;77893.00;38.00;1001.33;150;79;1.14;1
2025-09-19 14:33:56;32.03;76825.00;38.00;1001.33;150;79;1.14;1
2025-09-19 14:33:57;32.02;77320.00;38.00;1001.33;150;79;1.14;1
2025-09-19 14:33:58;32.02;76896.00;38.00;1001.33;150;79;1.14;1
2025-09-19 14:33:59;32.02;76685.00;38.00;1001.33;150;79;1.14;1
2025-09-19 14:34:00;32.03;76755.00;38.00;1001.33;150;79;1.14;1
2025-09-19 14:34:01;32.02;76825.00;38.00;1001.31;148;78;1.13;1
2025-09-19 14:34:02;32.03;77534.00;38.00;1001.33;148;78;1.13;1
2025-09-19 14:34:03;32.03;77178.00;38.00;1001.31;148;78;1.13;1
2025-09-19 14:34:04;32.03;76896.00;38.00;1001.33;149;79;1.13;1
2025-09-19 14:34:05;32.04;76685.00;38.00;1001.33;149;79;1.13;1
2025-09-19 14:34:06;32.03;77107.00;38.00;1001.35;149;79;1.13;1
2025-09-19 14:34:07;32.04;77178.00;38.00;1001.31;150;79;1.14;1
2025-09-19 14:34:08;32.03;76825.00;38.00;1001.33;150;79;1.14;1
2025-09-19 14:34:09;32.04;77037.00;38.00;1001.33;150;79;1.14;1
2025-09-19 14:34:10;32.04;77178.00;38.00;1001.33;150;79;1.14;1
2025-09-19 14:34:11;32.04;76966.00;38.00;1001.33;150;79;1.14;1
2025-09-19 14:34:12;32.03;77606.00;38.00;1001.31;150;79;1.14;1
2025-09-19 14:34:13;32.04;77037.00;38.00;1001.31;150;79;1.14;1
2025-09-19 14:34:14;32.04;76896.00;38.00;1001.31;150;79;1.14;1
2025-09-19 14:34:15;32.04;76896.00;38.00;1001.33;150;79;1.14;1
2025-09-19 14:34:16;32.04;76685.00;38.00;1001.33;150;79;1.14;1
2025-09-19 14:34:17;32.04;76966.00;38.00;1001.33;150;79;1.14;1
2025-09-19 14:34:18;32.04;76825.00;38.00;1001.33;150;79;1.14;1
2025-09-19 14:34:19;32.05;77037.00;38.00;1001.31;148;78;1.12;1
2025-09-19 14:34:20;32.05;77320.00;38.00;1001.31;148;78;1.12;1
2025-09-19 14:34:21;32.05;77107.00;38.00;1001.31;148;78;1.12;1
2025-09-19 14:34:22;32.05;76755.00;38.00;1001.31;150;79;1.14;1
2025-09-19 14:34:23;32.05;77463.00;38.00;1001.31;150;79;1.14;1
2025-09-19 14:34:24;32.05;76966.00;38.00;1001.31;150;79;1.14;1
2025-09-19 14:34:25;32.05;77463.00;38.00;1001.31;149;79;1.13;1
2025-09-19 14:34:26;32.06;77534.00;38.00;1001.33;149;79;1.13;1
2025-09-19 14:34:27;32.06;76755.00;38.00;1001.33;149;79;1.13;1
2025-09-19 14:34:28;32.05;77178.00;38.00;1001.33;150;79;1.14;1
2025-09-19 14:34:29;32.05;77178.00;38.00;1001.33;150;79;1.14;1
2025-09-19 14:34:30;32.05;77534.00;38.00;1001.35;150;79;1.14;1
2025-09-19 14:34:31;32.05;77249.00;38.00;1001.31;149;79;1.13;1
2025-09-19 14:34:32;32.05;77037.00;38.00;1001.31;149;79;1.13;1
2025-09-19 14:34:33;32.06;77178.00;38.00;1001.33;149;79;1.13;1
2025-09-19 14:34:34;32.05;77249.00;38.00;1001.33;148;79;1.13;1
2025-09-19 14:34:35;32.06;76966.00;38.00;1001.33;148;79;1.13;1
2025-09-19 14:34:36;32.06;77178.00;38.00;1001.31;148;79;1.13;1
2025-09-19 14:34:37;32.06;76896.00;38.00;1001.33;150;79;1.14;1
2025-09-19 14:34:38;32.06;77320.00;38.00;1001.31;150;79;1.14;1
2025-09-19 14:34:39;32.06;77749.00;38.00;1001.33;150;79;1.14;1
2025-09-19 14:34:40;32.06;77178.00;38.00;1001.33;150;79;1.14;1
2025-09-19 14:34:41;32.06;77320.00;38.00;1001.31;150;79;1.14;1
2025-09-19 14:34:42;32.06;76755.00;38.00;1001.33;150;79;1.14;1
2025-09-19 14:34:43;32.05;77037.00;38.00;1001.31;152;80;1.15;1
2025-09-19 14:34:44;32.05;76685.00;38.00;1001.33;152;80;1.15;1
2025-09-19 14:34:45;32.05;77178.00;38.00;1001.31;152;80;1.15;1
2025-09-19 14:34:46;32.05;76755.00;38.00;1001.33;153;80;1.16;1
2025-09-19 14:34:47;32.04;77320.00;38.00;1001.31;153;80;1.16;1
2025-09-19 14:34:48;32.04;77677.00;38.00;1001.31;153;80;1.16;1
2025-09-19 14:34:49;32.05;77391.00;38.00;1001.31;153;80;1.16;1
2025-09-19 14:34:50;32.05;77107.00;38.00;1001.33;153;80;1.16;1
2025-09-19 14:34:51;32.05;76896.00;38.00;1001.35;153;80;1.16;1
2025-09-19 14:34:52;32.05;76966.00;38.00;1001.29;153;80;1.16;1
2025-09-19 14:34:53;32.05;77107.00;38.00;1001.33;153;80;1.16;1
2025-09-19 14:34:54;32.06;76685.00;38.00;1001.31;153;80;1.16;1
2025-09-19 14:34:55;32.05;76406.00;38.00;1001.29;150;79;1.14;1
2025-09-19 14:34:56;32.06;77606.00;38.00;1001.33;150;79;1.14;1
2025-09-19 14:34:57;32.06;77391.00;38.00;1001.33;150;79;1.14;1
2025-09-19 14:34:58;32.06;76825.00;38.00;1001.31;150;79;1.14;1
2025-09-19 14:34:59;32.06;76685.00;38.00;1001.33;150;79;1.14;1
2025-09-19 14:35:00;32.06;76825.00;38.00;1001.33;150;79;1.14;1
2025-09-19 14:35:01;32.06;76268.00;38.00;1001.31;153;81;1.16;1
2025-09-19 14:35:02;32.06;76966.00;38.00;1001.33;153;81;1.16;1
2025-09-19 14:35:03;32.05;76545.00;38.00;1001.33;153;81;1.16;1
2025-09-19 14:35:04;32.04;76825.00;38.00;1001.31;153;81;1.17;1
2025-09-19 14:35:05;32.05;76896.00;38.00;1001.31;153;81;1.17;1
2025-09-19 14:35:06;32.05;76545.00;38.00;1001.31;153;81;1.17;1
2025-09-19 14:35:07;32.04;76825.00;38.00;1001.31;156;82;1.19;1
2025-09-19 14:35:08;32.04;76406.00;38.00;1001.31;156;82;1.19;1
2025-09-19 14:35:09;32.05;75992.00;38.00;1001.29;156;82;1.19;1
2025-09-19 14:35:10;32.05;76755.00;38.00;1001.31;160;84;1.22;1
2025-09-19 14:35:11;32.05;77107.00;38.00;1001.31;160;84;1.22;1
2025-09-19 14:35:12;32.05;76685.00;38.00;1001.29;160;84;1.22;1
2025-09-19 14:35:13;32.05;76268.00;38.00;1001.33;160;84;1.22;1
2025-09-19 14:35:14;32.06;76615.00;38.00;1001.33;160;84;1.22;1
2025-09-19 14:35:15;32.06;76825.00;38.00;1001.33;160;84;1.22;1
2025-09-19 14:35:16;32.06;76268.00;38.00;1001.33;161;84;1.22;1
2025-09-19 14:35:17;32.06;76896.00;38.00;1001.33;161;84;1.22;1
2025-09-19 14:35:18;32.06;76337.00;38.00;1001.33;161;84;1.22;1
2025-09-19 14:35:19;32.06;77178.00;38.00;1001.33;157;82;1.19;1
2025-09-19 14:35:20;32.05;76406.00;38.00;1001.33;157;82;1.19;1
2025-09-19 14:35:21;32.06;76198.00;38.00;1001.31;157;82;1.19;1
2025-09-19 14:35:22;32.06;76198.00;38.00;1001.33;159;83;1.21;1
2025-09-19 14:35:23;32.06;76268.00;38.00;1001.31;159;83;1.21;1
2025-09-19 14:35:24;32.06;75923.00;38.00;1001.33;159;83;1.21;1
2025-09-19 14:35:25;32.06;75855.00;38.00;1001.31;162;84;1.23;1
2025-09-19 14:35:26;32.06;76966.00;38.00;1001.33;162;84;1.23;1
2025-09-19 14:35:27;32.06;76825.00;38.00;1001.33;162;84;1.23;1
2025-09-19 14:35:28;32.06;76268.00;38.00;1001.33;162;84;1.23;1
2025-09-19 14:35:29;32.06;76198.00;38.00;1001.33;162;84;1.23;1
2025-09-19 14:35:30;32.06;76337.00;38.00;1001.31;162;84;1.23;1
2025-09-19 14:35:31;32.06;75992.00;38.00;1001.33;162;84;1.23;1
2025-09-19 14:35:32;32.06;76615.00;38.00;1001.33;163;85;1.24;1
2025-09-19 14:35:33;32.06;76825.00;38.00;1001.33;163;85;1.24;1
2025-09-19 14:35:34;32.06;76060.00;38.00;1001.35;163;85;1.24;1
2025-09-19 14:35:35;32.05;75855.00;38.00;1001.31;164;85;1.25;1
2025-09-19 14:35:36;32.05;76825.00;38.00;1001.31;164;85;1.25;1
2025-09-19 14:35:37;32.05;75992.00;38.00;1001.31;164;85;1.25;1
2025-09-19 14:35:38;32.05;75923.00;38.00;1001.35;164;86;1.25;1
2025-09-19 14:35:39;32.05;76406.00;38.00;1001.33;164;86;1.25;1
2025-09-19 14:35:40;32.05;76268.00;38.00;1001.33;164;86;1.25;1
2025-09-19 14:35:41;32.04;76337.00;38.00;1001.33;164;85;1.25;1
2025-09-19 14:35:42;32.05;75855.00;38.00;1001.31;164;85;1.25;1
2025-09-19 14:35:43;32.05;76337.00;38.00;1001.31;164;85;1.25;1
2025-09-19 14:35:44;32.04;76060.00;38.00;1001.31;163;85;1.24;1
2025-09-19 14:35:45;32.04;75992.00;38.00;1001.31;163;85;1.24;1
2025-09-19 14:35:46;32.04;75718.00;38.00;1001.31;163;85;1.24;1
2025-09-19 14:35:47;32.04;75923.00;38.00;1001.31;165;86;1.26;1
2025-09-19 14:35:48;32.04;76198.00;38.00;1001.31;165;86;1.26;1
2025-09-19 14:35:49;32.04;76337.00;38.00;1001.31;165;86;1.26;1
2025-09-19 14:35:50;32.05;76476.00;38.00;1001.33;164;85;1.25;1
2025-09-19 14:35:51;32.05;76198.00;38.00;1001.31;164;85;1.25;1
2025-09-19 14:35:52;32.05;76406.00;38.00;1001.29;164;85;1.25;1
2025-09-19 14:35:53;32.04;76060.00;38.00;1001.31;162;85;1.24;1
2025-09-19 14:35:54;32.05;76268.00;38.00;1001.31;162;85;1.24;1
2025-09-19 14:35:55;32.04;76615.00;38.00;1001.31;162;85;1.24;1
2025-09-19 14:35:56;32.05;76406.00;38.00;1001.33;161;84;1.22;1
2025-09-19 14:35:57;32.06;76198.00;38.00;1001.31;161;84;1.22;1
2025-09-19 14:35:58;32.05;76476.00;38.00;1001.33;161;84;1.22;1
2025-09-19 14:35:59;32.06;76545.00;38.00;1001.33;159;83;1.21;1
2025-09-19 14:36:00;32.05;76268.00;38.00;1001.33;159;83;1.21;1
2025-09-19 14:36:01;32.06;75855.00;38.00;1001.33;159;83;1.21;1
2025-09-19 14:36:02;32.06;75514.00;38.00;1001.33;162;85;1.23;1
2025-09-19 14:36:03;32.06;76545.00;38.00;1001.35;162;85;1.23;1
2025-09-19 14:36:04;32.06;76129.00;38.00;1001.33;162;85;1.23;1
2025-09-19 14:36:05;32.06;75718.00;38.00;1001.33;162;85;1.24;1
2025-09-19 14:36:06;32.06;76060.00;38.00;1001.33;162;85;1.24;1
2025-09-19 14:36:07;32.05;76476.00;38.00;1001.33;162;85;1.24;1
2025-09-19 14:36:08;32.05;76129.00;38.00;1001.33;165;86;1.26;1
2025-09-19 14:36:09;32.06;75923.00;38.00;1001.33;165;86;1.26;1
2025-09-19 14:36:10;32.06;75786.00;38.00;1001.33;165;86;1.26;1
2025-09-19 14:36:11;32.05;76406.00;38.00;1001.33;164;85;1.25;1
2025-09-19 14:36:12;32.06;75650.00;38.00;1001.33;164;85;1.25;1
2025-09-19 14:36:13;32.05;75855.00;38.00;1001.33;164;85;1.25;1
2025-09-19 14:36:14;32.05;76060.00;38.00;1001.29;165;86;1.26;1
2025-09-19 14:36:15;32.05;76337.00;38.00;1001.31;165;86;1.26;1
2025-09-19 14:36:16;32.05;75243.00;38.00;1001.31;165;86;1.26;1
2025-09-19 14:36:17;32.05;75514.00;38.00;1001.31;169;87;1.29;1
2025-09-19 14:36:18;32.05;75446.00;38.00;1001.29;169;87;1.29;1
2025-09-19 14:36:19;32.05;75311.00;38.00;1001.31;169;87;1.29;1
2025-09-19 14:36:20;32.05;75855.00;38.00;1001.31;168;87;1.28;1
2025-09-19 14:36:21;32.05;76060.00;38.00;1001.33;168;87;1.28;1
2025-09-19 14:36:22;32.05;75786.00;38.00;1001.29;168;87;1.28;1
2025-09-19 14:36:23;32.05;76825.00;38.00;1001.31;170;88;1.30;1
2025-09-19 14:36:24;32.05;75992.00;38.00;1001.29;170;88;1.30;1
2025-09-19 14:36:25;32.05;75650.00;38.00;1001.29;170;88;1.30;1
2025-09-19 14:36:26;32.05;76060.00;38.00;1001.29;170;88;1.30;1
2025-09-19 14:36:27;32.05;75923.00;38.00;1001.31;170;88;1.30;1
2025-09-19 14:36:28;32.06;75582.00;38.00;1001.33;170;88;1.30;1
2025-09-19 14:36:29;32.06;75378.00;38.00;1001.33;170;88;1.30;1
2025-09-19 14:36:30;32.06;75378.00;38.00;1001.29;170;88;1.30;1
2025-09-19 14:36:31;32.05;75378.00;38.00;1001.29;170;88;1.30;1
2025-09-19 14:36:32;32.05;75650.00;38.00;1001.31;172;89;1.32;1
2025-09-19 14:36:33;32.05;75514.00;38.00;1001.31;172;89;1.32;1
2025-09-19 14:36:34;32.05;75378.00;38.00;1001.31;172;89;1.32;1
2025-09-19 14:36:35;32.04;75042.00;38.00;1001.31;173;89;1.32;1
2025-09-19 14:36:36;32.05;75176.00;38.00;1001.31;173;89;1.32;1
2025-09-19 14:36:37;32.05;75923.00;38.00;1001.29;173;89;1.32;1
2025-09-19 14:36:38;32.05;75311.00;38.00;1001.31;175;90;1.34;1
2025-09-19 14:36:39;32.05;75514.00;38.00;1001.31;175;90;1.34;1
2025-09-19 14:36:40;32.05;75378.00;38.00;1001.33;175;90;1.34;1
2025-09-19 14:36:41;32.05;75109.00;38.00;1001.33;177;91;1.36;1
2025-09-19 14:36:42;32.05;75243.00;38.00;1001.33;177;91;1.36;1
2025-09-19 14:36:43;32.06;75042.00;38.00;1001.33;177;91;1.36;1
2025-09-19 14:36:44;32.06;75855.00;38.00;1001.31;176;91;1.35;1
2025-09-19 14:36:45;32.06;75514.00;38.00;1001.31;176;91;1.35;1
2025-09-19 14:36:46;32.06;75582.00;38.00;1001.31;176;91;1.35;1
2025-09-19 14:36:47;32.06;75311.00;38.00;1001.31;174;90;1.34;1
2025-09-19 14:36:48;32.06;75718.00;38.00;1001.31;174;90;1.34;1
2025-09-19 14:36:49;32.06;75311.00;38.00;1001.31;174;90;1.34;1
2025-09-19 14:36:50;32.06;74775.00;38.00;1001.31;176;91;1.35;1
2025-09-19 14:36:51;32.06;75718.00;38.00;1001.31;176;91;1.35;1
2025-09-19 14:36:52;32.06;75176.00;38.00;1001.33;176;91;1.35;1
2025-09-19 14:36:53;32.06;75176.00;38.00;1001.31;176;91;1.36;1
2025-09-19 14:36:54;32.05;75718.00;38.00;1001.33;176;91;1.36;1
2025-09-19 14:36:55;32.05;75514.00;38.00;1001.33;176;91;1.36;1
2025-09-19 14:36:56;32.05;75446.00;38.00;1001.29;174;90;1.33;1
2025-09-19 14:36:57;32.05;75514.00;38.00;1001.29;174;90;1.33;1
2025-09-19 14:36:58;32.04;75311.00;38.00;1001.31;174;90;1.33;1
2025-09-19 14:36:59;32.04;76060.00;38.00;1001.31;173;89;1.33;1
2025-09-19 14:37:00;32.05;75176.00;38.00;1001.31;173;89;1.33;1
2025-09-19 14:37:01;32.05;75378.00;38.00;1001.31;173;89;1.33;1
2025-09-19 14:37:02;32.05;75718.00;38.00;1001.31;174;90;1.34;1
2025-09-19 14:37:03;32.05;74775.00;38.00;1001.31;174;90;1.34;1
2025-09-19 14:37:04;32.04;75109.00;38.00;1001.31;174;90;1.34;1
2025-09-19 14:37:05;32.04;75786.00;38.00;1001.31;177;91;1.36;1
2025-09-19 14:37:06;32.05;75311.00;38.00;1001.31;177;91;1.36;1
2025-09-19 14:37:07;32.04;74708.00;38.00;1001.31;177;91;1.36;1
2025-09-19 14:37:08;32.04;74775.00;38.00;1001.31;177;91;1.36;1
2025-09-19 14:37:09;32.05;75109.00;38.00;1001.31;177;91;1.36;1
2025-09-19 14:37:10;32.05;75109.00;38.00;1001.33;177;91;1.36;1
2025-09-19 14:37:11;32.04;74841.00;38.00;1001.31;175;90;1.35;1
2025-09-19 14:37:12;32.06;75109.00;38.00;1001.33;175;90;1.35;1
2025-09-19 14:37:13;32.06;75378.00;38.00;1001.31;175;90;1.35;1
2025-09-19 14:37:14;32.06;75109.00;38.00;1001.31;174;90;1.34;1
2025-09-19 14:37:15;32.07;75176.00;38.00;1001.31;174;90;1.34;1
2025-09-19 14:37:16;32.06;75243.00;38.00;1001.31;174;90;1.34;1
2025-09-19 14:37:17;32.06;75243.00;38.00;1001.29;173;89;1.33;1
2025-09-19 14:37:18;32.07;74975.00;38.00;1001.29;173;89;1.33;1
2025-09-19 14:37:19;32.07;74708.00;38.00;1001.29;173;89;1.33;1
2025-09-19 14:37:20;32.07;75650.00;38.00;1001.29;172;89;1.32;1
2025-09-19 14:37:21;32.07;75311.00;38.00;1001.31;172;89;1.32;1
2025-09-19 14:37:22;32.08;75992.00;38.00;1001.31;172;89;1.32;1
2025-09-19 14:37:23;32.07;75243.00;38.00;1001.29;173;90;1.33;1
2025-09-19 14:37:24;32.07;75650.00;38.00;1001.33;173;90;1.33;1
2025-09-19 14:37:25;32.08;75446.00;38.00;1001.31;173;90;1.33;1
2025-09-19 14:37:26;32.08;75923.00;38.00;1001.31;175;90;1.35;1
2025-09-19 14:37:27;32.08;74841.00;38.00;1001.31;175;90;1.35;1
2025-09-19 14:37:28;32.08;75109.00;38.00;1001.33;175;90;1.35;1
2025-09-19 14:37:29;32.08;75311.00;38.00;1001.31;176;91;1.35;1
2025-09-19 14:37:30;32.08;75582.00;38.00;1001.31;176;91;1.35;1
2025-09-19 14:37:31;32.08;75042.00;38.00;1001.29;176;91;1.35;1
2025-09-19 14:37:32;32.08;74975.00;38.00;1001.31;177;91;1.37;1
2025-09-19 14:37:33;32.08;74576.00;38.00;1001.31;177;91;1.37;1
2025-09-19 14:37:34;32.09;75514.00;38.00;1001.31;177;91;1.37;1
2025-09-19 14:37:35;32.08;75923.00;38.00;1001.31;174;90;1.33;1
2025-09-19 14:37:36;32.08;74908.00;38.00;1001.31;174;90;1.33;1
2025-09-19 14:37:37;32.08;75514.00;38.00;1001.33;174;90;1.33;1
2025-09-19 14:37:38;32.08;75176.00;38.00;1001.31;175;90;1.35;1
2025-09-19 14:37:39;32.08;74775.00;38.00;1001.33;175;90;1.35;1
2025-09-19 14:37:40;32.07;74444.00;38.00;1001.31;175;90;1.35;1
2025-09-19 14:37:41;32.08;75109.00;38.00;1001.33;178;91;1.37;1
2025-09-19 14:37:42;32.07;75311.00;38.00;1001.33;178;91;1.37;1
2025-09-19 14:37:43;32.07;74775.00;38.00;1001.31;178;91;1.37;1
2025-09-19 14:37:44;32.07;74576.00;38.00;1001.31;180;93;1.39;1
2025-09-19 14:37:45;32.07;74510.00;38.00;1001.31;180;93;1.39;1
2025-09-19 14:37:46;32.07;74975.00;38.00;1001.29;180;93;1.39;1
2025-09-19 14:37:47;32.06;74841.00;38.00;1001.29;181;93;1.40;1
2025-09-19 14:37:48;32.06;74312.00;38.00;1001.29;181;93;1.40;1
2025-09-19 14:37:49;32.07;74444.00;38.00;1001.29;181;93;1.40;1
2025-09-19 14:37:50;32.07;74908.00;38.00;1001.29;182;94;1.41;1
2025-09-19 14:37:51;32.07;74444.00;38.00;1001.33;182;94;1.41;1
2025-09-19 14:37:52;32.07;74050.00;38.00;1001.29;182;94;1.41;1
2025-09-19 14:37:53;32.07;74378.00;38.00;1001.29;182;93;1.41;1
2025-09-19 14:37:54;32.07;74708.00;38.00;1001.29;182;93;1.41;1
2025-09-19 14:37:55;32.07;74908.00;38.00;1001.31;182;93;1.41;1
2025-09-19 14:37:56;32.08;74510.00;38.00;1001.31;180;93;1.39;1
2025-09-19 14:37:57;32.08;74246.00;38.00;1001.31;180;93;1.39;1
2025-09-19 14:37:58;32.08;74576.00;38.00;1001.31;180;93;1.39;1
2025-09-19 14:37:59;32.07;74841.00;38.00;1001.31;181;93;1.40;1
2025-09-19 14:38:00;32.08;74576.00;38.00;1001.31;181;93;1.40;1
2025-09-19 14:38:01;32.08;74975.00;38.00;1001.31;181;93;1.40;1
2025-09-19 14:38:02;32.08;75514.00;38.00;1001.31;178;92;1.37;1
2025-09-19 14:38:03;32.08;74378.00;38.00;1001.31;178;92;1.37;1
2025-09-19 14:38:04;32.08;74510.00;38.00;1001.29;178;92;1.37;1
2025-09-19 14:38:05;32.08;75042.00;38.00;1001.29;178;92;1.37;1
2025-09-19 14:38:06;32.08;74576.00;38.00;1001.31;178;92;1.37;1
2025-09-19 14:38:07;32.08;75176.00;38.00;1001.31;178;92;1.37;1
2025-09-19 14:38:08;32.08;74510.00;38.00;1001.31;178;92;1.37;1
2025-09-19 14:38:09;32.08;75042.00;38.00;1001.31;181;93;1.40;1
2025-09-19 14:38:10;32.08;74775.00;38.00;1001.29;181;93;1.40;1
2025-09-19 14:38:11;32.09;74510.00;38.00;1001.31;181;93;1.40;1
2025-09-19 14:38:12;32.08;74841.00;38.00;1001.31;183;94;1.42;1
2025-09-19 14:38:13;32.08;74708.00;38.00;1001.31;183;94;1.42;1
2025-09-19 14:38:14;32.09;74312.00;38.00;1001.29;183;94;1.42;1
2025-09-19 14:38:15;32.09;74841.00;38.00;1001.31;185;95;1.44;1
2025-09-19 14:38:16;32.08;74775.00;38.00;1001.31;185;95;1.44;1
2025-09-19 14:38:17;32.08;74181.00;38.00;1001.29;185;95;1.44;1
2025-09-19 14:38:18;32.09;74642.00;38.00;1001.31;187;96;1.46;1
2025-09-19 14:38:19;32.08;74312.00;38.00;1001.29;187;96;1.46;1
2025-09-19 14:38:20;32.09;74444.00;38.00;1001.29;187;96;1.46;1
2025-09-19 14:38:21;32.09;74708.00;38.00;1001.29;187;96;1.46;1
2025-09-19 14:38:22;32.08;74050.00;38.00;1001.31;187;96;1.46;1
2025-09-19 14:38:23;32.09;74050.00;38.00;1001.31;187;96;1.46;1
2025-09-19 14:38:24;32.08;74510.00;38.00;1001.29;189;96;1.48;1
2025-09-19 14:38:25;32.08;74975.00;38.00;1001.31;189;96;1.48;1
2025-09-19 14:38:26;32.07;74576.00;38.00;1001.31;189;96;1.48;1
2025-09-19 14:38:27;32.07;74246.00;38.00;1001.31;188;96;1.47;1
2025-09-19 14:38:28;32.07;74312.00;38.00;1001.31;188;96;1.47;1
2025-09-19 14:38:29;32.07;74642.00;38.00;1001.29;188;96;1.47;1
2025-09-19 14:38:30;32.07;74378.00;38.00;1001.29;187;95;1.46;1
2025-09-19 14:38:31;32.07;74775.00;38.00;1001.31;187;95;1.46;1
2025-09-19 14:38:32;32.07;74775.00;38.00;1001.31;187;95;1.46;1
2025-09-19 14:38:33;32.07;74775.00;38.00;1001.31;186;95;1.44;1
2025-09-19 14:38:34;32.07;74841.00;38.00;1001.31;186;95;1.44;1
2025-09-19 14:38:35;32.08;73790.00;38.00;1001.31;186;95;1.44;1
2025-09-19 14:38:36;32.08;74181.00;38.00;1001.31;189;97;1.48;1
2025-09-19 14:38:37;32.07;74312.00;38.00;1001.33;189;97;1.48;1
2025-09-19 14:38:38;32.08;75109.00;38.00;1001.31;189;97;1.48;1
2025-09-19 14:38:39;32.07;75042.00;38.00;1001.33;186;95;1.44;1
2025-09-19 14:38:40;32.08;74975.00;38.00;1001.33;186;95;1.44;1
2025-09-19 14:38:41;32.07;74378.00;38.00;1001.29;186;95;1.44;1
2025-09-19 14:38:42;32.07;74378.00;38.00;1001.31;188;96;1.46;1
2025-09-19 14:38:43;32.07;74576.00;38.00;1001.31;188;96;1.46;1
2025-09-19 14:38:44;32.07;74115.00;38.00;1001.29;188;96;1.46;1
2025-09-19 14:38:45;32.07;74181.00;38.00;1001.29;189;96;1.48;1
2025-09-19 14:38:47;32.07;74181.00;38.00;1001.29;189;96;1.48;1
2025-09-19 14:38:48;32.07;74115.00;38.00;1001.29;191;97;1.49;1
2025-09-19 14:38:49;32.06;73790.00;38.00;1001.29;191;97;1.49;1
2025-09-19 14:38:50;32.07;73790.00;38.00;1001.29;191;97;1.49;1
2025-09-19 14:38:51;32.05;73985.00;38.00;1001.29;193;98;1.52;1
2025-09-19 14:38:52;32.06;74246.00;38.00;1001.29;193;98;1.52;1
2025-09-19 14:38:53;32.06;74841.00;38.00;1001.29;193;98;1.52;1
2025-09-19 14:38:54;32.07;73920.00;38.00;1001.29;194;98;1.52;1
2025-09-19 14:38:55;32.06;74576.00;38.00;1001.29;194;98;1.52;1
2025-09-19 14:38:56;32.07;74576.00;38.00;1001.29;194;98;1.52;1
2025-09-19 14:38:57;32.07;73985.00;38.00;1001.29;191;97;1.50;1
2025-09-19 14:38:58;32.06;74642.00;38.00;1001.29;191;97;1.50;1
2025-09-19 14:38:59;32.07;73661.00;38.00;1001.29;191;97;1.50;1
2025-09-19 14:39:00;32.06;73790.00;38.00;1001.31;191;97;1.50;1
2025-09-19 14:39:01;32.07;74708.00;38.00;1001.29;191;97;1.50;1
2025-09-19 14:39:02;32.07;74841.00;38.00;1001.29;191;97;1.50;1
2025-09-19 14:39:03;32.06;74908.00;38.00;1001.29;188;96;1.47;1
2025-09-19 14:39:04;32.07;74050.00;38.00;1001.29;188;96;1.47;1
2025-09-19 14:39:05;32.06;74246.00;38.00;1001.29;188;96;1.47;1
2025-09-19 14:39:06;32.06;74050.00;38.00;1001.29;187;95;1.45;1
2025-09-19 14:39:07;32.06;73790.00;38.00;1001.29;187;95;1.45;1
2025-09-19 14:39:08;32.06;74312.00;38.00;1001.29;187;95;1.45;1
2025-09-19 14:39:09;32.06;75042.00;38.00;1001.29;188;96;1.46;1
2025-09-19 14:39:10;32.06;74708.00;38.00;1001.29;188;96;1.46;1
2025-09-19 14:39:11;32.06;74708.00;38.00;1001.29;188;96;1.46;1
2025-09-19 14:39:12;32.07;73985.00;38.00;1001.29;187;96;1.46;1
2025-09-19 14:39:13;32.07;74510.00;38.00;1001.27;187;96;1.46;1
2025-09-19 14:39:14;32.06;74378.00;38.00;1001.29;187;96;1.46;1
2025-09-19 14:39:15;32.06;74444.00;38.00;1001.29;188;96;1.46;1
2025-09-19 14:39:16;32.07;74115.00;38.00;1001.31;188;96;1.46;1
2025-09-19 14:39:17;32.07;74576.00;38.00;1001.29;188;96;1.46;1
2025-09-19 14:39:18;32.07;73985.00;38.00;1001.29;185;95;1.44;1
2025-09-19 14:39:19;32.07;74444.00;38.00;1001.29;185;95;1.44;1
2025-09-19 14:39:20;32.07;74378.00;38.00;1001.29;185;95;1.44;1
2025-09-19 14:39:21;32.07;74444.00;38.00;1001.29;186;95;1.45;1
2025-09-19 14:39:22;32.07;75042.00;38.00;1001.29;186;95;1.45;1
2025-09-19 14:39:23;32.07;74444.00;38.00;1001.29;186;95;1.45;1
2025-09-19 14:39:24;32.07;74576.00;38.00;1001.31;185;94;1.43;1
2025-09-19 14:39:25;32.08;74115.00;38.00;1001.31;185;94;1.43;1
2025-09-19 14:39:26;32.08;74312.00;38.00;1001.31;185;94;1.43;1
2025-09-19 14:39:27;32.08;73855.00;38.00;1001.27;185;95;1.44;1
2025-09-19 14:39:28;32.08;74115.00;38.00;1001.31;185;95;1.44;1
2025-09-19 14:39:29;32.08;73985.00;38.00;1001.31;185;95;1.44;1
2025-09-19 14:39:30;32.08;73985.00;38.00;1001.29;190;97;1.48;1
2025-09-19 14:39:31;32.08;74312.00;38.00;1001.29;190;97;1.48;1
2025-09-19 14:39:32;32.08;74775.00;38.00;1001.31;190;97;1.48;1
2025-09-19 14:39:33;32.07;74312.00;38.00;1001.29;190;97;1.48;1
2025-09-19 14:39:34;32.08;73985.00;38.00;1001.31;190;97;1.48;1
2025-09-19 14:39:35;32.07;74312.00;38.00;1001.31;190;97;1.48;1
2025-09-19 14:39:36;32.08;74841.00;38.00;1001.29;193;98;1.52;1
2025-09-19 14:39:37;32.08;74312.00;38.00;1001.31;193;98;1.52;1
2025-09-19 14:39:38;32.07;74444.00;38.00;1001.31;193;98;1.52;1
2025-09-19 14:39:39;32.08;73790.00;38.00;1001.27;193;98;1.52;1
2025-09-19 14:39:40;32.08;74312.00;38.00;1001.31;193;98;1.52;1
2025-09-19 14:39:41;32.08;73855.00;38.00;1001.29;193;98;1.52;1
2025-09-19 14:39:42;32.08;74115.00;38.00;1001.31;193;98;1.52;1
2025-09-19 14:39:43;32.08;73596.00;38.00;1001.31;193;98;1.52;1
2025-09-19 14:39:44;32.08;73725.00;38.00;1001.31;193;98;1.52;1
2025-09-19 14:39:45;32.08;73855.00;38.00;1001.29;194;98;1.52;1
2025-09-19 14:39:46;32.07;74246.00;38.00;1001.31;194;98;1.52;1
2025-09-19 14:39:47;32.08;73596.00;38.00;1001.29;194;98;1.52;1
2025-09-19 14:39:48;32.08;73212.00;38.00;1001.27;196;99;1.55;1
2025-09-19 14:39:49;32.08;74115.00;38.00;1001.29;196;99;1.55;1
2025-09-19 14:39:50;32.08;74115.00;38.00;1001.29;196;99;1.55;1
2025-09-19 14:39:51;32.09;73403.00;38.00;1001.29;197;100;1.56;1
2025-09-19 14:39:52;32.09;73532.00;38.00;1001.27;197;100;1.56;1
2025-09-19 14:39:53;32.08;73790.00;38.00;1001.29;197;100;1.56;1
2025-09-19 14:39:54;32.09;73985.00;38.00;1001.29;201;101;1.59;1
2025-09-19 14:39:55;32.08;73339.00;38.00;1001.29;201;101;1.59;1
2025-09-19 14:39:56;32.08;73596.00;38.00;1001.29;201;101;1.59;1
2025-09-19 14:39:57;32.09;73920.00;38.00;1001.29;201;102;1.60;1
2025-09-19 14:39:58;32.08;72957.00;38.00;1001.29;201;102;1.60;1
2025-09-19 14:39:59;32.08;73985.00;38.00;1001.29;201;102;1.60;1
2025-09-19 14:40:00;32.08;73403.00;38.00;1001.29;202;102;1.61;1
2025-09-19 14:40:01;32.09;73920.00;38.00;1001.29;202;102;1.61;1
2025-09-19 14:40:02;32.08;73212.00;38.00;1001.27;202;102;1.61;1
2025-09-19 14:40:03;32.09;73596.00;38.00;1001.29;202;102;1.60;1
2025-09-19 14:40:04;32.08;73855.00;38.00;1001.27;202;102;1.60;1
2025-09-19 14:40:05;32.08;73467.00;38.00;1001.27;202;102;1.60;1
2025-09-19 14:40:06;32.08;73596.00;38.00;1001.27;203;102;1.62;1
2025-09-19 14:40:07;32.08;73275.00;38.00;1001.29;203;102;1.62;1
2025-09-19 14:40:08;32.08;73021.00;38.00;1001.27;203;102;1.62;1
2025-09-19 14:40:09;32.09;73790.00;38.00;1001.27;201;102;1.60;1
2025-09-19 14:40:10;32.08;73212.00;38.00;1001.27;201;102;1.60;1
2025-09-19 14:40:11;32.08;73467.00;38.00;1001.29;201;102;1.60;1
2025-09-19 14:40:12;32.09;73339.00;38.00;1001.27;202;102;1.60;1
2025-09-19 14:40:13;32.08;73467.00;38.00;1001.27;202;102;1.60;1
2025-09-19 14:40:14;32.09;73467.00;38.00;1001.27;202;102;1.60;1
2025-09-19 14:40:15;32.09;73212.00;38.00;1001.27;203;102;1.62;1
2025-09-19 14:40:16;32.09;73467.00;38.00;1001.29;203;102;1.62;1
2025-09-19 14:40:17;32.09;73021.00;38.00;1001.25;203;102;1.62;1
2025-09-19 14:40:18;32.08;72579.00;38.00;1001.27;205;103;1.64;1
2025-09-19 14:40:19;32.08;73532.00;38.00;1001.27;205;103;1.64;1
2025-09-19 14:40:20;32.08;73084.00;38.00;1001.27;205;103;1.64;1
2025-09-19 14:40:21;32.08;72768.00;38.00;1001.25;206;104;1.65;1
2025-09-19 14:40:22;32.08;73212.00;38.00;1001.25;206;104;1.65;1
2025-09-19 14:40:23;32.08;73532.00;38.00;1001.27;206;104;1.65;1
2025-09-19 14:40:24;32.08;73403.00;38.00;1001.27;205;103;1.64;1
2025-09-19 14:40:25;32.08;72894.00;38.00;1001.25;205;103;1.64;1
2025-09-19 14:40:26;32.08;72831.00;38.00;1001.25;205;103;1.64;1
2025-09-19 14:40:27;32.09;73596.00;38.00;1001.27;204;103;1.63;1
2025-09-19 14:40:28;32.09;73725.00;38.00;1001.25;204;103;1.63;1
2025-09-19 14:40:29;32.08;73855.00;38.00;1001.25;204;103;1.63;1
2025-09-19 14:40:30;32.07;73467.00;38.00;1001.23;204;103;1.63;1
2025-09-19 14:40:31;32.08;73790.00;38.00;1001.25;204;103;1.63;1
2025-09-19 14:40:32;32.08;73985.00;38.00;1001.25;204;103;1.63;1
2025-09-19 14:40:33;32.08;73661.00;38.00;1001.25;205;103;1.64;1
2025-09-19 14:40:34;32.09;73148.00;38.00;1001.25;205;103;1.64;1
2025-09-19 14:40:35;32.08;73084.00;38.00;1001.27;205;103;1.64;1
2025-09-19 14:40:36;32.09;73596.00;38.00;1001.25;206;104;1.65;1
2025-09-19 14:40:37;32.08;74050.00;38.00;1001.25;206;104;1.65;1
2025-09-19 14:40:38;32.09;73084.00;38.00;1001.23;206;104;1.65;1
2025-09-19 14:40:39;32.09;73790.00;38.00;1001.25;203;102;1.62;1
2025-09-19 14:40:40;32.09;73725.00;38.00;1001.27;203;102;1.62;1
2025-09-19 14:40:41;32.08;73339.00;38.00;1001.25;203;102;1.62;1
2025-09-19 14:40:42;32.08;73275.00;38.00;1001.25;204;103;1.63;1
