timestamp;temperature;gas;humidity;barometer;IAQ;IAQ_S;VOCS;accuracy;humidty_corrected;temp_corrected
2025-10-02 14:13:44;29.09;112307.00;29.00;1006.50;0;0;0.34;1;41.35;23.09
2025-10-02 14:13:45;29.09;110973.00;29.00;1006.50;0;0;0.34;1;41.35;23.09
2025-10-02 14:13:46;29.09;109957.00;29.00;1006.50;0;0;0.34;1;41.35;23.09
2025-10-02 14:13:47;29.08;109742.00;29.00;1006.51;0;0;0.34;1;41.35;23.08
2025-10-02 14:13:48;29.07;111120.00;29.00;1006.51;0;0;0.34;1;41.35;23.07
2025-10-02 14:13:49;29.05;109527.00;29.00;1006.54;0;0;0.34;1;41.35;23.05
2025-10-02 14:13:50;29.04;110973.00;29.00;1006.51;0;0;0.34;1;41.35;23.04
2025-10-02 14:13:51;29.04;110463.00;29.00;1006.51;0;0;0.34;1;41.35;23.04
2025-10-02 14:13:52;29.04;110900.00;29.00;1006.50;0;0;0.34;1;41.35;23.04
2025-10-02 14:13:53;29.05;112008.00;29.00;1006.51;0;0;0.34;1;41.35;23.05
2025-10-02 14:13:54;29.06;109885.00;29.00;1006.50;0;0;0.34;1;41.35;23.06
2025-10-02 14:13:55;29.06;110827.00;29.00;1006.50;0;0;0.34;1;41.35;23.06
2025-10-02 14:13:56;29.07;109742.00;29.00;1006.50;0;0;0.34;1;41.35;23.07
2025-10-02 14:13:57;29.09;109527.00;29.00;1006.51;0;0;0.34;1;41.35;23.09
2025-10-02 14:13:58;29.10;110173.00;29.00;1006.51;0;0;0.34;1;41.35;23.10
2025-10-02 14:13:59;29.11;108818.00;29.00;1006.50;0;0;0.34;1;41.34;23.11
2025-10-02 14:14:00;29.12;107290.00;30.00;1006.50;0;0;0.34;1;42.77;23.12
2025-10-02 14:14:01;29.12;108049.00;30.00;1006.50;0;0;0.34;1;42.77;23.12
2025-10-02 14:14:02;29.12;106610.00;30.00;1006.50;0;0;0.34;1;42.77;23.12
2025-10-02 14:14:03;29.12;106881.00;30.00;1006.50;0;0;0.34;1;42.77;23.12
2025-10-02 14:14:04;29.12;107017.00;30.00;1006.51;0;0;0.34;1;42.77;23.12
2025-10-02 14:14:05;29.12;106813.00;30.00;1006.51;0;0;0.34;1;42.77;23.12
2025-10-02 14:14:06;29.11;106408.00;30.00;1006.51;0;0;0.34;1;42.77;23.11
2025-10-02 14:14:07;29.11;106340.00;30.00;1006.51;0;0;0.34;1;42.77;23.11
2025-10-02 14:14:08;29.11;105606.00;30.00;1006.51;0;1;0.35;1;42.77;23.11
2025-10-02 14:14:09;29.08;104425.00;30.00;1006.51;0;1;0.35;1;42.77;23.08
2025-10-02 14:14:10;29.05;105012.00;30.00;1006.51;0;1;0.35;1;42.78;23.05
2025-10-02 14:14:11;29.04;103525.00;30.00;1006.51;0;9;0.39;1;42.78;23.04
2025-10-02 14:14:12;29.03;103461.00;30.00;1006.51;0;9;0.39;1;42.78;23.03
2025-10-02 14:14:13;29.05;104231.00;30.00;1006.50;0;9;0.39;1;42.78;23.05
2025-10-02 14:14:14;29.04;105143.00;30.00;1006.51;0;14;0.42;1;42.78;23.04
2025-10-02 14:14:15;29.03;103397.00;30.00;1006.51;0;14;0.42;1;42.78;23.03
2025-10-02 14:14:16;29.03;102891.00;30.00;1006.51;0;14;0.42;1;42.78;23.03
2025-10-02 14:14:17;29.04;103780.00;30.00;1006.51;15;20;0.46;1;42.78;23.04
2025-10-02 14:14:18;29.03;103780.00;30.00;1006.51;15;20;0.46;1;42.78;23.03
2025-10-02 14:14:19;29.04;102828.00;30.00;1006.50;15;20;0.46;1;42.78;23.04
2025-10-02 14:14:20;29.05;102640.00;30.00;1006.50;20;23;0.48;1;42.78;23.05
2025-10-02 14:14:21;29.07;103397.00;30.00;1006.51;20;23;0.48;1;42.77;23.07
2025-10-02 14:14:22;29.07;104037.00;30.00;1006.50;20;23;0.48;1;42.77;23.07
2025-10-02 14:14:23;29.08;103397.00;30.00;1006.47;25;25;0.49;1;42.77;23.08
2025-10-02 14:14:24;29.08;104166.00;30.00;1006.47;25;25;0.49;1;42.77;23.08
2025-10-02 14:14:25;29.09;103144.00;30.00;1006.47;25;25;0.49;1;42.77;23.09
2025-10-02 14:14:26;29.10;103525.00;30.00;1006.47;27;26;0.50;1;42.77;23.10
2025-10-02 14:14:27;29.09;102328.00;30.00;1006.50;27;26;0.50;1;42.77;23.09
2025-10-02 14:14:28;29.09;103017.00;30.00;1006.50;27;26;0.50;1;42.77;23.09
2025-10-02 14:14:29;29.08;102017.00;30.00;1006.47;35;29;0.53;1;42.77;23.08
2025-10-02 14:14:30;29.08;104425.00;31.00;1006.45;35;29;0.53;1;44.20;23.08
2025-10-02 14:14:31;29.10;103017.00;31.00;1006.45;35;29;0.53;1;44.20;23.10
2025-10-02 14:14:32;29.12;102265.00;31.00;1006.47;38;30;0.54;1;44.19;23.12
2025-10-02 14:14:33;29.14;103207.00;31.00;1006.47;38;30;0.54;1;44.19;23.14
2025-10-02 14:14:34;29.15;102079.00;31.00;1006.50;38;30;0.54;1;44.19;23.15
2025-10-02 14:14:35;29.16;101893.00;31.00;1006.47;41;32;0.55;1;44.19;23.16
2025-10-02 14:14:36;29.18;102079.00;31.00;1006.50;41;32;0.55;1;44.19;23.18
2025-10-02 14:14:37;29.19;102828.00;31.00;1006.50;41;32;0.55;1;44.19;23.19
2025-10-02 14:14:38;29.20;101586.00;31.00;1006.47;41;32;0.55;1;44.19;23.20
2025-10-02 14:14:39;29.21;102079.00;31.00;1006.50;41;32;0.55;1;44.18;23.21
2025-10-02 14:14:40;29.23;102203.00;31.00;1006.47;41;32;0.55;1;44.18;23.23
2025-10-02 14:14:41;29.24;100794.00;31.00;1006.47;43;33;0.56;1;44.18;23.24
2025-10-02 14:14:42;29.25;102577.00;31.00;1006.50;43;33;0.56;1;44.18;23.25
2025-10-02 14:14:43;29.25;101097.00;31.00;1006.47;43;33;0.56;1;44.18;23.25
2025-10-02 14:14:44;29.26;101524.00;31.00;1006.47;45;34;0.57;1;44.18;23.26
2025-10-02 14:14:45;29.25;102577.00;31.00;1006.50;45;34;0.57;1;44.18;23.25
2025-10-02 14:14:46;29.27;101586.00;31.00;1006.47;45;34;0.57;1;44.18;23.27
2025-10-02 14:14:47;29.28;100854.00;31.00;1006.47;49;35;0.58;1;44.18;23.28
2025-10-02 14:14:48;29.27;100673.00;31.00;1006.47;49;35;0.58;1;44.18;23.27
2025-10-02 14:14:49;29.28;101524.00;31.00;1006.47;49;35;0.58;1;44.18;23.28
2025-10-02 14:14:50;29.28;100074.00;31.00;1006.47;53;37;0.60;1;44.18;23.28
2025-10-02 14:14:51;29.27;100975.00;31.00;1006.45;53;37;0.60;1;44.18;23.27
2025-10-02 14:14:52;29.27;100794.00;30.00;1006.45;53;37;0.60;1;42.75;23.27
2025-10-02 14:14:53;29.27;99896.00;31.00;1006.45;53;37;0.60;1;44.18;23.27
2025-10-02 14:14:54;29.28;100915.00;30.00;1006.47;57;39;0.62;1;42.75;23.28
2025-10-02 14:14:55;29.29;99600.00;30.00;1006.45;57;39;0.62;1;42.75;23.29
2025-10-02 14:14:56;29.30;100553.00;30.00;1006.45;57;39;0.62;1;42.75;23.30
2025-10-02 14:14:57;29.30;100673.00;30.00;1006.47;59;39;0.62;1;42.75;23.30
2025-10-02 14:14:58;29.31;100253.00;30.00;1006.47;59;39;0.62;1;42.75;23.31
2025-10-02 14:14:59;29.30;100854.00;30.00;1006.47;59;39;0.62;1;42.75;23.30
2025-10-02 14:15:00;29.28;99836.00;30.00;1006.45;59;39;0.62;1;42.75;23.28
2025-10-02 14:15:01;29.28;101158.00;30.00;1006.45;59;39;0.62;1;42.75;23.28
2025-10-02 14:15:02;29.28;102390.00;30.00;1006.47;59;39;0.62;1;42.75;23.28
2025-10-02 14:15:03;29.30;100493.00;30.00;1006.45;54;37;0.60;1;42.75;23.30
2025-10-02 14:15:04;29.31;101097.00;30.00;1006.47;54;37;0.60;1;42.75;23.31
2025-10-02 14:15:05;29.32;102203.00;30.00;1006.45;54;37;0.60;1;42.75;23.32
2025-10-02 14:15:06;29.32;100794.00;30.00;1006.47;51;36;0.59;1;42.75;23.32
2025-10-02 14:15:07;29.33;100975.00;30.00;1006.43;51;36;0.59;1;42.75;23.33
2025-10-02 14:15:08;29.32;99718.00;30.00;1006.45;51;36;0.59;1;42.75;23.32
2025-10-02 14:15:09;29.33;100313.00;30.00;1006.43;58;39;0.62;1;42.75;23.33
2025-10-02 14:15:10;29.34;100854.00;30.00;1006.50;58;39;0.62;1;42.74;23.34
2025-10-02 14:15:11;29.35;100915.00;31.00;1006.45;58;39;0.62;1;44.17;23.35
2025-10-02 14:15:12;29.34;101832.00;30.00;1006.43;57;39;0.62;1;42.74;23.34
2025-10-02 14:15:13;29.34;100313.00;31.00;1006.45;57;39;0.62;1;44.17;23.34
2025-10-02 14:15:14;29.34;100613.00;31.00;1006.51;57;39;0.62;1;44.17;23.34
2025-10-02 14:15:15;29.35;99423.00;31.00;1006.47;57;39;0.62;1;44.17;23.35
2025-10-02 14:15:16;29.37;102141.00;31.00;1006.45;57;39;0.62;1;44.17;23.37
2025-10-02 14:15:17;29.37;99600.00;31.00;1006.47;57;39;0.62;1;44.17;23.37
2025-10-02 14:15:18;29.37;99541.00;31.00;1006.47;61;40;0.63;1;44.17;23.37
2025-10-02 14:15:19;29.37;99541.00;31.00;1006.50;61;40;0.63;1;44.17;23.37
2025-10-02 14:15:20;29.37;99130.00;31.00;1006.45;61;40;0.63;1;44.17;23.37
2025-10-02 14:15:21;29.38;98897.00;31.00;1006.47;67;43;0.66;1;44.16;23.38
2025-10-02 14:15:22;29.40;98203.00;31.00;1006.47;67;43;0.66;1;44.16;23.40
2025-10-02 14:15:23;29.41;100074.00;31.00;1006.47;67;43;0.66;1;44.16;23.41
2025-10-02 14:15:24;29.41;98261.00;31.00;1006.47;66;43;0.65;1;44.16;23.41
2025-10-02 14:15:25;29.41;99955.00;31.00;1006.47;66;43;0.65;1;44.16;23.41
2025-10-02 14:15:26;29.41;98491.00;31.00;1006.47;66;43;0.65;1;44.16;23.41
2025-10-02 14:15:27;29.41;98318.00;31.00;1006.45;70;45;0.67;1;44.16;23.41
2025-10-02 14:15:28;29.42;97294.00;31.00;1006.45;70;45;0.67;1;44.16;23.42
2025-10-02 14:15:29;29.42;98032.00;31.00;1006.47;70;45;0.67;1;44.16;23.42
2025-10-02 14:15:30;29.44;97182.00;31.00;1006.45;75;46;0.69;1;44.16;23.44
2025-10-02 14:15:31;29.45;99659.00;31.00;1006.47;75;46;0.69;1;44.16;23.45
2025-10-02 14:15:32;29.45;99718.00;31.00;1006.45;75;46;0.69;1;44.16;23.45
2025-10-02 14:15:33;29.46;98032.00;31.00;1006.43;76;47;0.70;1;44.15;23.46
2025-10-02 14:15:34;29.46;96957.00;31.00;1006.47;76;47;0.70;1;44.15;23.46
2025-10-02 14:15:35;29.48;96623.00;31.00;1006.45;76;47;0.70;1;44.15;23.48
2025-10-02 14:15:36;29.48;96568.00;31.00;1006.45;83;50;0.73;1;44.15;23.48
2025-10-02 14:15:37;29.48;96457.00;31.00;1006.45;83;50;0.73;1;44.15;23.48
2025-10-02 14:15:38;29.49;96902.00;31.00;1006.45;83;50;0.73;1;44.15;23.49
2025-10-02 14:15:39;29.49;97917.00;31.00;1006.47;87;52;0.75;1;44.15;23.49
2025-10-02 14:15:40;29.50;98722.00;31.00;1006.45;87;52;0.75;1;44.15;23.50
2025-10-02 14:15:41;29.51;95525.00;31.00;1006.47;87;52;0.75;1;44.15;23.51
2025-10-02 14:15:42;29.51;96790.00;31.00;1006.47;94;55;0.79;1;44.15;23.51
2025-10-02 14:15:43;29.51;96734.00;31.00;1006.47;94;55;0.79;1;44.15;23.51
2025-10-02 14:15:44;29.51;96957.00;31.00;1006.47;94;55;0.79;1;44.15;23.51
2025-10-02 14:15:45;29.51;95579.00;31.00;1006.43;94;55;0.78;1;44.15;23.51
2025-10-02 14:15:46;29.51;96346.00;31.00;1006.45;94;55;0.78;1;44.15;23.51
2025-10-02 14:15:47;29.51;97182.00;31.00;1006.45;94;55;0.78;1;44.15;23.51
2025-10-02 14:15:48;29.51;95093.00;31.00;1006.47;97;56;0.80;1;44.15;23.51
2025-10-02 14:15:49;29.51;96071.00;31.00;1006.45;97;56;0.80;1;44.15;23.51
2025-10-02 14:15:50;29.52;96457.00;31.00;1006.47;97;56;0.80;1;44.15;23.52
2025-10-02 14:15:51;29.51;96846.00;31.00;1006.47;97;56;0.80;1;44.15;23.51
2025-10-02 14:15:52;29.51;95634.00;31.00;1006.45;97;56;0.80;1;44.15;23.51
2025-10-02 14:15:53;29.52;98491.00;31.00;1006.50;97;56;0.80;1;44.15;23.52
2025-10-02 14:15:54;29.53;96346.00;31.00;1006.50;98;57;0.81;1;44.15;23.53
2025-10-02 14:15:55;29.53;96902.00;31.00;1006.47;98;57;0.81;1;44.15;23.53
2025-10-02 14:15:56;29.54;96512.00;31.00;1006.47;98;57;0.81;1;44.15;23.54
2025-10-02 14:15:57;29.54;96790.00;31.00;1006.47;100;58;0.82;1;44.15;23.54
2025-10-02 14:15:58;29.54;97350.00;31.00;1006.47;100;58;0.82;1;44.15;23.54
2025-10-02 14:15:59;29.54;95363.00;31.00;1006.45;100;58;0.82;1;44.15;23.54
2025-10-02 14:16:00;29.55;96734.00;31.00;1006.47;96;56;0.79;1;44.14;23.55
2025-10-02 14:16:01;29.55;97294.00;31.00;1006.47;96;56;0.79;1;44.14;23.55
2025-10-02 14:16:02;29.56;94985.00;31.00;1006.45;96;56;0.79;1;44.14;23.56
2025-10-02 14:16:03;29.56;97803.00;31.00;1006.47;93;55;0.78;1;44.14;23.56
2025-10-02 14:16:04;29.57;96957.00;31.00;1006.43;93;55;0.78;1;44.14;23.57
2025-10-02 14:16:05;29.57;96790.00;31.00;1006.50;93;55;0.78;1;44.14;23.57
2025-10-02 14:16:06;29.57;94932.00;31.00;1006.51;89;53;0.76;1;44.14;23.57
2025-10-02 14:16:07;29.57;96346.00;31.00;1006.50;89;53;0.76;1;44.14;23.57
2025-10-02 14:16:08;29.58;95147.00;31.00;1006.47;89;53;0.76;1;44.14;23.58
2025-10-02 14:16:09;29.57;94878.00;31.00;1006.50;97;56;0.80;1;44.14;23.57
2025-10-02 14:16:10;29.57;97294.00;31.00;1006.47;97;56;0.80;1;44.14;23.57
2025-10-02 14:16:11;29.58;96512.00;31.00;1006.47;97;56;0.80;1;44.14;23.58
2025-10-02 14:16:12;29.58;96846.00;31.00;1006.50;94;55;0.79;1;44.14;23.58
2025-10-02 14:16:13;29.58;97013.00;31.00;1006.47;94;55;0.79;1;44.14;23.58
2025-10-02 14:16:14;29.59;94878.00;31.00;1006.50;94;55;0.79;1;44.14;23.59
2025-10-02 14:16:15;29.59;96846.00;31.00;1006.47;93;54;0.78;1;44.14;23.59
2025-10-02 14:16:16;29.58;96957.00;31.00;1006.50;93;54;0.78;1;44.14;23.58
2025-10-02 14:16:17;29.57;96623.00;31.00;1006.47;93;54;0.78;1;44.14;23.57
2025-10-02 14:16:18;29.58;95688.00;31.00;1006.47;91;54;0.77;1;44.14;23.58
2025-10-02 14:16:19;29.57;96846.00;31.00;1006.47;91;54;0.77;1;44.14;23.57
2025-10-02 14:16:20;29.58;97747.00;31.00;1006.47;91;54;0.77;1;44.14;23.58
2025-10-02 14:16:21;29.58;97013.00;31.00;1006.45;95;55;0.79;1;44.14;23.58
2025-10-02 14:16:22;29.59;96846.00;31.00;1006.47;95;55;0.79;1;44.14;23.59
2025-10-02 14:16:23;29.60;95417.00;31.00;1006.47;95;55;0.79;1;44.14;23.60
2025-10-02 14:16:24;29.60;95907.00;31.00;1006.47;99;57;0.81;1;44.14;23.60
2025-10-02 14:16:25;29.60;94771.00;31.00;1006.47;99;57;0.81;1;44.14;23.60
2025-10-02 14:16:26;29.61;95743.00;31.00;1006.45;99;57;0.81;1;44.14;23.61
2025-10-02 14:16:27;29.61;97238.00;31.00;1006.47;96;56;0.80;1;44.14;23.61
2025-10-02 14:16:28;29.61;94878.00;31.00;1006.47;96;56;0.80;1;44.14;23.61
2025-10-02 14:16:29;29.61;97182.00;31.00;1006.43;96;56;0.80;1;44.14;23.61
2025-10-02 14:16:30;29.61;98032.00;31.00;1006.47;88;52;0.76;1;44.14;23.61
2025-10-02 14:16:31;29.62;96568.00;31.00;1006.45;88;52;0.76;1;44.14;23.62
2025-10-02 14:16:32;29.62;97690.00;31.00;1006.43;88;52;0.76;1;44.14;23.62
2025-10-02 14:16:33;29.62;96790.00;31.00;1006.45;84;50;0.73;1;44.14;23.62
2025-10-02 14:16:34;29.62;95907.00;31.00;1006.45;84;50;0.73;1;44.14;23.62
2025-10-02 14:16:35;29.62;97238.00;31.00;1006.45;84;50;0.73;1;44.14;23.62
2025-10-02 14:16:36;29.63;95852.00;31.00;1006.45;86;51;0.74;1;44.14;23.63
2025-10-02 14:16:37;29.63;97350.00;31.00;1006.47;86;51;0.74;1;44.14;23.63
2025-10-02 14:16:38;29.62;96623.00;31.00;1006.45;86;51;0.74;1;44.14;23.62
2025-10-02 14:16:39;29.63;96512.00;31.00;1006.47;85;51;0.74;1;44.14;23.63
2025-10-02 14:16:40;29.63;96957.00;31.00;1006.47;85;51;0.74;1;44.14;23.63
2025-10-02 14:16:41;29.64;97238.00;31.00;1006.45;85;51;0.74;1;44.13;23.64
2025-10-02 14:16:42;29.65;95797.00;31.00;1006.43;88;52;0.76;1;44.13;23.65
2025-10-02 14:16:43;29.64;93977.00;31.00;1006.43;88;52;0.76;1;44.13;23.64
2025-10-02 14:16:44;29.65;96236.00;31.00;1006.47;88;52;0.76;1;44.13;23.65
2025-10-02 14:16:45;29.65;94399.00;31.00;1006.45;96;56;0.80;1;44.13;23.65
2025-10-02 14:16:46;29.65;95093.00;31.00;1006.45;96;56;0.80;1;44.13;23.65
2025-10-02 14:16:47;29.65;93715.00;31.00;1006.47;96;56;0.80;1;44.13;23.65
2025-10-02 14:16:48;29.63;95093.00;31.00;1006.45;97;56;0.80;1;44.14;23.63
2025-10-02 14:16:49;29.62;96346.00;31.00;1006.47;97;56;0.80;1;44.14;23.62
2025-10-02 14:16:50;29.62;93454.00;31.00;1006.45;97;56;0.80;1;44.14;23.62
2025-10-02 14:16:51;29.63;95471.00;31.00;1006.47;98;57;0.81;1;44.14;23.63
2025-10-02 14:16:52;29.64;94505.00;31.00;1006.45;98;57;0.81;1;44.13;23.64
2025-10-02 14:16:53;29.65;94293.00;31.00;1006.47;98;57;0.81;1;44.13;23.65
2025-10-02 14:16:54;29.66;94861.00;31.00;1006.45;100;58;0.82;1;44.13;23.66
2025-10-02 14:16:55;29.67;94825.00;31.00;1006.47;100;58;0.82;1;44.13;23.67
2025-10-02 14:16:56;29.67;94029.00;31.00;1006.47;100;58;0.82;1;44.13;23.67
2025-10-02 14:16:57;29.67;95852.00;31.00;1006.47;102;58;0.83;1;44.13;23.67
2025-10-02 14:16:58;29.68;93872.00;31.00;1006.45;102;58;0.83;1;44.13;23.68
2025-10-02 14:16:59;29.68;95147.00;31.00;1006.45;102;58;0.83;1;44.13;23.68
2025-10-02 14:17:00;29.68;94329.00;31.00;1006.45;101;58;0.82;1;44.13;23.68
2025-10-02 14:17:01;29.67;93819.00;32.00;1006.47;101;58;0.82;1;45.55;23.67
2025-10-02 14:17:02;29.67;93977.00;32.00;1006.47;101;58;0.82;1;45.55;23.67
2025-10-02 14:17:03;29.68;93454.00;32.00;1006.45;105;60;0.84;1;45.55;23.68
2025-10-02 14:17:04;29.68;94187.00;32.00;1006.45;105;60;0.84;1;45.55;23.68
2025-10-02 14:17:05;29.68;94861.00;32.00;1006.43;105;60;0.84;1;45.55;23.68
2025-10-02 14:17:06;29.68;94082.00;32.00;1006.45;105;60;0.85;1;45.55;23.68
2025-10-02 14:17:07;29.69;93819.00;32.00;1006.45;105;60;0.85;1;45.55;23.69
2025-10-02 14:17:08;29.69;94029.00;32.00;1006.45;105;60;0.85;1;45.55;23.69
2025-10-02 14:17:09;29.70;93593.00;32.00;1006.43;107;61;0.86;1;45.55;23.70
2025-10-02 14:17:10;29.70;94118.00;32.00;1006.43;107;61;0.86;1;45.55;23.70
2025-10-02 14:17:11;29.70;94647.00;32.00;1006.47;107;61;0.86;1;45.55;23.70
2025-10-02 14:17:12;29.71;95076.00;32.00;1006.43;102;59;0.83;1;45.55;23.71
2025-10-02 14:17:13;29.72;95399.00;32.00;1006.43;102;59;0.83;1;45.55;23.72
2025-10-02 14:17:14;29.72;94118.00;32.00;1006.43;102;59;0.83;1;45.55;23.72
2025-10-02 14:17:15;29.72;95399.00;32.00;1006.45;102;59;0.83;1;45.55;23.72
2025-10-02 14:17:16;29.71;94968.00;32.00;1006.45;98;56;0.80;1;45.55;23.71
2025-10-02 14:17:17;29.71;93907.00;32.00;1006.45;98;56;0.80;1;45.55;23.71
2025-10-02 14:17:18;29.72;94647.00;32.00;1006.43;98;56;0.80;1;45.55;23.72
2025-10-02 14:17:19;29.72;94435.00;32.00;1006.45;97;56;0.80;1;45.55;23.72
2025-10-02 14:17:20;29.71;93907.00;32.00;1006.43;97;56;0.80;1;45.55;23.71
2025-10-02 14:17:21;29.70;94754.00;32.00;1006.43;97;56;0.80;1;45.55;23.70
2025-10-02 14:17:22;29.70;94861.00;32.00;1006.45;95;55;0.79;1;45.55;23.70
2025-10-02 14:17:23;29.71;94861.00;32.00;1006.45;95;55;0.79;1;45.55;23.71
2025-10-02 14:17:24;29.72;93907.00;32.00;1006.43;95;55;0.79;1;45.55;23.72
2025-10-02 14:17:25;29.73;94541.00;32.00;1006.43;97;56;0.80;1;45.55;23.73
2025-10-02 14:17:26;29.73;94754.00;32.00;1006.43;97;56;0.80;1;45.55;23.73
2025-10-02 14:17:27;29.74;93802.00;32.00;1006.43;97;56;0.80;1;45.55;23.74
2025-10-02 14:17:28;29.75;93385.00;32.00;1006.43;98;57;0.81;1;45.54;23.75
2025-10-02 14:17:29;29.75;95508.00;32.00;1006.43;98;57;0.81;1;45.54;23.75
2025-10-02 14:17:30;29.76;95291.00;32.00;1006.43;98;57;0.81;1;45.54;23.76
2025-10-02 14:17:31;29.76;94223.00;32.00;1006.43;93;54;0.78;1;45.54;23.76
2025-10-02 14:17:32;29.77;93698.00;32.00;1006.43;93;54;0.78;1;45.54;23.77
2025-10-02 14:17:33;29.77;93385.00;32.00;1006.43;93;54;0.78;1;45.54;23.77
2025-10-02 14:17:34;29.77;93489.00;32.00;1006.43;96;56;0.80;1;45.54;23.77
2025-10-02 14:17:35;29.78;94541.00;32.00;1006.43;96;56;0.80;1;45.54;23.78
2025-10-02 14:17:36;29.78;93489.00;32.00;1006.41;96;56;0.80;1;45.54;23.78
2025-10-02 14:17:37;29.78;93802.00;32.00;1006.41;98;57;0.81;1;45.54;23.78
2025-10-02 14:17:38;29.78;94968.00;32.00;1006.45;98;57;0.81;1;45.54;23.78
2025-10-02 14:17:39;29.78;93593.00;32.00;1006.41;98;57;0.81;1;45.54;23.78
2025-10-02 14:17:40;29.78;93075.00;32.00;1006.43;98;57;0.81;1;45.54;23.78
2025-10-02 14:17:41;29.78;93075.00;32.00;1006.41;98;57;0.81;1;45.54;23.78
2025-10-02 14:17:42;29.78;93282.00;32.00;1006.41;98;57;0.81;1;45.54;23.78
2025-10-02 14:17:43;29.78;94329.00;32.00;1006.41;99;57;0.81;1;45.54;23.78
2025-10-02 14:17:44;29.78;95076.00;32.00;1006.41;99;57;0.81;1;45.54;23.78
2025-10-02 14:17:45;29.79;93698.00;32.00;1006.47;99;57;0.81;1;45.54;23.79
2025-10-02 14:17:46;29.79;92665.00;32.00;1006.45;95;55;0.79;1;45.54;23.79
2025-10-02 14:17:47;29.79;94118.00;32.00;1006.45;95;55;0.79;1;45.54;23.79
2025-10-02 14:17:48;29.79;94012.00;32.00;1006.45;95;55;0.79;1;45.54;23.79
2025-10-02 14:17:49;29.79;92870.00;32.00;1006.45;94;55;0.79;1;45.54;23.79
2025-10-02 14:17:50;29.78;93907.00;32.00;1006.41;94;55;0.79;1;45.54;23.78
2025-10-02 14:17:51;29.78;93802.00;32.00;1006.47;94;55;0.79;1;45.54;23.78
2025-10-02 14:17:52;29.79;93802.00;32.00;1006.45;96;56;0.80;1;45.54;23.79
2025-10-02 14:17:53;29.79;92563.00;32.00;1006.45;96;56;0.80;1;45.54;23.79
2025-10-02 14:17:54;29.80;92870.00;32.00;1006.43;96;56;0.80;1;45.54;23.80
2025-10-02 14:17:55;29.80;92665.00;32.00;1006.47;98;57;0.81;1;45.54;23.80
2025-10-02 14:17:56;29.80;93282.00;32.00;1006.45;98;57;0.81;1;45.54;23.80
2025-10-02 14:17:57;29.82;93282.00;32.00;1006.45;98;57;0.81;1;45.54;23.82
2025-10-02 14:17:58;29.82;94118.00;32.00;1006.45;97;56;0.80;1;45.54;23.82
2025-10-02 14:17:59;29.81;92359.00;32.00;1006.45;97;56;0.80;1;45.54;23.81
2025-10-02 14:18:00;29.83;94541.00;32.00;1006.45;97;56;0.80;1;45.54;23.83
2025-10-02 14:18:01;29.83;92157.00;32.00;1006.43;92;54;0.78;1;45.54;23.83
2025-10-02 14:18:02;29.84;93178.00;32.00;1006.43;92;54;0.78;1;45.53;23.84
2025-10-02 14:18:03;29.84;91355.00;32.00;1006.45;92;54;0.78;1;45.53;23.84
2025-10-02 14:18:04;29.84;91554.00;32.00;1006.43;91;54;0.77;1;45.53;23.84
2025-10-02 14:18:05;29.84;92157.00;32.00;1006.45;91;54;0.77;1;45.53;23.84
2025-10-02 14:18:06;29.83;90960.00;32.00;1006.43;91;54;0.77;1;45.54;23.83
2025-10-02 14:18:07;29.83;91855.00;32.00;1006.43;101;58;0.83;1;45.54;23.83
2025-10-02 14:18:08;29.84;91955.00;32.00;1006.45;101;58;0.83;1;45.53;23.84
2025-10-02 14:18:09;29.82;92870.00;32.00;1006.43;101;58;0.83;1;45.54;23.82
2025-10-02 14:18:10;29.82;93489.00;32.00;1006.43;98;57;0.81;1;45.54;23.82
2025-10-02 14:18:11;29.82;91554.00;32.00;1006.43;98;57;0.81;1;45.54;23.82
2025-10-02 14:18:12;29.82;92870.00;32.00;1006.43;98;57;0.81;1;45.54;23.82
2025-10-02 14:18:13;29.82;93178.00;32.00;1006.45;98;57;0.81;1;45.54;23.82
2025-10-02 14:18:14;29.81;92157.00;32.00;1006.47;98;57;0.81;1;45.54;23.81
2025-10-02 14:18:15;29.80;92258.00;32.00;1006.45;98;57;0.81;1;45.54;23.80
2025-10-02 14:18:16;29.79;91554.00;32.00;1006.45;102;58;0.83;1;45.54;23.79
2025-10-02 14:18:17;29.80;92972.00;32.00;1006.45;102;58;0.83;1;45.54;23.80
2025-10-02 14:18:18;29.81;93385.00;32.00;1006.45;102;58;0.83;1;45.54;23.81
2025-10-02 14:18:19;29.81;92359.00;32.00;1006.43;98;57;0.81;1;45.54;23.81
2025-10-02 14:18:20;29.82;93593.00;32.00;1006.45;98;57;0.81;1;45.54;23.82
2025-10-02 14:18:21;29.82;93593.00;32.00;1006.45;98;57;0.81;1;45.54;23.82
2025-10-02 14:18:22;29.83;92870.00;32.00;1006.45;101;58;0.82;1;45.54;23.83
2025-10-02 14:18:23;29.84;91256.00;32.00;1006.45;101;58;0.82;1;45.53;23.84
2025-10-02 14:18:24;29.85;91554.00;32.00;1006.45;101;58;0.82;1;45.53;23.85
2025-10-02 14:18:25;29.86;91554.00;32.00;1006.45;102;58;0.83;1;45.53;23.86
2025-10-02 14:18:26;29.87;92056.00;32.00;1006.43;102;58;0.83;1;45.53;23.87
2025-10-02 14:18:27;29.87;92563.00;32.00;1006.45;102;58;0.83;1;45.53;23.87
2025-10-02 14:18:28;29.87;92563.00;32.00;1006.45;98;57;0.81;1;45.53;23.87
2025-10-02 14:18:29;29.88;92461.00;32.00;1006.45;98;57;0.81;1;45.53;23.88
2025-10-02 14:18:30;29.88;91855.00;32.00;1006.43;98;57;0.81;1;45.53;23.88
2025-10-02 14:18:31;29.89;92563.00;32.00;1006.45;105;60;0.84;1;45.53;23.89
2025-10-02 14:18:32;29.89;92972.00;32.00;1006.45;105;60;0.84;1;45.53;23.89
2025-10-02 14:18:33;29.91;92157.00;32.00;1006.45;105;60;0.84;1;45.53;23.91
2025-10-02 14:18:34;29.91;92157.00;32.00;1006.45;109;62;0.87;1;45.53;23.91
2025-10-02 14:18:35;29.90;92157.00;32.00;1006.45;109;62;0.87;1;45.53;23.90
2025-10-02 14:18:36;29.91;91855.00;32.00;1006.45;109;62;0.87;1;45.53;23.91
2025-10-02 14:18:37;29.91;91058.00;32.00;1006.47;107;61;0.86;1;45.53;23.91
2025-10-02 14:18:38;29.90;91955.00;32.00;1006.43;107;61;0.86;1;45.53;23.90
2025-10-02 14:18:39;29.90;91058.00;32.00;1006.45;107;61;0.86;1;45.53;23.90
2025-10-02 14:18:40;29.91;91654.00;32.00;1006.45;107;61;0.86;1;45.53;23.91
2025-10-02 14:18:41;29.91;92056.00;32.00;1006.43;107;61;0.86;1;45.53;23.91
2025-10-02 14:18:42;29.89;91754.00;32.00;1006.45;107;61;0.86;1;45.53;23.89
2025-10-02 14:18:43;29.90;90568.00;32.00;1006.43;108;61;0.86;1;45.53;23.90
2025-10-02 14:18:44;29.90;90179.00;32.00;1006.45;108;61;0.86;1;45.53;23.90
2025-10-02 14:18:45;29.91;92258.00;32.00;1006.45;108;61;0.86;1;45.53;23.91
2025-10-02 14:18:46;29.91;91355.00;32.00;1006.43;105;60;0.85;1;45.53;23.91
2025-10-02 14:18:47;29.92;91157.00;32.00;1006.43;105;60;0.85;1;45.52;23.92
2025-10-02 14:18:48;29.92;91754.00;32.00;1006.43;105;60;0.85;1;45.52;23.92
2025-10-02 14:18:49;29.91;90665.00;32.00;1006.45;112;63;0.89;1;45.53;23.91
2025-10-02 14:18:50;29.92;90960.00;32.00;1006.43;112;63;0.89;1;45.52;23.92
2025-10-02 14:18:51;29.92;92157.00;32.00;1006.43;112;63;0.89;1;45.52;23.92
2025-10-02 14:18:52;29.92;91654.00;32.00;1006.41;108;61;0.86;1;45.52;23.92
2025-10-02 14:18:53;29.92;91355.00;32.00;1006.45;108;61;0.86;1;45.52;23.92
2025-10-02 14:18:54;29.92;92056.00;32.00;1006.43;108;61;0.86;1;45.52;23.92
2025-10-02 14:18:55;29.93;91955.00;32.00;1006.43;105;60;0.85;1;45.52;23.93
2025-10-02 14:18:56;29.94;91855.00;32.00;1006.43;105;60;0.85;1;45.52;23.94
2025-10-02 14:18:57;29.94;90665.00;32.00;1006.41;105;60;0.85;1;45.52;23.94
2025-10-02 14:18:58;29.94;92258.00;32.00;1006.41;105;60;0.85;1;45.52;23.94
2025-10-02 14:18:59;29.93;91157.00;32.00;1006.43;105;60;0.85;1;45.52;23.93
2025-10-02 14:19:00;29.94;91455.00;32.00;1006.43;105;60;0.85;1;45.52;23.94
2025-10-02 14:19:01;29.94;91654.00;32.00;1006.45;105;60;0.85;1;45.52;23.94
2025-10-02 14:19:02;29.94;91058.00;32.00;1006.41;105;60;0.85;1;45.52;23.94
2025-10-02 14:19:03;29.94;91554.00;32.00;1006.41;105;60;0.85;1;45.52;23.94
2025-10-02 14:19:04;29.94;91654.00;32.00;1006.41;105;59;0.84;1;45.52;23.94
2025-10-02 14:19:05;29.93;89794.00;32.00;1006.41;105;59;0.84;1;45.52;23.93
2025-10-02 14:19:06;29.94;92157.00;32.00;1006.41;105;59;0.84;1;45.52;23.94
2025-10-02 14:19:07;29.93;90862.00;32.00;1006.43;112;63;0.89;1;45.52;23.93
