timestamp;temperature;gas;humidity;barometer;IAQ;IAQ_S;VOCS;accuracy
2025-09-22 11:16:23;27.74;90179.00;38.00;999.27;56;38;0.61;1
2025-09-22 11:16:24;27.75;89794.00;38.00;999.31;56;38;0.61;1
2025-09-22 11:16:25;27.76;90470.00;38.00;999.27;56;38;0.61;1
2025-09-22 11:16:26;27.77;90276.00;38.00;999.30;58;39;0.62;1
2025-09-22 11:16:27;27.78;89890.00;38.00;999.31;58;39;0.62;1
2025-09-22 11:16:28;27.81;90470.00;38.00;999.34;58;39;0.62;1
2025-09-22 11:16:29;27.82;89794.00;38.00;999.31;60;40;0.63;1
2025-09-22 11:16:30;27.83;90568.00;38.00;999.31;60;40;0.63;1
2025-09-22 11:16:31;27.85;89890.00;38.00;999.34;60;40;0.63;1
2025-09-22 11:16:32;27.87;89698.00;38.00;999.34;60;40;0.63;1
2025-09-22 11:16:33;27.88;89986.00;38.00;999.31;60;40;0.63;1
2025-09-22 11:16:34;27.90;89602.00;38.00;999.31;60;40;0.63;1
2025-09-22 11:16:35;27.91;88845.00;38.00;999.31;61;40;0.63;1
2025-09-22 11:16:36;27.92;89507.00;38.00;999.34;61;40;0.63;1
2025-09-22 11:16:37;27.94;90470.00;38.00;999.31;61;40;0.63;1
2025-09-22 11:16:38;27.95;89507.00;38.00;999.31;64;42;0.64;1
2025-09-22 11:16:39;27.97;89698.00;38.00;999.30;64;42;0.64;1
2025-09-22 11:16:40;27.98;89317.00;38.00;999.31;64;42;0.64;1
2025-09-22 11:16:41;27.99;89507.00;38.00;999.31;62;41;0.64;1
2025-09-22 11:16:42;28.01;89507.00;38.00;999.34;62;41;0.64;1
2025-09-22 11:16:43;28.02;89507.00;38.00;999.31;62;41;0.64;1
2025-09-22 11:16:44;28.03;89317.00;38.00;999.34;63;41;0.64;1
2025-09-22 11:16:45;28.05;89317.00;38.00;999.34;63;41;0.64;1
2025-09-22 11:16:46;28.06;89986.00;38.00;999.34;63;41;0.64;1
2025-09-22 11:16:47;28.06;90179.00;38.00;999.31;64;42;0.64;1
2025-09-22 11:16:48;28.08;89127.00;38.00;999.34;64;42;0.64;1
2025-09-22 11:16:49;28.09;89127.00;38.00;999.34;64;42;0.64;1
2025-09-22 11:16:50;28.10;89127.00;38.00;999.31;66;43;0.65;1
2025-09-22 11:16:51;28.11;88751.00;38.00;999.31;66;43;0.65;1
2025-09-22 11:16:52;28.13;89127.00;38.00;999.30;66;43;0.65;1
2025-09-22 11:16:53;28.14;88939.00;38.00;999.31;66;43;0.65;1
2025-09-22 11:16:54;28.15;89222.00;38.00;999.34;66;43;0.65;1
2025-09-22 11:16:55;28.16;89127.00;38.00;999.31;66;43;0.65;1
2025-09-22 11:16:56;28.17;88939.00;38.00;999.31;64;42;0.65;1
2025-09-22 11:16:57;28.19;88470.00;38.00;999.30;64;42;0.65;1
2025-09-22 11:16:58;28.20;89033.00;38.00;999.31;64;42;0.65;1
2025-09-22 11:16:59;28.20;89412.00;38.00;999.31;64;42;0.64;1
2025-09-22 11:17:00;28.22;89127.00;38.00;999.31;64;42;0.64;1
2025-09-22 11:17:01;28.23;89890.00;37.00;999.30;64;42;0.64;1
2025-09-22 11:17:02;28.23;89222.00;37.00;999.26;67;43;0.66;1
2025-09-22 11:17:03;28.24;88470.00;37.00;999.30;67;43;0.66;1
2025-09-22 11:17:04;28.26;88470.00;37.00;999.31;67;43;0.66;1
2025-09-22 11:17:05;28.27;88845.00;37.00;999.31;65;42;0.65;1
2025-09-22 11:17:06;28.28;88845.00;37.00;999.31;65;42;0.65;1
2025-09-22 11:17:07;28.29;89127.00;37.00;999.34;65;42;0.65;1
2025-09-22 11:17:08;28.30;89127.00;37.00;999.31;64;42;0.64;1
2025-09-22 11:17:09;28.31;88751.00;37.00;999.30;64;42;0.64;1
2025-09-22 11:17:10;28.32;89127.00;37.00;999.31;64;42;0.64;1
2025-09-22 11:17:11;28.33;88939.00;37.00;999.30;64;42;0.65;1
2025-09-22 11:17:12;28.33;88845.00;37.00;999.31;64;42;0.65;1
2025-09-22 11:17:13;28.34;88470.00;37.00;999.30;64;42;0.65;1
2025-09-22 11:17:14;28.35;88845.00;37.00;999.27;64;42;0.64;1
2025-09-22 11:17:15;28.35;88564.00;37.00;999.27;64;42;0.64;1
2025-09-22 11:17:16;28.37;88564.00;37.00;999.27;64;42;0.64;1
2025-09-22 11:17:17;28.38;89222.00;37.00;999.30;65;42;0.65;1
2025-09-22 11:17:18;28.39;88939.00;37.00;999.30;65;42;0.65;1
2025-09-22 11:17:19;28.39;88751.00;37.00;999.30;65;42;0.65;1
2025-09-22 11:17:20;28.40;88564.00;37.00;999.30;64;42;0.64;1
2025-09-22 11:17:21;28.41;89222.00;37.00;999.30;64;42;0.64;1
2025-09-22 11:17:22;28.42;88751.00;37.00;999.30;64;42;0.64;1
2025-09-22 11:17:23;28.42;88657.00;37.00;999.27;65;42;0.65;1
2025-09-22 11:17:24;28.43;88564.00;37.00;999.30;65;42;0.65;1
2025-09-22 11:17:25;28.44;89033.00;37.00;999.27;65;42;0.65;1
2025-09-22 11:17:26;28.45;89317.00;37.00;999.26;63;41;0.64;1
2025-09-22 11:17:27;28.46;89602.00;37.00;999.30;63;41;0.64;1
2025-09-22 11:17:28;28.47;88377.00;37.00;999.26;63;41;0.64;1
2025-09-22 11:17:29;28.48;89986.00;37.00;999.30;64;42;0.64;1
2025-09-22 11:17:30;28.49;88099.00;37.00;999.30;64;42;0.64;1
2025-09-22 11:17:31;28.49;88470.00;37.00;999.31;64;42;0.64;1
2025-09-22 11:17:32;28.50;88845.00;37.00;999.30;65;42;0.65;1
2025-09-22 11:17:33;28.50;88377.00;37.00;999.30;65;42;0.65;1
2025-09-22 11:17:34;28.51;89222.00;37.00;999.30;65;42;0.65;1
2025-09-22 11:17:35;28.52;88285.00;37.00;999.30;66;43;0.65;1
2025-09-22 11:17:36;28.52;88564.00;37.00;999.27;66;43;0.65;1
2025-09-22 11:17:37;28.53;88470.00;37.00;999.27;66;43;0.65;1
2025-09-22 11:17:38;28.54;89033.00;37.00;999.27;64;42;0.64;1
2025-09-22 11:17:39;28.54;88657.00;37.00;999.26;64;42;0.64;1
2025-09-22 11:17:40;28.55;88470.00;37.00;999.27;64;42;0.64;1
2025-09-22 11:17:41;28.56;89317.00;37.00;999.27;61;40;0.63;1
2025-09-22 11:17:42;28.56;89602.00;37.00;999.26;61;40;0.63;1
2025-09-22 11:17:43;28.56;88564.00;37.00;999.27;61;40;0.63;1
2025-09-22 11:17:44;28.57;89222.00;37.00;999.26;61;40;0.63;1
2025-09-22 11:17:45;28.58;88192.00;37.00;999.27;59;39;0.62;1
2025-09-22 11:17:46;28.59;88007.00;37.00;999.27;59;39;0.62;1
2025-09-22 11:17:47;28.60;88939.00;37.00;999.26;59;39;0.62;1
2025-09-22 11:17:48;28.60;89317.00;37.00;999.27;58;39;0.62;1
2025-09-22 11:17:49;28.61;89412.00;37.00;999.27;58;39;0.62;1
2025-09-22 11:17:50;28.62;89507.00;37.00;999.26;58;39;0.62;1
2025-09-22 11:17:51;28.62;88192.00;37.00;999.26;55;38;0.61;1
2025-09-22 11:17:52;28.63;88751.00;37.00;999.26;55;38;0.61;1
2025-09-22 11:17:53;28.64;88939.00;37.00;999.26;55;38;0.61;1
2025-09-22 11:17:54;28.65;88939.00;37.00;999.26;56;38;0.61;1
2025-09-22 11:17:55;28.65;89127.00;37.00;999.26;56;38;0.61;1
2025-09-22 11:17:56;28.66;89222.00;37.00;999.26;56;38;0.61;1
2025-09-22 11:17:57;28.66;88470.00;37.00;999.26;54;37;0.60;1
2025-09-22 11:17:58;28.67;89412.00;37.00;999.27;54;37;0.60;1
2025-09-22 11:17:59;28.68;88007.00;37.00;999.23;54;37;0.60;1
2025-09-22 11:18:00;28.68;88377.00;37.00;999.27;58;39;0.62;1
2025-09-22 11:18:01;28.70;89033.00;37.00;999.26;58;39;0.62;1
2025-09-22 11:18:02;28.69;88564.00;37.00;999.27;58;39;0.62;1
2025-09-22 11:18:03;28.70;89033.00;37.00;999.26;58;39;0.62;1
2025-09-22 11:18:04;28.71;88377.00;37.00;999.27;58;39;0.62;1
2025-09-22 11:18:05;28.72;89412.00;37.00;999.26;58;39;0.62;1
2025-09-22 11:18:06;28.72;88657.00;37.00;999.23;55;38;0.60;1
2025-09-22 11:18:07;28.72;88657.00;37.00;999.21;55;38;0.60;1
2025-09-22 11:18:08;28.73;88099.00;37.00;999.23;55;38;0.60;1
2025-09-22 11:18:09;28.73;89507.00;37.00;999.23;57;39;0.62;1
2025-09-22 11:18:10;28.74;88939.00;37.00;999.26;57;39;0.62;1
2025-09-22 11:18:11;28.75;88657.00;37.00;999.23;57;39;0.62;1
2025-09-22 11:18:12;28.75;87915.00;37.00;999.23;51;36;0.59;1
2025-09-22 11:18:13;28.76;88751.00;37.00;999.21;51;36;0.59;1
2025-09-22 11:18:14;28.77;88007.00;37.00;999.23;51;36;0.59;1
2025-09-22 11:18:15;28.77;88099.00;37.00;999.23;52;36;0.59;1
2025-09-22 11:18:16;28.78;87732.00;37.00;999.21;52;36;0.59;1
2025-09-22 11:18:17;28.79;88007.00;37.00;999.26;52;36;0.59;1
2025-09-22 11:18:18;28.79;90179.00;37.00;999.26;55;38;0.61;1
2025-09-22 11:18:19;28.79;88470.00;37.00;999.23;55;38;0.61;1
2025-09-22 11:18:20;28.80;88564.00;37.00;999.21;55;38;0.61;1
2025-09-22 11:18:21;28.80;88845.00;37.00;999.21;54;38;0.60;1
2025-09-22 11:18:22;28.81;89222.00;37.00;999.23;54;38;0.60;1
2025-09-22 11:18:23;28.82;88470.00;37.00;999.23;54;38;0.60;1
2025-09-22 11:18:24;28.82;88377.00;37.00;999.21;54;38;0.60;1
2025-09-22 11:18:25;28.82;89127.00;37.00;999.23;54;38;0.60;1
2025-09-22 11:18:26;28.83;89127.00;37.00;999.21;54;38;0.60;1
2025-09-22 11:18:27;28.83;87915.00;37.00;999.21;53;37;0.60;1
2025-09-22 11:18:28;28.84;88939.00;37.00;999.21;53;37;0.60;1
2025-09-22 11:18:29;28.85;88099.00;37.00;999.23;53;37;0.60;1
2025-09-22 11:18:30;28.85;89890.00;37.00;999.21;54;38;0.60;1
2025-09-22 11:18:31;28.85;88007.00;37.00;999.21;54;38;0.60;1
2025-09-22 11:18:32;28.86;89033.00;37.00;999.21;54;38;0.60;1
2025-09-22 11:18:33;28.86;88285.00;37.00;999.21;52;37;0.59;1
2025-09-22 11:18:34;28.87;88470.00;37.00;999.21;52;37;0.59;1
2025-09-22 11:18:35;28.88;88939.00;37.00;999.21;52;37;0.59;1
2025-09-22 11:18:36;28.88;89698.00;37.00;999.21;50;36;0.59;1
2025-09-22 11:18:37;28.88;89222.00;37.00;999.20;50;36;0.59;1
2025-09-22 11:18:38;28.89;88564.00;37.00;999.20;50;36;0.59;1
2025-09-22 11:18:39;28.89;88564.00;36.00;999.21;50;35;0.59;1
2025-09-22 11:18:40;28.90;89317.00;36.00;999.21;50;35;0.59;1
2025-09-22 11:18:41;28.90;89127.00;37.00;999.20;50;35;0.59;1
2025-09-22 11:18:42;28.91;89412.00;37.00;999.26;47;34;0.57;1
2025-09-22 11:18:43;28.91;89127.00;36.00;999.23;47;34;0.57;1
2025-09-22 11:18:44;28.92;89698.00;36.00;999.21;47;34;0.57;1
2025-09-22 11:18:45;28.92;88377.00;36.00;999.23;52;37;0.59;1
2025-09-22 11:18:46;28.93;90373.00;36.00;999.21;52;37;0.59;1
2025-09-22 11:18:47;28.93;88470.00;36.00;999.23;52;37;0.59;1
2025-09-22 11:18:48;28.93;89033.00;36.00;999.23;50;36;0.59;1
2025-09-22 11:18:49;28.94;88470.00;36.00;999.23;50;36;0.59;1
2025-09-22 11:18:50;28.95;89222.00;36.00;999.26;50;36;0.59;1
2025-09-22 11:18:51;28.95;89033.00;36.00;999.23;49;35;0.58;1
2025-09-22 11:18:52;28.95;88285.00;36.00;999.23;49;35;0.58;1
2025-09-22 11:18:53;28.96;88845.00;36.00;999.21;49;35;0.58;1
2025-09-22 11:18:54;28.96;88285.00;36.00;999.20;49;35;0.58;1
2025-09-22 11:18:55;28.96;90082.00;36.00;999.20;49;35;0.58;1
2025-09-22 11:18:56;28.97;89033.00;36.00;999.21;49;35;0.58;1
2025-09-22 11:18:57;28.97;88192.00;36.00;999.20;47;34;0.58;1
2025-09-22 11:18:58;28.97;89033.00;36.00;999.21;47;34;0.58;1
2025-09-22 11:18:59;28.97;89127.00;36.00;999.20;47;34;0.58;1
2025-09-22 11:19:00;28.98;88377.00;36.00;999.20;49;35;0.58;1
2025-09-22 11:19:01;28.99;89986.00;36.00;999.21;49;35;0.58;1
2025-09-22 11:19:02;28.99;88939.00;36.00;999.20;49;35;0.58;1
2025-09-22 11:19:03;29.00;88939.00;36.00;999.20;44;33;0.56;1
2025-09-22 11:19:04;29.00;88657.00;36.00;999.17;44;33;0.56;1
2025-09-22 11:19:05;29.01;88285.00;36.00;999.21;44;33;0.56;1
2025-09-22 11:19:06;29.01;88657.00;36.00;999.20;48;35;0.58;1
2025-09-22 11:19:07;29.01;88564.00;36.00;999.20;48;35;0.58;1
2025-09-22 11:19:08;29.02;89794.00;36.00;999.20;48;35;0.58;1
2025-09-22 11:19:09;29.02;88470.00;36.00;999.17;51;36;0.59;1
2025-09-22 11:19:10;29.02;89127.00;36.00;999.17;51;36;0.59;1
2025-09-22 11:19:11;29.03;89698.00;36.00;999.17;51;36;0.59;1
2025-09-22 11:19:12;29.02;88192.00;36.00;999.16;51;36;0.59;1
2025-09-22 11:19:13;29.04;88377.00;36.00;999.17;51;36;0.59;1
2025-09-22 11:19:14;29.04;89986.00;36.00;999.17;51;36;0.59;1
2025-09-22 11:19:15;29.05;89412.00;36.00;999.17;53;37;0.60;1
2025-09-22 11:19:16;29.05;88099.00;36.00;999.20;53;37;0.60;1
2025-09-22 11:19:17;29.05;87823.00;36.00;999.17;53;37;0.60;1
2025-09-22 11:19:18;29.05;88192.00;36.00;999.17;47;34;0.58;1
2025-09-22 11:19:19;29.06;88007.00;36.00;999.17;47;34;0.58;1
2025-09-22 11:19:20;29.06;90373.00;36.00;999.17;47;34;0.58;1
2025-09-22 11:19:21;29.06;88192.00;36.00;999.16;50;36;0.59;1
2025-09-22 11:19:22;29.07;90373.00;36.00;999.16;50;36;0.59;1
2025-09-22 11:19:23;29.07;89507.00;36.00;999.17;50;36;0.59;1
2025-09-22 11:19:24;29.07;88470.00;36.00;999.17;52;36;0.59;1
2025-09-22 11:19:25;29.07;88564.00;36.00;999.16;52;36;0.59;1
2025-09-22 11:19:26;29.08;88192.00;36.00;999.16;52;36;0.59;1
2025-09-22 11:19:27;29.08;90373.00;36.00;999.16;54;38;0.60;1
2025-09-22 11:19:28;29.08;88751.00;36.00;999.13;54;38;0.60;1
2025-09-22 11:19:29;29.09;89222.00;36.00;999.17;54;38;0.60;1
2025-09-22 11:19:30;29.10;88564.00;36.00;999.17;52;36;0.59;1
2025-09-22 11:19:31;29.10;88845.00;36.00;999.17;52;36;0.59;1
2025-09-22 11:19:32;29.11;88564.00;36.00;999.17;52;36;0.59;1
2025-09-22 11:19:33;29.11;90276.00;36.00;999.17;45;33;0.57;1
2025-09-22 11:19:34;29.12;88657.00;36.00;999.17;45;33;0.57;1
2025-09-22 11:19:35;29.12;89602.00;36.00;999.16;45;33;0.57;1
2025-09-22 11:19:36;29.12;89986.00;36.00;999.16;38;31;0.54;1
2025-09-22 11:19:37;29.12;90665.00;36.00;999.16;38;31;0.54;1
2025-09-22 11:19:38;29.13;89890.00;36.00;999.16;38;31;0.54;1
2025-09-22 11:19:39;29.13;89794.00;36.00;999.20;37;30;0.54;1
2025-09-22 11:19:40;29.13;88285.00;36.00;999.20;37;30;0.54;1
2025-09-22 11:19:41;29.14;89794.00;36.00;999.17;37;30;0.54;1
2025-09-22 11:19:42;29.14;90082.00;36.00;999.17;36;30;0.54;1
2025-09-22 11:19:43;29.14;90470.00;36.00;999.17;36;30;0.54;1
2025-09-22 11:19:44;29.14;88657.00;36.00;999.17;36;30;0.54;1
2025-09-22 11:19:45;29.15;88657.00;36.00;999.17;40;31;0.55;1
2025-09-22 11:19:46;29.15;88657.00;36.00;999.17;40;31;0.55;1
2025-09-22 11:19:47;29.15;90179.00;36.00;999.17;40;31;0.55;1
2025-09-22 11:19:48;29.16;88192.00;36.00;999.17;42;32;0.56;1
2025-09-22 11:19:49;29.16;89412.00;36.00;999.17;42;32;0.56;1
2025-09-22 11:19:50;29.16;90373.00;36.00;999.16;42;32;0.56;1
2025-09-22 11:19:51;29.16;90373.00;36.00;999.16;46;34;0.57;1
2025-09-22 11:19:52;29.17;88564.00;36.00;999.17;46;34;0.57;1
2025-09-22 11:19:53;29.17;88470.00;36.00;999.16;46;34;0.57;1
2025-09-22 11:19:54;29.18;89602.00;36.00;999.16;43;33;0.56;1
2025-09-22 11:19:55;29.18;88657.00;36.00;999.16;43;33;0.56;1
2025-09-22 11:19:56;29.19;88564.00;36.00;999.17;43;33;0.56;1
2025-09-22 11:19:57;29.19;88845.00;36.00;999.16;44;33;0.56;1
2025-09-22 11:19:58;29.18;87823.00;36.00;999.13;44;33;0.56;1
2025-09-22 11:19:59;29.18;88470.00;36.00;999.13;44;33;0.56;1
2025-09-22 11:20:00;29.19;88377.00;36.00;999.13;46;34;0.57;1
2025-09-22 11:20:01;29.19;88939.00;36.00;999.13;46;34;0.57;1
2025-09-22 11:20:02;29.20;88657.00;36.00;999.13;46;34;0.57;1
2025-09-22 11:20:03;29.20;90082.00;36.00;999.12;41;32;0.55;1
2025-09-22 11:20:04;29.20;89698.00;36.00;999.12;41;32;0.55;1
2025-09-22 11:20:05;29.20;90082.00;36.00;999.13;41;32;0.55;1
2025-09-22 11:20:06;29.21;88192.00;36.00;999.13;41;32;0.55;1
2025-09-22 11:20:07;29.21;89317.00;36.00;999.09;45;33;0.57;1
2025-09-22 11:20:08;29.20;88377.00;36.00;999.13;45;33;0.57;1
2025-09-22 11:20:09;29.22;88751.00;36.00;999.12;45;33;0.57;1
2025-09-22 11:20:10;29.22;89890.00;36.00;999.12;45;33;0.57;1
2025-09-22 11:20:11;29.22;90179.00;36.00;999.12;45;33;0.57;1
2025-09-22 11:20:12;29.22;88845.00;36.00;999.12;45;33;0.57;1
2025-09-22 11:20:13;29.23;89890.00;36.00;999.13;45;33;0.57;1
2025-09-22 11:20:14;29.23;89890.00;36.00;999.13;45;33;0.57;1
2025-09-22 11:20:15;29.23;89412.00;36.00;999.16;45;33;0.57;1
2025-09-22 11:20:16;29.23;89890.00;36.00;999.12;42;32;0.56;1
2025-09-22 11:20:17;29.24;88657.00;36.00;999.12;42;32;0.56;1
2025-09-22 11:20:18;29.24;88285.00;36.00;999.12;42;32;0.56;1
2025-09-22 11:20:19;29.25;89602.00;36.00;999.16;45;33;0.57;1
2025-09-22 11:20:20;29.26;89127.00;36.00;999.13;45;33;0.57;1
2025-09-22 11:20:21;29.26;88845.00;36.00;999.13;45;33;0.57;1
2025-09-22 11:20:22;29.26;87640.00;36.00;999.13;44;33;0.57;1
2025-09-22 11:20:23;29.26;88751.00;36.00;999.13;44;33;0.57;1
2025-09-22 11:20:24;29.27;87915.00;36.00;999.13;44;33;0.57;1
2025-09-22 11:20:25;29.27;90179.00;36.00;999.16;48;35;0.58;1
2025-09-22 11:20:26;29.27;89317.00;36.00;999.12;48;35;0.58;1
2025-09-22 11:20:27;29.27;88285.00;36.00;999.16;48;35;0.58;1
2025-09-22 11:20:28;29.27;89890.00;36.00;999.13;48;35;0.58;1
2025-09-22 11:20:29;29.28;88939.00;36.00;999.13;48;35;0.58;1
2025-09-22 11:20:30;29.28;89412.00;36.00;999.13;48;35;0.58;1
2025-09-22 11:20:31;29.29;89317.00;36.00;999.16;44;33;0.56;1
2025-09-22 11:20:32;29.29;90179.00;36.00;999.13;44;33;0.56;1
2025-09-22 11:20:33;29.29;88751.00;36.00;999.12;44;33;0.56;1
2025-09-22 11:20:34;29.28;89412.00;36.00;999.13;41;32;0.55;1
2025-09-22 11:20:35;29.29;89602.00;36.00;999.13;41;32;0.55;1
2025-09-22 11:20:36;29.30;88751.00;36.00;999.13;41;32;0.55;1
2025-09-22 11:20:37;29.30;88845.00;36.00;999.13;47;34;0.57;1
2025-09-22 11:20:38;29.30;88285.00;36.00;999.12;47;34;0.57;1
2025-09-22 11:20:39;29.30;88845.00;36.00;999.12;47;34;0.57;1
2025-09-22 11:20:40;29.31;88845.00;36.00;999.13;45;33;0.57;1
2025-09-22 11:20:41;29.31;89127.00;36.00;999.13;45;33;0.57;1
2025-09-22 11:20:42;29.31;89890.00;36.00;999.13;45;33;0.57;1
2025-09-22 11:20:43;29.31;88845.00;36.00;999.13;40;31;0.55;1
2025-09-22 11:20:44;29.32;90276.00;36.00;999.13;40;31;0.55;1
2025-09-22 11:20:45;29.32;90373.00;36.00;999.13;40;31;0.55;1
2025-09-22 11:20:46;29.32;89602.00;36.00;999.16;37;30;0.54;1
2025-09-22 11:20:47;29.33;89033.00;36.00;999.16;37;30;0.54;1
2025-09-22 11:20:48;29.33;89698.00;36.00;999.16;37;30;0.54;1
2025-09-22 11:20:49;29.33;88470.00;36.00;999.13;35;29;0.53;1
2025-09-22 11:20:50;29.33;89602.00;36.00;999.13;35;29;0.53;1
2025-09-22 11:20:51;29.33;89317.00;36.00;999.13;35;29;0.53;1
2025-09-22 11:20:52;29.33;89890.00;36.00;999.13;35;29;0.53;1
2025-09-22 11:20:53;29.34;89890.00;36.00;999.12;35;29;0.53;1
2025-09-22 11:20:54;29.35;89698.00;36.00;999.17;35;29;0.53;1
2025-09-22 11:20:55;29.35;89507.00;36.00;999.17;33;28;0.52;1
2025-09-22 11:20:56;29.34;90082.00;36.00;999.17;33;28;0.52;1
2025-09-22 11:20:57;29.35;88007.00;36.00;999.16;33;28;0.52;1
2025-09-22 11:20:58;29.35;88939.00;36.00;999.16;38;30;0.54;1
2025-09-22 11:20:59;29.36;88099.00;36.00;999.17;38;30;0.54;1
2025-09-22 11:21:00;29.36;89602.00;36.00;999.16;38;30;0.54;1
2025-09-22 11:21:01;29.36;89033.00;36.00;999.16;38;30;0.54;1
2025-09-22 11:21:02;29.36;89602.00;36.00;999.16;38;30;0.54;1
2025-09-22 11:21:03;29.37;89698.00;36.00;999.13;38;30;0.54;1
2025-09-22 11:21:04;29.36;87823.00;36.00;999.16;35;29;0.53;1
2025-09-22 11:21:05;29.37;89794.00;36.00;999.16;35;29;0.53;1
2025-09-22 11:21:06;29.37;89507.00;36.00;999.17;35;29;0.53;1
2025-09-22 11:21:07;29.37;87823.00;36.00;999.16;33;28;0.52;1
2025-09-22 11:21:08;29.38;88285.00;36.00;999.16;33;28;0.52;1
2025-09-22 11:21:09;29.38;89222.00;36.00;999.16;33;28;0.52;1
2025-09-22 11:21:10;29.38;87458.00;36.00;999.16;29;27;0.51;1
2025-09-22 11:21:11;29.39;89794.00;36.00;999.16;29;27;0.51;1
2025-09-22 11:21:12;29.39;87458.00;36.00;999.20;29;27;0.51;1
2025-09-22 11:21:13;29.39;88564.00;36.00;999.17;35;29;0.53;1
2025-09-22 11:21:14;29.40;88751.00;36.00;999.17;35;29;0.53;1
2025-09-22 11:21:15;29.39;88099.00;36.00;999.17;35;29;0.53;1
2025-09-22 11:21:16;29.40;89890.00;35.00;999.16;35;29;0.53;1
2025-09-22 11:21:17;29.40;89698.00;36.00;999.16;35;29;0.53;1
2025-09-22 11:21:18;29.40;88751.00;35.00;999.16;35;29;0.53;1
2025-09-22 11:21:19;29.40;90960.00;36.00;999.17;35;29;0.53;1
2025-09-22 11:21:20;29.41;89986.00;35.00;999.17;35;29;0.53;1
2025-09-22 11:21:21;29.40;88099.00;35.00;999.17;35;29;0.53;1
2025-09-22 11:21:22;29.41;88751.00;35.00;999.16;34;29;0.53;1
2025-09-22 11:21:23;29.41;88285.00;35.00;999.17;34;29;0.53;1
2025-09-22 11:21:24;29.42;87915.00;35.00;999.17;34;29;0.53;1
2025-09-22 11:21:25;29.43;88007.00;35.00;999.20;39;31;0.54;1
2025-09-22 11:21:26;29.42;89412.00;35.00;999.16;39;31;0.54;1
2025-09-22 11:21:27;29.42;89033.00;35.00;999.16;39;31;0.54;1
2025-09-22 11:21:28;29.43;89602.00;35.00;999.17;40;31;0.55;1
2025-09-22 11:21:29;29.43;89794.00;35.00;999.17;40;31;0.55;1
2025-09-22 11:21:30;29.44;89127.00;35.00;999.17;40;31;0.55;1
2025-09-22 11:21:31;29.44;89412.00;35.00;999.16;37;30;0.54;1
2025-09-22 11:21:32;29.44;89222.00;35.00;999.17;37;30;0.54;1
2025-09-22 11:21:33;29.44;89127.00;35.00;999.17;37;30;0.54;1
2025-09-22 11:21:34;29.44;89602.00;35.00;999.16;39;31;0.55;1
2025-09-22 11:21:35;29.45;90179.00;35.00;999.20;39;31;0.55;1
2025-09-22 11:21:36;29.45;88939.00;35.00;999.17;39;31;0.55;1
2025-09-22 11:21:37;29.45;87276.00;35.00;999.17;39;31;0.55;1
2025-09-22 11:21:38;29.45;89222.00;35.00;999.17;39;31;0.55;1
2025-09-22 11:21:39;29.45;89127.00;35.00;999.17;39;31;0.55;1
2025-09-22 11:21:40;29.46;89317.00;35.00;999.16;39;31;0.55;1
2025-09-22 11:21:41;29.46;88751.00;35.00;999.17;39;31;0.55;1
2025-09-22 11:21:42;29.46;88007.00;35.00;999.16;39;31;0.55;1
2025-09-22 11:21:43;29.47;89602.00;35.00;999.17;41;32;0.55;1
2025-09-22 11:21:44;29.47;89602.00;35.00;999.20;41;32;0.55;1
2025-09-22 11:21:45;29.47;89890.00;35.00;999.20;41;32;0.55;1
2025-09-22 11:21:46;29.47;89033.00;35.00;999.17;41;32;0.55;1
2025-09-22 11:21:47;29.48;88657.00;35.00;999.17;41;32;0.55;1
2025-09-22 11:21:48;29.48;87823.00;35.00;999.17;41;32;0.55;1
2025-09-22 11:21:49;29.48;89986.00;35.00;999.20;40;31;0.55;1
2025-09-22 11:21:50;29.48;89033.00;35.00;999.17;40;31;0.55;1
2025-09-22 11:21:51;29.49;89222.00;35.00;999.21;40;31;0.55;1
2025-09-22 11:21:52;29.49;89033.00;35.00;999.20;40;31;0.55;1
2025-09-22 11:21:53;29.49;89222.00;35.00;999.21;40;31;0.55;1
2025-09-22 11:21:54;29.49;88751.00;35.00;999.20;40;31;0.55;1
2025-09-22 11:21:55;29.49;89412.00;35.00;999.20;37;30;0.54;1
2025-09-22 11:21:56;29.50;89127.00;35.00;999.17;37;30;0.54;1
2025-09-22 11:21:57;29.50;88657.00;35.00;999.20;37;30;0.54;1
2025-09-22 11:21:58;29.50;88939.00;35.00;999.20;39;31;0.55;1
2025-09-22 11:21:59;29.51;89602.00;35.00;999.17;39;31;0.55;1
2025-09-22 11:22:00;29.50;89222.00;35.00;999.17;39;31;0.55;1
2025-09-22 11:22:01;29.51;89222.00;35.00;999.20;40;31;0.55;1
2025-09-22 11:22:02;29.51;89412.00;35.00;999.20;40;31;0.55;1
2025-09-22 11:22:03;29.51;88564.00;35.00;999.20;40;31;0.55;1
2025-09-22 11:22:04;29.51;89127.00;35.00;999.20;42;32;0.56;1
2025-09-22 11:22:05;29.51;89222.00;35.00;999.20;42;32;0.56;1
2025-09-22 11:22:06;29.52;89033.00;35.00;999.21;42;32;0.56;1
2025-09-22 11:22:07;29.52;89317.00;35.00;999.21;43;32;0.56;1
2025-09-22 11:22:08;29.52;89033.00;35.00;999.17;43;32;0.56;1
2025-09-22 11:22:09;29.53;87549.00;35.00;999.21;43;32;0.56;1
2025-09-22 11:22:10;29.53;88657.00;35.00;999.17;45;33;0.57;1
2025-09-22 11:22:11;29.53;89412.00;35.00;999.20;45;33;0.57;1
2025-09-22 11:22:12;29.52;88845.00;35.00;999.16;45;33;0.57;1
2025-09-22 11:22:13;29.53;88939.00;35.00;999.20;42;32;0.56;1
2025-09-22 11:22:14;29.53;89412.00;35.00;999.20;42;32;0.56;1
2025-09-22 11:22:15;29.53;89222.00;35.00;999.20;42;32;0.56;1
2025-09-22 11:22:16;29.54;89222.00;35.00;999.17;42;32;0.55;1
2025-09-22 11:22:17;29.54;88939.00;35.00;999.17;42;32;0.55;1
2025-09-22 11:22:18;29.54;88939.00;35.00;999.17;42;32;0.55;1
2025-09-22 11:22:19;29.54;89127.00;35.00;999.17;41;32;0.55;1
2025-09-22 11:22:20;29.55;89033.00;35.00;999.21;41;32;0.55;1
2025-09-22 11:22:21;29.55;88845.00;35.00;999.20;41;32;0.55;1
2025-09-22 11:22:22;29.55;89602.00;35.00;999.21;40;31;0.55;1
2025-09-22 11:22:23;29.55;89222.00;35.00;999.20;40;31;0.55;1
2025-09-22 11:22:24;29.55;89127.00;35.00;999.21;40;31;0.55;1
2025-09-22 11:22:25;29.56;88845.00;35.00;999.20;42;32;0.56;1
2025-09-22 11:22:26;29.56;88751.00;35.00;999.20;42;32;0.56;1
2025-09-22 11:22:27;29.56;89222.00;35.00;999.20;42;32;0.56;1
2025-09-22 11:22:28;29.56;88751.00;35.00;999.20;44;33;0.56;1
2025-09-22 11:22:29;29.56;87732.00;35.00;999.20;44;33;0.56;1
2025-09-22 11:22:30;29.56;89317.00;35.00;999.23;44;33;0.56;1
2025-09-22 11:22:31;29.57;89317.00;35.00;999.23;44;33;0.56;1
2025-09-22 11:22:32;29.57;89602.00;35.00;999.23;43;32;0.56;1
2025-09-22 11:22:33;29.57;89507.00;35.00;999.23;43;32;0.56;1
2025-09-22 11:22:34;29.57;89033.00;35.00;999.21;43;32;0.56;1
2025-09-22 11:22:35;29.57;88845.00;35.00;999.21;43;33;0.56;1
2025-09-22 11:22:36;29.58;88564.00;35.00;999.21;43;33;0.56;1
2025-09-22 11:22:37;29.58;89127.00;35.00;999.21;43;33;0.56;1
2025-09-22 11:22:38;29.59;89698.00;35.00;999.21;43;33;0.56;1
2025-09-22 11:22:39;29.58;88751.00;35.00;999.23;43;33;0.56;1
2025-09-22 11:22:40;29.59;89033.00;35.00;999.21;43;33;0.56;1
2025-09-22 11:22:41;29.59;89222.00;35.00;999.21;43;33;0.56;1
2025-09-22 11:22:42;29.59;89127.00;35.00;999.23;43;33;0.56;1
2025-09-22 11:22:43;29.59;88470.00;35.00;999.23;43;33;0.56;1
2025-09-22 11:22:44;29.59;88657.00;35.00;999.21;46;34;0.57;1
2025-09-22 11:22:45;29.60;89033.00;35.00;999.21;46;34;0.57;1
2025-09-22 11:22:46;29.60;89222.00;35.00;999.21;46;34;0.57;1
2025-09-22 11:22:47;29.60;88939.00;35.00;999.21;45;33;0.57;1
2025-09-22 11:22:48;29.60;89698.00;35.00;999.21;45;33;0.57;1
2025-09-22 11:22:49;29.61;89317.00;35.00;999.26;45;33;0.57;1
2025-09-22 11:22:50;29.61;88939.00;35.00;999.21;43;33;0.56;1
2025-09-22 11:22:51;29.61;88751.00;35.00;999.21;43;33;0.56;1
2025-09-22 11:22:52;29.61;90082.00;35.00;999.21;43;33;0.56;1
2025-09-22 11:22:53;29.61;89317.00;35.00;999.21;39;31;0.55;1
2025-09-22 11:22:54;29.62;89033.00;35.00;999.21;39;31;0.55;1
2025-09-22 11:22:55;29.62;88099.00;35.00;999.21;39;31;0.55;1
2025-09-22 11:22:56;29.61;88845.00;35.00;999.21;45;33;0.57;1
2025-09-22 11:22:57;29.63;88564.00;35.00;999.20;45;33;0.57;1
2025-09-22 11:22:58;29.62;88845.00;35.00;999.21;45;33;0.57;1
2025-09-22 11:22:59;29.63;89127.00;35.00;999.21;45;33;0.57;1
2025-09-22 11:23:00;29.63;87640.00;35.00;999.23;45;33;0.57;1
2025-09-22 11:23:01;29.63;87367.00;35.00;999.21;45;33;0.57;1
2025-09-22 11:23:02;29.63;88751.00;35.00;999.21;44;33;0.56;1
2025-09-22 11:23:03;29.64;89033.00;35.00;999.21;44;33;0.56;1
2025-09-22 11:23:04;29.63;88751.00;35.00;999.21;44;33;0.56;1
2025-09-22 11:23:05;29.63;89317.00;35.00;999.21;45;33;0.57;1
2025-09-22 11:23:06;29.64;88564.00;35.00;999.20;45;33;0.57;1
2025-09-22 11:23:07;29.64;88564.00;35.00;999.20;45;33;0.57;1
2025-09-22 11:23:08;29.64;89317.00;35.00;999.20;46;34;0.57;1
2025-09-22 11:23:09;29.64;88285.00;35.00;999.23;46;34;0.57;1
2025-09-22 11:23:10;29.65;88939.00;35.00;999.21;46;34;0.57;1
2025-09-22 11:23:11;29.65;88751.00;35.00;999.21;45;33;0.57;1
2025-09-22 11:23:12;29.65;88564.00;35.00;999.21;45;33;0.57;1
2025-09-22 11:23:13;29.65;89127.00;35.00;999.21;45;33;0.57;1
2025-09-22 11:23:14;29.66;88845.00;35.00;999.21;46;34;0.57;1
2025-09-22 11:23:15;29.66;88939.00;35.00;999.20;46;34;0.57;1
2025-09-22 11:23:16;29.66;88564.00;35.00;999.20;46;34;0.57;1
2025-09-22 11:23:17;29.67;88751.00;35.00;999.20;47;34;0.58;1
2025-09-22 11:23:18;29.66;89412.00;35.00;999.20;47;34;0.58;1
2025-09-22 11:23:19;29.67;88099.00;35.00;999.21;47;34;0.58;1
2025-09-22 11:23:20;29.67;89033.00;35.00;999.20;50;35;0.59;1
2025-09-22 11:23:21;29.67;88564.00;35.00;999.21;50;35;0.59;1
2025-09-22 11:23:22;29.67;89602.00;35.00;999.20;50;35;0.59;1
2025-09-22 11:23:23;29.67;88939.00;35.00;999.21;49;35;0.58;1
2025-09-22 11:23:24;29.67;89222.00;35.00;999.20;49;35;0.58;1
2025-09-22 11:23:25;29.68;88751.00;35.00;999.20;49;35;0.58;1
2025-09-22 11:23:26;29.68;89033.00;35.00;999.20;48;35;0.58;1
2025-09-22 11:23:27;29.68;89222.00;35.00;999.20;48;35;0.58;1
2025-09-22 11:23:28;29.68;88845.00;35.00;999.17;48;35;0.58;1
2025-09-22 11:23:29;29.68;89033.00;35.00;999.20;47;34;0.57;1
2025-09-22 11:23:30;29.69;89127.00;35.00;999.21;47;34;0.57;1
2025-09-22 11:23:31;29.69;88192.00;35.00;999.21;47;34;0.57;1
2025-09-22 11:23:32;29.69;88845.00;35.00;999.21;49;35;0.58;1
2025-09-22 11:23:33;29.69;89127.00;35.00;999.21;49;35;0.58;1
2025-09-22 11:23:34;29.69;88751.00;35.00;999.21;49;35;0.58;1
2025-09-22 11:23:35;29.69;88657.00;35.00;999.20;47;34;0.57;1
2025-09-22 11:23:36;29.70;89602.00;35.00;999.21;47;34;0.57;1
2025-09-22 11:23:37;29.70;89033.00;35.00;999.20;47;34;0.57;1
2025-09-22 11:23:38;29.70;88751.00;35.00;999.21;45;34;0.57;1
2025-09-22 11:23:39;29.70;88657.00;35.00;999.21;45;34;0.57;1
2025-09-22 11:23:40;29.71;88939.00;35.00;999.21;45;34;0.57;1
2025-09-22 11:23:41;29.71;88657.00;35.00;999.21;44;33;0.56;1
2025-09-22 11:23:42;29.71;88845.00;35.00;999.21;44;33;0.56;1
2025-09-22 11:23:43;29.71;89412.00;35.00;999.21;44;33;0.56;1
2025-09-22 11:23:44;29.71;88657.00;35.00;999.21;45;33;0.57;1
2025-09-22 11:23:45;29.72;89698.00;35.00;999.21;45;33;0.57;1
2025-09-22 11:23:46;29.72;89507.00;35.00;999.21;45;33;0.57;1
2025-09-22 11:23:47;29.73;88657.00;35.00;999.21;42;32;0.56;1
2025-09-22 11:23:48;29.73;89127.00;35.00;999.20;42;32;0.56;1
2025-09-22 11:23:49;29.73;89222.00;35.00;999.23;42;32;0.56;1
2025-09-22 11:23:50;29.73;88751.00;35.00;999.23;43;33;0.56;1
2025-09-22 11:23:51;29.73;89127.00;35.00;999.21;43;33;0.56;1
2025-09-22 11:23:52;29.73;88751.00;35.00;999.21;43;33;0.56;1
2025-09-22 11:23:53;29.73;89222.00;35.00;999.21;41;32;0.55;1
2025-09-22 11:23:54;29.74;89222.00;35.00;999.21;41;32;0.55;1
2025-09-22 11:23:55;29.73;88377.00;35.00;999.21;41;32;0.55;1
2025-09-22 11:23:56;29.74;88939.00;35.00;999.21;40;31;0.55;1
2025-09-22 11:23:57;29.74;88564.00;35.00;999.21;40;31;0.55;1
2025-09-22 11:23:58;29.74;88470.00;35.00;999.21;40;31;0.55;1
2025-09-22 11:23:59;29.74;89127.00;35.00;999.21;43;33;0.56;1
2025-09-22 11:24:00;29.74;88751.00;35.00;999.26;43;33;0.56;1
2025-09-22 11:24:01;29.75;88751.00;35.00;999.21;43;33;0.56;1
2025-09-22 11:24:02;29.75;88939.00;35.00;999.23;43;32;0.56;1
2025-09-22 11:24:03;29.75;88845.00;35.00;999.23;43;32;0.56;1
2025-09-22 11:24:04;29.74;88470.00;35.00;999.21;43;32;0.56;1
2025-09-22 11:24:05;29.75;89127.00;35.00;999.23;43;33;0.56;1
2025-09-22 11:24:06;29.76;89222.00;35.00;999.21;43;33;0.56;1
2025-09-22 11:24:07;29.76;88939.00;35.00;999.21;43;33;0.56;1
2025-09-22 11:24:08;29.76;88192.00;35.00;999.21;41;32;0.55;1
2025-09-22 11:24:09;29.76;89412.00;35.00;999.26;41;32;0.55;1
2025-09-22 11:24:10;29.77;88564.00;35.00;999.26;41;32;0.55;1
2025-09-22 11:24:11;29.76;88751.00;35.00;999.21;42;32;0.56;1
2025-09-22 11:24:12;29.77;88377.00;35.00;999.26;42;32;0.56;1
2025-09-22 11:24:13;29.77;89507.00;35.00;999.26;42;32;0.56;1
2025-09-22 11:24:14;29.77;88939.00;35.00;999.26;42;32;0.55;1
2025-09-22 11:24:15;29.77;89033.00;35.00;999.26;42;32;0.55;1
2025-09-22 11:24:16;29.78;88751.00;35.00;999.26;42;32;0.55;1
2025-09-22 11:24:17;29.78;88285.00;35.00;999.26;42;32;0.56;1
2025-09-22 11:24:18;29.78;88751.00;35.00;999.26;42;32;0.56;1
2025-09-22 11:24:19;29.78;89127.00;35.00;999.27;42;32;0.56;1
2025-09-22 11:24:20;29.78;88564.00;35.00;999.26;43;33;0.56;1
2025-09-22 11:24:21;29.78;89317.00;35.00;999.26;43;33;0.56;1
2025-09-22 11:24:22;29.78;88939.00;35.00;999.26;43;33;0.56;1
2025-09-22 11:24:23;29.79;88564.00;35.00;999.31;44;33;0.56;1
2025-09-22 11:24:24;29.79;88564.00;35.00;999.31;44;33;0.56;1
2025-09-22 11:24:25;29.79;88657.00;35.00;999.30;44;33;0.56;1
2025-09-22 11:24:26;29.79;88845.00;35.00;999.31;43;33;0.56;1
2025-09-22 11:24:27;29.79;89127.00;35.00;999.30;43;33;0.56;1
2025-09-22 11:24:28;29.80;87915.00;35.00;999.30;43;33;0.56;1
2025-09-22 11:24:29;29.80;89317.00;35.00;999.30;44;33;0.56;1
2025-09-22 11:24:30;29.80;89222.00;35.00;999.30;44;33;0.56;1
2025-09-22 11:24:31;29.80;88657.00;35.00;999.30;44;33;0.56;1
2025-09-22 11:24:32;29.80;88657.00;35.00;999.27;41;32;0.55;1
2025-09-22 11:24:33;29.81;89222.00;35.00;999.31;41;32;0.55;1
2025-09-22 11:24:34;29.81;88845.00;35.00;999.31;41;32;0.55;1
2025-09-22 11:24:35;29.81;89317.00;35.00;999.31;39;31;0.55;1
2025-09-22 11:24:36;29.81;89602.00;35.00;999.31;39;31;0.55;1
2025-09-22 11:24:37;29.82;89127.00;35.00;999.31;39;31;0.55;1
2025-09-22 11:24:38;29.82;88377.00;35.00;999.31;43;32;0.56;1
2025-09-22 11:24:39;29.82;89602.00;35.00;999.30;43;32;0.56;1
2025-09-22 11:24:40;29.82;88470.00;35.00;999.30;43;32;0.56;1
2025-09-22 11:24:41;29.82;88564.00;35.00;999.30;43;33;0.56;1
2025-09-22 11:24:42;29.82;88564.00;35.00;999.30;43;33;0.56;1
2025-09-22 11:24:43;29.82;89033.00;35.00;999.30;43;33;0.56;1
2025-09-22 11:24:44;29.82;88192.00;35.00;999.30;43;33;0.56;1
2025-09-22 11:24:45;29.82;89033.00;35.00;999.27;43;33;0.56;1
2025-09-22 11:24:46;29.83;89033.00;35.00;999.31;43;33;0.56;1
2025-09-22 11:24:47;29.83;89412.00;35.00;999.31;40;31;0.55;1
2025-09-22 11:24:48;29.83;89222.00;35.00;999.34;40;31;0.55;1
2025-09-22 11:24:49;29.83;89033.00;35.00;999.31;40;31;0.55;1
2025-09-22 11:24:50;29.83;88845.00;35.00;999.30;40;31;0.55;1
2025-09-22 11:24:51;29.83;88939.00;35.00;999.31;40;31;0.55;1
2025-09-22 11:24:52;29.83;88470.00;35.00;999.30;40;31;0.55;1
2025-09-22 11:24:53;29.84;89127.00;35.00;999.30;38;31;0.54;1
2025-09-22 11:24:54;29.84;89127.00;35.00;999.30;38;31;0.54;1
2025-09-22 11:24:55;29.83;88751.00;35.00;999.30;38;31;0.54;1
2025-09-22 11:24:56;29.84;88751.00;35.00;999.27;39;31;0.54;1
2025-09-22 11:24:57;29.84;88377.00;35.00;999.27;39;31;0.54;1
2025-09-22 11:24:58;29.84;88564.00;35.00;999.31;39;31;0.54;1
2025-09-22 11:24:59;29.85;88285.00;35.00;999.30;39;31;0.54;1
2025-09-22 11:25:00;29.85;88845.00;35.00;999.30;41;32;0.55;1
2025-09-22 11:25:01;29.85;88845.00;35.00;999.27;41;32;0.55;1
2025-09-22 11:25:02;29.85;88751.00;35.00;999.27;41;32;0.55;1
2025-09-22 11:25:03;29.85;88845.00;35.00;999.27;41;32;0.55;1
2025-09-22 11:25:04;29.85;88377.00;35.00;999.27;41;32;0.55;1
2025-09-22 11:25:05;29.85;88845.00;35.00;999.27;41;32;0.55;1
2025-09-22 11:25:06;29.86;88192.00;35.00;999.27;40;31;0.55;1
2025-09-22 11:25:07;29.86;89033.00;35.00;999.27;40;31;0.55;1
2025-09-22 11:25:08;29.86;88751.00;35.00;999.26;40;31;0.55;1
2025-09-22 11:25:09;29.86;88845.00;35.00;999.27;40;31;0.55;1
2025-09-22 11:25:10;29.87;88657.00;35.00;999.30;40;31;0.55;1
2025-09-22 11:25:11;29.87;88939.00;35.00;999.30;40;31;0.55;1
2025-09-22 11:25:12;29.87;88939.00;35.00;999.26;39;31;0.54;1
2025-09-22 11:25:13;29.87;88564.00;35.00;999.27;39;31;0.54;1
2025-09-22 11:25:14;29.87;89317.00;35.00;999.27;39;31;0.54;1
2025-09-22 11:25:15;29.87;89507.00;35.00;999.26;36;30;0.54;1
2025-09-22 11:25:16;29.88;89033.00;35.00;999.26;36;30;0.54;1
2025-09-22 11:25:17;29.88;88564.00;35.00;999.27;36;30;0.54;1
2025-09-22 11:25:18;29.88;88564.00;35.00;999.27;38;30;0.54;1
2025-09-22 11:25:19;29.88;88939.00;35.00;999.26;38;30;0.54;1
2025-09-22 11:25:20;29.88;88564.00;35.00;999.26;38;30;0.54;1
2025-09-22 11:25:21;29.88;88751.00;35.00;999.23;39;31;0.54;1
2025-09-22 11:25:22;29.89;89033.00;35.00;999.27;39;31;0.54;1
2025-09-22 11:25:23;29.89;88377.00;35.00;999.27;39;31;0.54;1
2025-09-22 11:25:24;29.89;88377.00;35.00;999.27;40;31;0.55;1
2025-09-22 11:25:25;29.89;88192.00;35.00;999.26;40;31;0.55;1
2025-09-22 11:25:26;29.89;89127.00;35.00;999.27;40;31;0.55;1
2025-09-22 11:25:27;29.89;88657.00;35.00;999.26;40;31;0.55;1
2025-09-22 11:25:28;29.89;89412.00;35.00;999.26;40;31;0.55;1
2025-09-22 11:25:29;29.90;88564.00;35.00;999.26;40;31;0.55;1
2025-09-22 11:25:30;29.90;89986.00;35.00;999.30;40;31;0.55;1
2025-09-22 11:25:31;29.90;88377.00;35.00;999.23;40;31;0.55;1
2025-09-22 11:25:32;29.90;89222.00;35.00;999.23;40;31;0.55;1
2025-09-22 11:25:33;29.91;88470.00;35.00;999.23;37;30;0.54;1
2025-09-22 11:25:34;29.91;89412.00;35.00;999.26;37;30;0.54;1
2025-09-22 11:25:35;29.91;89222.00;35.00;999.26;37;30;0.54;1
2025-09-22 11:25:36;29.91;89602.00;35.00;999.23;35;29;0.53;1
2025-09-22 11:25:37;29.91;88657.00;35.00;999.26;35;29;0.53;1
2025-09-22 11:25:38;29.91;88939.00;35.00;999.26;35;29;0.53;1
2025-09-22 11:25:39;29.91;88564.00;35.00;999.26;35;29;0.53;1
2025-09-22 11:25:40;29.92;89222.00;35.00;999.23;35;29;0.53;1
2025-09-22 11:25:41;29.92;88470.00;35.00;999.26;35;29;0.53;1
2025-09-22 11:25:42;29.92;89317.00;35.00;999.26;36;30;0.54;1
2025-09-22 11:25:43;29.93;89412.00;35.00;999.23;36;30;0.54;1
2025-09-22 11:25:44;29.92;89033.00;35.00;999.23;36;30;0.54;1
2025-09-22 11:25:45;29.92;89222.00;35.00;999.26;35;29;0.53;1
2025-09-22 11:25:46;29.93;88470.00;35.00;999.26;35;29;0.53;1
2025-09-22 11:25:47;29.93;89412.00;35.00;999.26;35;29;0.53;1
2025-09-22 11:25:48;29.93;88845.00;35.00;999.26;33;28;0.52;1
2025-09-22 11:25:49;29.93;89127.00;35.00;999.26;33;28;0.52;1
2025-09-22 11:25:50;29.93;89033.00;35.00;999.26;33;28;0.52;1
2025-09-22 11:25:51;29.94;89222.00;35.00;999.26;34;28;0.53;1
2025-09-22 11:25:52;29.94;88751.00;35.00;999.26;34;28;0.53;1
2025-09-22 11:25:53;29.94;88657.00;35.00;999.26;34;28;0.53;1
2025-09-22 11:25:54;29.93;88939.00;35.00;999.23;35;29;0.53;1
2025-09-22 11:25:55;29.94;88377.00;35.00;999.23;35;29;0.53;1
2025-09-22 11:25:56;29.94;88564.00;35.00;999.23;35;29;0.53;1
2025-09-22 11:25:57;29.94;88751.00;35.00;999.21;35;29;0.53;1
2025-09-22 11:25:58;29.95;88845.00;35.00;999.23;35;29;0.53;1
2025-09-22 11:25:59;29.94;88470.00;35.00;999.23;35;29;0.53;1
2025-09-22 11:26:00;29.94;89317.00;35.00;999.23;36;29;0.53;1
2025-09-22 11:26:01;29.95;89222.00;35.00;999.26;36;29;0.53;1
2025-09-22 11:26:02;29.95;88470.00;35.00;999.26;36;29;0.53;1
2025-09-22 11:26:03;29.95;89317.00;35.00;999.27;34;29;0.53;1
2025-09-22 11:26:04;29.95;88751.00;35.00;999.26;34;29;0.53;1
2025-09-22 11:26:05;29.96;89127.00;35.00;999.26;34;29;0.53;1
2025-09-22 11:26:06;29.96;88099.00;35.00;999.26;35;29;0.53;1
2025-09-22 11:26:07;29.96;88939.00;35.00;999.26;35;29;0.53;1
2025-09-22 11:26:08;29.96;89317.00;35.00;999.26;35;29;0.53;1
2025-09-22 11:26:09;29.96;88564.00;35.00;999.26;36;30;0.53;1
2025-09-22 11:26:10;29.96;88751.00;35.00;999.26;36;30;0.53;1
2025-09-22 11:26:11;29.96;88845.00;35.00;999.26;36;30;0.53;1
2025-09-22 11:26:12;29.96;88751.00;35.00;999.23;36;29;0.53;1
2025-09-22 11:26:13;29.97;88939.00;35.00;999.26;36;29;0.53;1
2025-09-22 11:26:14;29.97;88751.00;35.00;999.26;36;29;0.53;1
2025-09-22 11:26:15;29.97;88470.00;35.00;999.26;34;29;0.53;1
2025-09-22 11:26:16;29.97;88285.00;35.00;999.26;34;29;0.53;1
2025-09-22 11:26:17;29.97;88470.00;35.00;999.26;34;29;0.53;1
2025-09-22 11:26:18;29.97;88751.00;35.00;999.23;37;30;0.54;1
2025-09-22 11:26:19;29.97;88845.00;35.00;999.26;37;30;0.54;1
2025-09-22 11:26:20;29.97;89507.00;35.00;999.26;37;30;0.54;1
2025-09-22 11:26:21;29.98;88751.00;35.00;999.23;34;29;0.53;1
2025-09-22 11:26:22;29.98;88657.00;35.00;999.23;34;29;0.53;1
2025-09-22 11:26:23;29.98;88564.00;35.00;999.23;34;29;0.53;1
2025-09-22 11:26:24;29.98;89317.00;35.00;999.23;33;28;0.52;1
2025-09-22 11:26:25;29.98;88192.00;35.00;999.23;33;28;0.52;1
2025-09-22 11:26:26;29.98;88939.00;35.00;999.23;33;28;0.52;1
2025-09-22 11:26:27;29.99;88751.00;35.00;999.27;35;29;0.53;1
