timestamp;temperature;gas;humidity;barometer;IAQ;IAQ_S;VOCS;accuracy
2025-09-30 11:05:38;29.41;67023.00;39.00;1002.56;126;139;2.82;3
2025-09-30 11:05:39;29.41;67725.00;39.00;1002.56;126;139;2.82;3
2025-09-30 11:05:40;29.41;67780.00;39.00;1002.56;126;139;2.82;3
2025-09-30 11:05:41;29.41;66651.00;39.00;1002.54;126;140;2.85;3
2025-09-30 11:05:42;29.41;67507.00;39.00;1002.56;126;140;2.85;3
2025-09-30 11:05:43;29.41;67345.00;39.00;1002.56;126;140;2.85;3
2025-09-30 11:05:44;29.40;66970.00;39.00;1002.54;127;141;2.89;3
2025-09-30 11:05:45;29.41;67023.00;39.00;1002.54;127;141;2.89;3
2025-09-30 11:05:46;29.41;67780.00;39.00;1002.58;127;141;2.89;3
2025-09-30 11:05:47;29.41;67237.00;39.00;1002.56;127;140;2.86;3
2025-09-30 11:05:48;29.41;67023.00;39.00;1002.56;127;140;2.86;3
2025-09-30 11:05:49;29.41;66598.00;39.00;1002.56;127;140;2.86;3
2025-09-30 11:05:50;29.42;66810.00;39.00;1002.56;128;142;2.94;3
2025-09-30 11:05:51;29.41;67291.00;39.00;1002.56;128;142;2.94;3
2025-09-30 11:05:52;29.41;66651.00;39.00;1002.56;128;142;2.94;3
2025-09-30 11:05:53;29.41;67291.00;39.00;1002.56;128;141;2.92;3
2025-09-30 11:05:54;29.42;66493.00;39.00;1002.56;128;141;2.92;3
2025-09-30 11:05:55;29.42;67834.00;39.00;1002.56;128;141;2.92;3
2025-09-30 11:05:56;29.41;67184.00;39.00;1002.56;128;141;2.91;3
2025-09-30 11:05:57;29.41;68109.00;39.00;1002.56;128;141;2.91;3
2025-09-30 11:05:58;29.41;67291.00;39.00;1002.56;128;141;2.91;3
2025-09-30 11:05:59;29.42;68109.00;39.00;1002.56;128;142;2.93;3
2025-09-30 11:06:00;29.41;67889.00;39.00;1002.56;128;142;2.93;3
2025-09-30 11:06:01;29.42;68442.00;39.00;1002.56;128;142;2.93;3
2025-09-30 11:06:02;29.42;67291.00;39.00;1002.54;128;142;2.94;3
2025-09-30 11:06:03;29.41;67562.00;39.00;1002.56;128;142;2.94;3
2025-09-30 11:06:04;29.41;67999.00;39.00;1002.56;128;142;2.94;3
2025-09-30 11:06:05;29.41;67345.00;39.00;1002.56;128;141;2.92;3
2025-09-30 11:06:06;29.42;67291.00;39.00;1002.56;128;141;2.92;3
2025-09-30 11:06:07;29.41;69117.00;39.00;1002.56;128;141;2.92;3
2025-09-30 11:06:08;29.42;67076.00;39.00;1002.56;127;141;2.89;3
2025-09-30 11:06:09;29.41;67507.00;39.00;1002.56;127;141;2.89;3
2025-09-30 11:06:10;29.41;68109.00;39.00;1002.56;127;141;2.89;3
2025-09-30 11:06:11;29.42;67507.00;39.00;1002.56;126;139;2.83;3
2025-09-30 11:06:12;29.41;67130.00;39.00;1002.58;126;139;2.83;3
2025-09-30 11:06:13;29.41;67562.00;39.00;1002.56;126;139;2.83;3
2025-09-30 11:06:14;29.41;67725.00;39.00;1002.56;127;140;2.86;3
2025-09-30 11:06:15;29.41;66810.00;39.00;1002.56;127;140;2.86;3
2025-09-30 11:06:16;29.41;67453.00;39.00;1002.58;127;140;2.86;3
2025-09-30 11:06:17;29.41;67453.00;39.00;1002.58;126;139;2.82;3
2025-09-30 11:06:18;29.40;68109.00;39.00;1002.56;126;139;2.82;3
2025-09-30 11:06:19;29.40;68331.00;39.00;1002.56;126;139;2.82;3
2025-09-30 11:06:20;29.40;66970.00;39.00;1002.56;126;139;2.83;3
2025-09-30 11:06:21;29.40;67453.00;39.00;1002.54;126;139;2.83;3
2025-09-30 11:06:22;29.40;68386.00;39.00;1002.56;126;139;2.83;3
2025-09-30 11:06:23;29.40;67453.00;39.00;1002.54;124;137;2.75;3
2025-09-30 11:06:24;29.40;67780.00;39.00;1002.56;124;137;2.75;3
2025-09-30 11:06:25;29.41;67453.00;39.00;1002.58;124;137;2.75;3
2025-09-30 11:06:26;29.40;69004.00;39.00;1002.54;123;136;2.67;3
2025-09-30 11:06:27;29.40;67999.00;39.00;1002.58;123;136;2.67;3
2025-09-30 11:06:28;29.41;67889.00;39.00;1002.58;123;136;2.67;3
2025-09-30 11:06:29;29.41;67616.00;39.00;1002.54;123;136;2.70;3
2025-09-30 11:06:30;29.40;68054.00;39.00;1002.58;123;136;2.70;3
2025-09-30 11:06:31;29.40;67834.00;39.00;1002.56;123;136;2.70;3
2025-09-30 11:06:32;29.40;68778.00;39.00;1002.56;121;133;2.58;3
2025-09-30 11:06:33;29.41;67889.00;39.00;1002.56;121;133;2.58;3
2025-09-30 11:06:34;29.40;67616.00;39.00;1002.56;121;133;2.58;3
2025-09-30 11:06:35;29.40;68442.00;39.00;1002.56;120;133;2.55;3
2025-09-30 11:06:36;29.40;68666.00;38.00;1002.54;120;133;2.55;3
2025-09-30 11:06:37;29.40;69004.00;39.00;1002.56;120;133;2.55;3
2025-09-30 11:06:38;29.40;68386.00;39.00;1002.56;119;131;2.51;3
2025-09-30 11:06:39;29.40;68722.00;38.00;1002.56;119;131;2.51;3
2025-09-30 11:06:40;29.40;69981.00;38.00;1002.56;119;131;2.51;3
2025-09-30 11:06:41;29.40;69117.00;38.00;1002.53;118;130;2.48;3
2025-09-30 11:06:42;29.39;68666.00;38.00;1002.56;118;130;2.48;3
2025-09-30 11:06:43;29.39;69691.00;38.00;1002.56;118;130;2.48;3
2025-09-30 11:06:44;29.39;70332.00;38.00;1002.56;117;129;2.40;3
2025-09-30 11:06:45;29.39;69806.00;38.00;1002.56;117;129;2.40;3
2025-09-30 11:06:46;29.39;70156.00;38.00;1002.58;117;129;2.40;3
2025-09-30 11:06:47;29.39;69748.00;38.00;1002.58;115;127;2.33;3
2025-09-30 11:06:48;29.39;69864.00;38.00;1002.58;115;127;2.33;3
2025-09-30 11:06:49;29.39;71045.00;38.00;1002.58;115;127;2.33;3
2025-09-30 11:06:50;29.39;70746.00;38.00;1002.58;112;124;2.24;3
2025-09-30 11:06:51;29.39;71045.00;38.00;1002.58;112;124;2.24;3
2025-09-30 11:06:52;29.39;71106.00;38.00;1002.58;112;124;2.24;3
2025-09-30 11:06:53;29.39;69633.00;38.00;1002.56;113;124;2.26;3
2025-09-30 11:06:54;29.38;70568.00;38.00;1002.56;113;124;2.26;3
2025-09-30 11:06:55;29.38;71774.00;38.00;1002.56;113;124;2.26;3
2025-09-30 11:06:56;29.38;70509.00;38.00;1002.56;110;121;2.15;3
2025-09-30 11:06:57;29.38;70926.00;38.00;1002.58;110;121;2.15;3
2025-09-30 11:06:58;29.38;72267.00;38.00;1002.56;110;121;2.15;3
2025-09-30 11:06:59;29.37;70746.00;38.00;1002.58;109;120;2.10;3
2025-09-30 11:07:00;29.38;71287.00;38.00;1002.56;109;120;2.10;3
2025-09-30 11:07:01;29.37;71590.00;38.00;1002.56;109;120;2.10;3
2025-09-30 11:07:02;29.38;72642.00;38.00;1002.56;105;115;1.96;3
2025-09-30 11:07:03;29.37;71408.00;38.00;1002.56;105;115;1.96;3
2025-09-30 11:07:04;29.37;72020.00;38.00;1002.56;105;115;1.96;3
2025-09-30 11:07:05;29.37;72020.00;38.00;1002.56;103;114;1.92;3
2025-09-30 11:07:06;29.37;72705.00;38.00;1002.58;103;114;1.92;3
2025-09-30 11:07:07;29.37;72143.00;38.00;1002.54;103;114;1.92;3
2025-09-30 11:07:08;29.37;73403.00;38.00;1002.58;100;110;1.81;3
2025-09-30 11:07:09;29.37;72957.00;38.00;1002.58;100;110;1.81;3
2025-09-30 11:07:10;29.37;73148.00;38.00;1002.60;100;110;1.81;3
2025-09-30 11:07:11;29.37;73920.00;38.00;1002.56;97;106;1.71;3
2025-09-30 11:07:12;29.36;74181.00;38.00;1002.56;97;106;1.71;3
2025-09-30 11:07:13;29.36;73725.00;38.00;1002.56;97;106;1.71;3
2025-09-30 11:07:14;29.36;75446.00;38.00;1002.56;97;106;1.71;3
2025-09-30 11:07:15;29.36;73725.00;38.00;1002.56;92;100;1.57;3
2025-09-30 11:07:16;29.36;74775.00;38.00;1002.56;92;100;1.57;3
2025-09-30 11:07:17;29.36;75855.00;38.00;1002.58;92;100;1.57;3
2025-09-30 11:07:18;29.35;75311.00;38.00;1002.56;87;95;1.46;3
2025-09-30 11:07:19;29.35;76268.00;38.00;1002.58;87;95;1.46;3
2025-09-30 11:07:20;29.36;76406.00;38.00;1002.58;87;95;1.46;3
2025-09-30 11:07:21;29.36;75786.00;38.00;1002.56;84;91;1.37;3
2025-09-30 11:07:22;29.36;75650.00;38.00;1002.56;84;91;1.37;3
2025-09-30 11:07:23;29.36;75786.00;38.00;1002.58;84;91;1.37;3
2025-09-30 11:07:24;29.36;76337.00;38.00;1002.58;82;90;1.33;3
2025-09-30 11:07:25;29.36;77249.00;38.00;1002.58;82;90;1.33;3
2025-09-30 11:07:26;29.36;75923.00;38.00;1002.58;82;90;1.33;3
2025-09-30 11:07:27;29.35;78256.00;38.00;1002.58;81;88;1.30;3
2025-09-30 11:07:28;29.35;77749.00;38.00;1002.58;81;88;1.30;3
2025-09-30 11:07:29;29.35;77893.00;38.00;1002.53;81;88;1.30;3
2025-09-30 11:07:30;29.34;77320.00;38.00;1002.53;77;83;1.21;3
2025-09-30 11:07:31;29.34;77463.00;38.00;1002.53;77;83;1.21;3
2025-09-30 11:07:32;29.34;77749.00;38.00;1002.54;77;83;1.21;3
2025-09-30 11:07:33;29.34;77749.00;38.00;1002.56;74;80;1.16;3
2025-09-30 11:07:34;29.34;78622.00;38.00;1002.56;74;80;1.16;3
2025-09-30 11:07:35;29.33;78183.00;38.00;1002.56;74;80;1.16;3
2025-09-30 11:07:36;29.33;79439.00;38.00;1002.56;71;77;1.11;3
2025-09-30 11:07:37;29.33;78991.00;38.00;1002.56;71;77;1.11;3
2025-09-30 11:07:38;29.33;80970.00;38.00;1002.54;71;77;1.11;3
2025-09-30 11:07:39;29.33;78475.00;38.00;1002.56;65;70;0.99;3
2025-09-30 11:07:40;29.33;79665.00;38.00;1002.56;65;70;0.99;3
2025-09-30 11:07:41;29.33;79364.00;38.00;1002.54;65;70;0.99;3
2025-09-30 11:07:42;29.31;79590.00;38.00;1002.54;63;68;0.96;3
2025-09-30 11:07:43;29.32;80121.00;38.00;1002.54;63;68;0.96;3
2025-09-30 11:07:44;29.32;80737.00;38.00;1002.54;63;68;0.96;3
2025-09-30 11:07:45;29.32;81048.00;38.00;1002.54;60;65;0.91;3
2025-09-30 11:07:46;29.31;79968.00;38.00;1002.56;60;65;0.91;3
2025-09-30 11:07:47;29.31;80737.00;38.00;1002.56;60;65;0.91;3
2025-09-30 11:07:48;29.31;80351.00;38.00;1002.53;58;62;0.87;3
2025-09-30 11:07:49;29.30;81126.00;38.00;1002.56;58;62;0.87;3
2025-09-30 11:07:50;29.30;80814.00;38.00;1002.54;58;62;0.87;3
2025-09-30 11:07:51;29.30;82399.00;38.00;1002.56;56;60;0.85;3
2025-09-30 11:07:52;29.30;81441.00;38.00;1002.56;56;60;0.85;3
2025-09-30 11:07:53;29.29;81678.00;38.00;1002.56;56;60;0.85;3
2025-09-30 11:07:54;29.29;81283.00;38.00;1002.56;55;59;0.83;3
2025-09-30 11:07:55;29.29;81917.00;38.00;1002.56;55;59;0.83;3
2025-09-30 11:07:56;29.29;81441.00;38.00;1002.54;55;59;0.83;3
2025-09-30 11:07:57;29.29;81997.00;38.00;1002.56;51;55;0.79;3
2025-09-30 11:07:58;29.28;82886.00;38.00;1002.56;51;55;0.79;3
2025-09-30 11:07:59;29.28;81837.00;38.00;1002.56;51;55;0.79;3
2025-09-30 11:08:00;29.28;81837.00;38.00;1002.56;50;53;0.77;3
2025-09-30 11:08:01;29.27;82805.00;38.00;1002.56;50;53;0.77;3
2025-09-30 11:08:02;29.27;82399.00;38.00;1002.56;50;53;0.77;3
2025-09-30 11:08:03;29.27;82480.00;38.00;1002.56;48;51;0.75;3
2025-09-30 11:08:04;29.27;82561.00;38.00;1002.56;48;51;0.75;3
2025-09-30 11:08:05;29.26;82886.00;38.00;1002.56;48;51;0.75;3
2025-09-30 11:08:06;29.26;83132.00;38.00;1002.56;44;46;0.69;3
2025-09-30 11:08:07;29.26;83546.00;38.00;1002.56;44;46;0.69;3
2025-09-30 11:08:08;29.25;83050.00;38.00;1002.54;44;46;0.69;3
2025-09-30 11:08:09;29.25;84725.00;38.00;1002.56;43;45;0.68;3
2025-09-30 11:08:10;29.24;83546.00;38.00;1002.56;43;45;0.68;3
2025-09-30 11:08:11;29.24;83712.00;38.00;1002.56;43;45;0.68;3
2025-09-30 11:08:12;29.24;83380.00;38.00;1002.56;41;43;0.66;3
2025-09-30 11:08:13;29.23;84047.00;38.00;1002.56;41;43;0.66;3
2025-09-30 11:08:14;29.22;83963.00;38.00;1002.56;41;43;0.66;3
2025-09-30 11:08:15;29.22;82642.00;38.00;1002.56;40;42;0.65;3
2025-09-30 11:08:16;29.21;82886.00;38.00;1002.56;40;42;0.65;3
2025-09-30 11:08:17;29.20;82077.00;38.00;1002.54;40;42;0.65;3
2025-09-30 11:08:18;29.21;82642.00;38.00;1002.58;41;43;0.65;3
2025-09-30 11:08:19;29.20;82642.00;38.00;1002.56;41;43;0.65;3
2025-09-30 11:08:20;29.20;83546.00;38.00;1002.54;41;43;0.65;3
2025-09-30 11:08:21;29.20;82561.00;38.00;1002.58;41;43;0.66;3
2025-09-30 11:08:22;29.20;82723.00;38.00;1002.56;41;43;0.66;3
2025-09-30 11:08:23;29.20;83297.00;39.00;1002.56;41;43;0.66;3
2025-09-30 11:08:24;29.20;83215.00;39.00;1002.56;40;42;0.65;3
2025-09-30 11:08:25;29.20;83050.00;39.00;1002.56;40;42;0.65;3
2025-09-30 11:08:26;29.20;83463.00;39.00;1002.56;40;42;0.65;3
2025-09-30 11:08:27;29.19;83712.00;39.00;1002.54;39;41;0.63;3
2025-09-30 11:08:28;29.19;84047.00;39.00;1002.58;39;41;0.63;3
2025-09-30 11:08:29;29.19;84725.00;39.00;1002.58;39;41;0.63;3
2025-09-30 11:08:30;29.19;83879.00;39.00;1002.58;38;39;0.62;3
2025-09-30 11:08:31;29.19;84639.00;39.00;1002.58;38;39;0.62;3
2025-09-30 11:08:32;29.18;85154.00;38.00;1002.54;38;39;0.62;3
2025-09-30 11:08:33;29.18;85500.00;38.00;1002.54;35;36;0.59;3
2025-09-30 11:08:34;29.18;85500.00;38.00;1002.56;35;36;0.59;3
2025-09-30 11:08:35;29.18;86290.00;38.00;1002.56;35;36;0.59;3
2025-09-30 11:08:36;29.18;86202.00;38.00;1002.56;30;31;0.55;3
2025-09-30 11:08:37;29.18;86025.00;38.00;1002.58;30;31;0.55;3
2025-09-30 11:08:38;29.18;87095.00;38.00;1002.58;30;31;0.55;3
2025-09-30 11:08:39;29.17;86557.00;38.00;1002.56;28;28;0.52;3
2025-09-30 11:08:40;29.16;86915.00;38.00;1002.56;28;28;0.52;3
2025-09-30 11:08:41;29.16;86736.00;38.00;1002.56;28;28;0.52;3
2025-09-30 11:08:42;29.16;87186.00;38.00;1002.58;25;25;0.49;2
2025-09-30 11:08:43;29.16;88007.00;38.00;1002.56;25;25;0.49;2
2025-09-30 11:08:44;29.15;88192.00;38.00;1002.58;25;25;0.49;2
2025-09-30 11:08:45;29.14;88751.00;38.00;1002.56;23;23;0.48;2
2025-09-30 11:08:46;29.15;89317.00;38.00;1002.56;23;23;0.48;2
2025-09-30 11:08:47;29.14;89033.00;38.00;1002.56;23;23;0.48;2
2025-09-30 11:08:48;29.14;90082.00;38.00;1002.56;18;18;0.45;2
2025-09-30 11:08:49;29.14;88751.00;38.00;1002.58;18;18;0.45;2
2025-09-30 11:08:50;29.14;89698.00;38.00;1002.58;18;18;0.45;2
2025-09-30 11:08:51;29.13;90470.00;38.00;1002.54;15;14;0.42;2
2025-09-30 11:08:52;29.13;89986.00;38.00;1002.58;15;14;0.42;2
2025-09-30 11:08:53;29.13;90082.00;38.00;1002.54;15;14;0.42;2
2025-09-30 11:08:54;29.12;91157.00;38.00;1002.53;14;12;0.41;2
2025-09-30 11:08:55;29.13;90276.00;38.00;1002.60;14;12;0.41;2
2025-09-30 11:08:56;29.13;90470.00;38.00;1002.54;14;12;0.41;2
2025-09-30 11:08:57;29.12;91256.00;38.00;1002.54;13;11;0.40;2
2025-09-30 11:08:58;29.12;91855.00;38.00;1002.54;13;11;0.40;2
2025-09-30 11:08:59;29.12;90960.00;38.00;1002.54;13;11;0.40;2
2025-09-30 11:09:00;29.12;91157.00;37.00;1002.56;11;9;0.39;2
2025-09-30 11:09:01;29.12;92157.00;37.00;1002.56;11;9;0.39;2
2025-09-30 11:09:02;29.12;91455.00;37.00;1002.56;11;9;0.39;2
2025-09-30 11:09:03;29.10;92157.00;37.00;1002.54;9;6;0.37;2
2025-09-30 11:09:04;29.10;92359.00;37.00;1002.54;9;6;0.37;2
2025-09-30 11:09:05;29.10;92767.00;37.00;1002.54;9;6;0.37;2
2025-09-30 11:09:06;29.10;92157.00;37.00;1002.56;6;4;0.36;2
2025-09-30 11:09:07;29.10;92461.00;37.00;1002.56;6;4;0.36;2
2025-09-30 11:09:08;29.09;92665.00;37.00;1002.56;6;4;0.36;2
2025-09-30 11:09:09;29.08;92767.00;37.00;1002.54;3;0;0.34;2
2025-09-30 11:09:10;29.08;94329.00;37.00;1002.54;3;0;0.34;2
2025-09-30 11:09:11;29.08;93075.00;37.00;1002.56;3;0;0.34;2
2025-09-30 11:09:12;29.07;93282.00;37.00;1002.56;3;0;0.34;2
2025-09-30 11:09:13;29.07;93593.00;37.00;1002.54;3;0;0.34;2
2025-09-30 11:09:14;29.07;93802.00;37.00;1002.56;3;0;0.34;2
2025-09-30 11:09:15;29.06;94754.00;37.00;1002.54;2;0;0.34;2
2025-09-30 11:09:16;29.07;94541.00;37.00;1002.58;2;0;0.34;2
2025-09-30 11:09:17;29.07;94647.00;37.00;1002.56;2;0;0.34;2
2025-09-30 11:09:18;29.06;94541.00;37.00;1002.56;1;0;0.34;2
2025-09-30 11:09:19;29.06;94223.00;37.00;1002.56;1;0;0.34;2
2025-09-30 11:09:20;29.05;94541.00;37.00;1002.56;1;0;0.34;2
2025-09-30 11:09:21;29.05;94329.00;37.00;1002.58;0;0;0.34;2
2025-09-30 11:09:22;29.05;94968.00;37.00;1002.58;0;0;0.34;2
2025-09-30 11:09:23;29.05;94754.00;37.00;1002.58;0;0;0.34;2
2025-09-30 11:09:24;29.05;94647.00;37.00;1002.54;0;0;0.34;2
2025-09-30 11:09:25;29.04;95076.00;37.00;1002.56;0;0;0.34;2
2025-09-30 11:09:26;29.04;95508.00;37.00;1002.54;0;0;0.34;2
2025-09-30 11:09:27;29.04;95076.00;37.00;1002.56;0;0;0.34;2
2025-09-30 11:09:28;29.04;94647.00;37.00;1002.56;0;0;0.34;2
2025-09-30 11:09:29;29.04;95183.00;37.00;1002.56;0;0;0.34;2
2025-09-30 11:09:30;29.04;94118.00;37.00;1002.56;1;0;0.34;2
2025-09-30 11:09:31;29.04;93178.00;37.00;1002.56;1;0;0.34;2
2025-09-30 11:09:32;29.03;93178.00;37.00;1002.56;1;0;0.34;2
2025-09-30 11:09:33;29.03;94012.00;37.00;1002.56;1;0;0.34;2
2025-09-30 11:09:34;29.03;94754.00;37.00;1002.54;3;0;0.34;2
2025-09-30 11:09:35;29.03;94223.00;37.00;1002.54;3;0;0.34;2
2025-09-30 11:09:36;29.02;94118.00;37.00;1002.56;3;0;0.34;2
2025-09-30 11:09:37;29.02;93907.00;37.00;1002.56;4;0;0.34;2
2025-09-30 11:09:38;29.02;93558.00;37.00;1002.56;4;0;0.34;2
2025-09-30 11:09:39;29.01;94861.00;37.00;1002.56;4;0;0.34;2
2025-09-30 11:09:40;29.01;94329.00;37.00;1002.56;4;0;0.34;2
2025-09-30 11:09:41;29.01;94541.00;37.00;1002.58;4;0;0.34;2
2025-09-30 11:09:42;29.01;93819.00;37.00;1002.54;4;0;0.34;2
2025-09-30 11:09:43;29.00;94968.00;37.00;1002.56;6;3;0.35;2
2025-09-30 11:09:44;29.01;94134.00;37.00;1002.54;6;3;0.35;2
2025-09-30 11:09:45;29.00;94452.00;37.00;1002.56;6;3;0.35;2
2025-09-30 11:09:46;29.00;93715.00;37.00;1002.56;7;3;0.36;2
2025-09-30 11:09:47;29.00;94878.00;37.00;1002.56;7;3;0.36;2
2025-09-30 11:09:48;28.99;95147.00;37.00;1002.58;7;3;0.36;2
2025-09-30 11:09:49;28.99;94187.00;37.00;1002.58;6;3;0.36;2
2025-09-30 11:09:50;28.99;95634.00;37.00;1002.54;6;3;0.36;2
2025-09-30 11:09:51;28.99;94505.00;37.00;1002.58;6;3;0.36;2
2025-09-30 11:09:52;28.99;95634.00;37.00;1002.56;7;4;0.36;2
2025-09-30 11:09:53;28.98;95743.00;37.00;1002.56;7;4;0.36;2
2025-09-30 11:09:54;28.98;95147.00;37.00;1002.54;7;4;0.36;2
2025-09-30 11:09:55;28.98;95254.00;37.00;1002.56;8;4;0.36;2
2025-09-30 11:09:56;28.98;96016.00;37.00;1002.56;8;4;0.36;2
2025-09-30 11:09:57;28.97;95417.00;37.00;1002.58;8;4;0.36;2
2025-09-30 11:09:58;28.97;95579.00;37.00;1002.58;8;4;0.36;2
2025-09-30 11:09:59;28.97;95634.00;37.00;1002.58;8;4;0.36;2
2025-09-30 11:10:00;28.97;96457.00;37.00;1002.56;8;4;0.36;2
2025-09-30 11:10:01;28.97;96902.00;37.00;1002.56;8;4;0.36;2
2025-09-30 11:10:02;28.97;95961.00;37.00;1002.56;8;4;0.36;2
2025-09-30 11:10:03;28.96;96790.00;37.00;1002.58;8;4;0.36;2
2025-09-30 11:10:04;28.96;96457.00;37.00;1002.58;7;4;0.36;2
2025-09-30 11:10:05;28.96;96346.00;37.00;1002.58;7;4;0.36;2
2025-09-30 11:10:06;28.95;97182.00;37.00;1002.58;7;4;0.36;2
2025-09-30 11:10:07;28.95;96457.00;37.00;1002.60;6;2;0.35;2
2025-09-30 11:10:08;28.95;96623.00;37.00;1002.58;6;2;0.35;2
2025-09-30 11:10:09;28.94;97690.00;37.00;1002.56;6;2;0.35;2
2025-09-30 11:10:10;28.94;97125.00;37.00;1002.58;4;0;0.34;2
2025-09-30 11:10:11;28.93;96846.00;37.00;1002.58;4;0;0.34;2
2025-09-30 11:10:12;28.93;96734.00;37.00;1002.58;4;0;0.34;2
2025-09-30 11:10:13;28.93;97747.00;37.00;1002.56;5;1;0.34;2
2025-09-30 11:10:14;28.92;97463.00;37.00;1002.58;5;1;0.34;2
2025-09-30 11:10:15;28.93;98722.00;37.00;1002.60;5;1;0.34;2
2025-09-30 11:10:16;28.93;97520.00;37.00;1002.60;4;0;0.34;2
2025-09-30 11:10:17;28.93;97520.00;37.00;1002.58;4;0;0.34;2
2025-09-30 11:10:18;28.93;97294.00;37.00;1002.58;4;0;0.34;2
2025-09-30 11:10:19;28.93;97407.00;37.00;1002.60;5;0;0.34;2
2025-09-30 11:10:20;28.93;97463.00;37.00;1002.56;5;0;0.34;2
2025-09-30 11:10:21;28.92;97860.00;37.00;1002.56;5;0;0.34;2
2025-09-30 11:10:22;28.92;98549.00;37.00;1002.58;5;1;0.34;2
2025-09-30 11:10:23;28.92;98032.00;37.00;1002.58;5;1;0.34;2
2025-09-30 11:10:24;28.92;98318.00;37.00;1002.58;5;1;0.34;2
2025-09-30 11:10:25;28.91;98203.00;37.00;1002.60;4;0;0.34;2
2025-09-30 11:10:26;28.91;99130.00;37.00;1002.54;4;0;0.34;2
2025-09-30 11:10:27;28.90;98318.00;37.00;1002.54;4;0;0.34;2
2025-09-30 11:10:28;28.90;99955.00;37.00;1002.54;4;0;0.34;2
2025-09-30 11:10:29;28.90;98897.00;37.00;1002.54;4;0;0.34;2
2025-09-30 11:10:30;28.90;98376.00;37.00;1002.56;4;0;0.34;2
2025-09-30 11:10:31;28.90;100313.00;37.00;1002.56;4;0;0.34;2
2025-09-30 11:10:32;28.90;98955.00;37.00;1002.56;4;0;0.34;2
2025-09-30 11:10:33;28.89;98955.00;37.00;1002.56;4;0;0.34;2
2025-09-30 11:10:34;28.89;98955.00;37.00;1002.54;3;0;0.34;2
2025-09-30 11:10:35;28.89;99247.00;37.00;1002.54;3;0;0.34;2
2025-09-30 11:10:36;28.88;99071.00;37.00;1002.54;3;0;0.34;2
2025-09-30 11:10:37;28.88;99423.00;37.00;1002.54;2;0;0.34;2
2025-09-30 11:10:38;28.87;100794.00;37.00;1002.54;2;0;0.34;2
2025-09-30 11:10:39;28.88;99600.00;37.00;1002.56;2;0;0.34;2
2025-09-30 11:10:40;28.87;100915.00;37.00;1002.56;2;0;0.34;2
2025-09-30 11:10:41;28.87;99777.00;37.00;1002.58;2;0;0.34;2
2025-09-30 11:10:42;28.87;99777.00;37.00;1002.58;2;0;0.34;2
2025-09-30 11:10:43;28.87;100074.00;37.00;1002.58;1;0;0.34;2
2025-09-30 11:10:44;28.86;99836.00;37.00;1002.56;1;0;0.34;2
2025-09-30 11:10:45;28.86;100253.00;37.00;1002.56;1;0;0.34;2
2025-09-30 11:10:46;28.86;100074.00;37.00;1002.56;1;0;0.34;2
2025-09-30 11:10:47;28.86;101402.00;37.00;1002.56;1;0;0.34;2
2025-09-30 11:10:48;28.86;100373.00;37.00;1002.56;1;0;0.34;2
2025-09-30 11:10:49;28.85;100553.00;37.00;1002.54;0;0;0.34;2
2025-09-30 11:10:50;28.85;100854.00;37.00;1002.54;0;0;0.34;2
2025-09-30 11:10:51;28.85;100854.00;37.00;1002.58;0;0;0.34;2
2025-09-30 11:10:52;28.85;101158.00;37.00;1002.58;0;0;0.34;2
2025-09-30 11:10:53;28.85;101097.00;37.00;1002.54;0;0;0.34;2
2025-09-30 11:10:54;28.84;101097.00;37.00;1002.54;0;0;0.34;2
2025-09-30 11:10:55;28.84;101280.00;37.00;1002.56;0;0;0.34;2
2025-09-30 11:10:56;28.84;101586.00;37.00;1002.56;0;0;0.34;2
2025-09-30 11:10:57;28.84;101586.00;37.00;1002.56;0;0;0.34;2
2025-09-30 11:10:58;28.84;101158.00;37.00;1002.56;0;0;0.34;2
2025-09-30 11:10:59;28.84;101770.00;37.00;1002.56;0;0;0.34;2
2025-09-30 11:11:00;28.84;101524.00;37.00;1002.58;0;0;0.34;2
2025-09-30 11:11:01;28.83;102141.00;37.00;1002.58;0;0;0.34;2
2025-09-30 11:11:02;28.83;101832.00;37.00;1002.56;0;0;0.34;2
2025-09-30 11:11:03;28.83;101341.00;37.00;1002.56;0;0;0.34;2
2025-09-30 11:11:04;28.83;101586.00;37.00;1002.58;0;0;0.34;2
2025-09-30 11:11:05;28.83;101709.00;37.00;1002.58;0;0;0.34;2
2025-09-30 11:11:06;28.82;101893.00;37.00;1002.56;0;0;0.34;2
2025-09-30 11:11:07;28.82;101832.00;37.00;1002.56;0;0;0.34;2
2025-09-30 11:11:08;28.82;103397.00;37.00;1002.56;0;0;0.34;2
2025-09-30 11:11:09;28.83;101463.00;37.00;1002.60;0;0;0.34;2
2025-09-30 11:11:10;28.83;102390.00;37.00;1002.60;0;0;0.34;2
2025-09-30 11:11:11;28.82;102203.00;37.00;1002.56;0;0;0.34;2
2025-09-30 11:11:12;28.82;102017.00;37.00;1002.56;0;0;0.34;2
2025-09-30 11:11:13;28.81;101463.00;37.00;1002.54;0;0;0.34;2
2025-09-30 11:11:14;28.81;102079.00;37.00;1002.58;0;0;0.34;2
2025-09-30 11:11:15;28.81;101955.00;37.00;1002.58;0;0;0.34;2
2025-09-30 11:11:16;28.81;101893.00;37.00;1002.58;0;0;0.34;2
2025-09-30 11:11:17;28.81;102203.00;37.00;1002.60;0;0;0.34;2
2025-09-30 11:11:18;28.81;102703.00;37.00;1002.56;0;0;0.34;2
2025-09-30 11:11:19;28.81;102452.00;37.00;1002.56;0;0;0.34;2
2025-09-30 11:11:20;28.81;102203.00;37.00;1002.56;0;0;0.34;2
2025-09-30 11:11:21;28.80;102265.00;37.00;1002.56;0;0;0.34;2
2025-09-30 11:11:22;28.81;102828.00;37.00;1002.56;0;0;0.34;2
2025-09-30 11:11:23;28.80;102954.00;37.00;1002.56;0;0;0.34;2
2025-09-30 11:11:24;28.80;102203.00;37.00;1002.56;0;0;0.34;2
2025-09-30 11:11:25;28.79;103080.00;37.00;1002.58;0;0;0.34;2
2025-09-30 11:11:26;28.80;102515.00;37.00;1002.58;0;0;0.34;2
2025-09-30 11:11:27;28.80;103844.00;37.00;1002.58;0;0;0.34;2
2025-09-30 11:11:28;28.79;103207.00;37.00;1002.58;0;0;0.34;2
2025-09-30 11:11:29;28.78;103334.00;37.00;1002.56;0;0;0.34;2
2025-09-30 11:11:30;28.79;103461.00;37.00;1002.58;0;0;0.34;2
2025-09-30 11:11:31;28.78;103461.00;37.00;1002.56;0;0;0.34;2
2025-09-30 11:11:32;28.78;103461.00;37.00;1002.56;0;0;0.34;2
2025-09-30 11:11:33;28.78;103652.00;37.00;1002.58;0;0;0.34;2
2025-09-30 11:11:34;28.78;103780.00;37.00;1002.58;0;0;0.34;2
2025-09-30 11:11:35;28.78;103270.00;37.00;1002.56;0;0;0.34;2
2025-09-30 11:11:36;28.78;103652.00;37.00;1002.58;0;0;0.34;2
2025-09-30 11:11:37;28.77;103780.00;37.00;1002.58;0;0;0.34;2
2025-09-30 11:11:38;28.77;103780.00;37.00;1002.58;0;0;0.34;2
2025-09-30 11:11:39;28.77;104102.00;37.00;1002.56;0;0;0.34;2
2025-09-30 11:11:40;28.77;103844.00;37.00;1002.56;0;0;0.34;2
2025-09-30 11:11:41;28.76;104102.00;37.00;1002.56;0;0;0.34;2
2025-09-30 11:11:42;28.77;104620.00;37.00;1002.56;0;0;0.34;2
2025-09-30 11:11:43;28.76;104425.00;37.00;1002.56;0;0;0.34;2
2025-09-30 11:11:44;28.76;104881.00;37.00;1002.56;0;0;0.34;2
2025-09-30 11:11:45;28.76;104750.00;37.00;1002.56;0;0;0.34;2
2025-09-30 11:11:46;28.76;104750.00;37.00;1002.56;0;0;0.34;2
2025-09-30 11:11:47;28.76;104620.00;37.00;1002.56;0;0;0.34;2
2025-09-30 11:11:48;28.76;105012.00;37.00;1002.56;0;0;0.34;2
2025-09-30 11:11:49;28.76;104750.00;37.00;1002.58;0;0;0.34;2
2025-09-30 11:11:50;28.76;104816.00;37.00;1002.58;0;0;0.34;2
2025-09-30 11:11:51;28.76;104685.00;37.00;1002.58;0;0;0.34;2
2025-09-30 11:11:52;28.75;105341.00;37.00;1002.58;0;0;0.34;2
2025-09-30 11:11:53;28.75;106072.00;37.00;1002.58;0;0;0.34;2
2025-09-30 11:11:54;28.75;104946.00;37.00;1002.56;0;0;0.34;2
2025-09-30 11:11:55;28.75;105143.00;37.00;1002.58;0;0;0.34;2
2025-09-30 11:11:56;28.75;105606.00;37.00;1002.58;0;0;0.34;2
2025-09-30 11:11:57;28.75;105407.00;37.00;1002.58;0;0;0.34;2
2025-09-30 11:11:58;28.75;105539.00;37.00;1002.56;0;0;0.34;2
2025-09-30 11:11:59;28.75;105473.00;37.00;1002.58;0;0;0.34;2
2025-09-30 11:12:00;28.74;105473.00;37.00;1002.56;0;0;0.34;2
2025-09-30 11:12:01;28.74;105407.00;37.00;1002.56;0;0;0.34;2
2025-09-30 11:12:02;28.74;105606.00;37.00;1002.56;0;0;0.34;2
2025-09-30 11:12:03;28.74;104881.00;37.00;1002.56;0;0;0.34;2
2025-09-30 11:12:04;28.74;105209.00;37.00;1002.56;0;0;0.34;2
2025-09-30 11:12:05;28.74;104685.00;37.00;1002.58;0;0;0.34;2
2025-09-30 11:12:06;28.74;105275.00;37.00;1002.58;0;0;0.34;2
2025-09-30 11:12:07;28.73;105012.00;37.00;1002.58;0;0;0.34;2
2025-09-30 11:12:08;28.74;105078.00;37.00;1002.56;0;0;0.34;2
2025-09-30 11:12:09;28.74;105805.00;37.00;1002.58;0;0;0.34;2
2025-09-30 11:12:10;28.74;105672.00;37.00;1002.58;0;0;0.34;2
2025-09-30 11:12:11;28.73;105275.00;37.00;1002.58;0;0;0.34;2
2025-09-30 11:12:12;28.74;106678.00;37.00;1002.58;0;0;0.34;2
2025-09-30 11:12:13;28.73;105473.00;37.00;1002.58;0;0;0.34;2
2025-09-30 11:12:14;28.74;105143.00;37.00;1002.56;0;0;0.34;2
2025-09-30 11:12:15;28.73;105606.00;37.00;1002.58;0;0;0.34;2
2025-09-30 11:12:16;28.74;105473.00;37.00;1002.58;0;0;0.34;2
2025-09-30 11:12:17;28.73;105275.00;37.00;1002.58;1;0;0.34;2
2025-09-30 11:12:18;28.73;106005.00;37.00;1002.58;1;0;0.34;2
2025-09-30 11:12:19;28.73;105738.00;37.00;1002.58;1;0;0.34;2
2025-09-30 11:12:20;28.73;105672.00;37.00;1002.58;1;0;0.34;2
2025-09-30 11:12:21;28.73;105341.00;37.00;1002.58;1;0;0.34;2
2025-09-30 11:12:22;28.73;105805.00;37.00;1002.58;1;0;0.34;2
2025-09-30 11:12:23;28.72;105872.00;37.00;1002.54;2;0;0.34;2
2025-09-30 11:12:24;28.73;105407.00;37.00;1002.54;2;0;0.34;2
2025-09-30 11:12:25;28.73;106206.00;37.00;1002.58;2;0;0.34;2
2025-09-30 11:12:26;28.73;106206.00;37.00;1002.56;1;0;0.34;2
2025-09-30 11:12:27;28.72;107980.00;37.00;1002.56;1;0;0.34;2
2025-09-30 11:12:28;28.72;106340.00;37.00;1002.56;1;0;0.34;2
2025-09-30 11:12:29;28.72;106005.00;37.00;1002.58;1;0;0.34;2
2025-09-30 11:12:30;28.72;106881.00;37.00;1002.56;1;0;0.34;2
2025-09-30 11:12:31;28.72;108467.00;37.00;1002.56;1;0;0.34;2
2025-09-30 11:12:32;28.72;107154.00;37.00;1002.56;1;0;0.34;2
2025-09-30 11:12:33;28.72;107085.00;37.00;1002.56;1;0;0.34;2
2025-09-30 11:12:34;28.72;107154.00;37.00;1002.56;1;0;0.34;2
2025-09-30 11:12:35;28.71;107772.00;37.00;1002.58;1;0;0.34;2
2025-09-30 11:12:36;28.71;107222.00;37.00;1002.60;1;0;0.34;2
2025-09-30 11:12:37;28.71;107703.00;37.00;1002.56;1;0;0.34;2
2025-09-30 11:12:38;28.71;107359.00;37.00;1002.60;1;0;0.34;2
2025-09-30 11:12:39;28.71;107772.00;37.00;1002.60;1;0;0.34;2
2025-09-30 11:12:40;28.71;107703.00;37.00;1002.60;1;0;0.34;2
2025-09-30 11:12:41;28.72;108327.00;37.00;1002.58;0;0;0.34;2
2025-09-30 11:12:42;28.71;107634.00;37.00;1002.58;0;0;0.34;2
2025-09-30 11:12:43;28.71;108049.00;37.00;1002.58;0;0;0.34;2
2025-09-30 11:12:44;28.70;109030.00;37.00;1002.58;0;0;0.34;2
2025-09-30 11:12:45;28.70;108327.00;37.00;1002.58;0;0;0.34;2
2025-09-30 11:12:46;28.70;108537.00;37.00;1002.58;0;0;0.34;2
2025-09-30 11:12:47;28.70;108678.00;37.00;1002.58;0;0;0.34;2
2025-09-30 11:12:48;28.69;108959.00;37.00;1002.60;0;0;0.34;2
2025-09-30 11:12:49;28.69;108748.00;37.00;1002.60;0;0;0.34;2
2025-09-30 11:12:50;28.69;109101.00;37.00;1002.60;0;0;0.34;2
2025-09-30 11:12:51;28.69;108607.00;37.00;1002.60;0;0;0.34;2
2025-09-30 11:12:52;28.69;108327.00;37.00;1002.60;0;0;0.34;2
2025-09-30 11:12:53;28.69;108327.00;37.00;1002.60;0;0;0.34;2
2025-09-30 11:12:54;28.69;108959.00;37.00;1002.54;0;0;0.34;2
2025-09-30 11:12:55;28.69;108889.00;37.00;1002.54;0;0;0.34;2
2025-09-30 11:12:56;28.69;109172.00;37.00;1002.60;0;0;0.34;2
2025-09-30 11:12:57;28.69;109030.00;37.00;1002.54;0;0;0.34;2
2025-09-30 11:12:58;28.69;109670.00;37.00;1002.54;0;0;0.34;2
2025-09-30 11:12:59;28.69;108889.00;37.00;1002.56;0;0;0.34;2
2025-09-30 11:13:00;28.68;109527.00;37.00;1002.56;0;0;0.34;2
2025-09-30 11:13:01;28.68;109243.00;37.00;1002.56;0;0;0.34;2
2025-09-30 11:13:02;28.68;109456.00;37.00;1002.54;0;0;0.34;2
2025-09-30 11:13:03;28.68;109456.00;37.00;1002.54;0;0;0.34;2
2025-09-30 11:13:04;28.67;109243.00;37.00;1002.54;0;0;0.34;2
2025-09-30 11:13:05;28.68;110101.00;37.00;1002.56;0;0;0.34;2
2025-09-30 11:13:06;28.67;109527.00;37.00;1002.56;0;0;0.34;2
2025-09-30 11:13:07;28.67;110029.00;37.00;1002.58;0;0;0.34;2
2025-09-30 11:13:08;28.67;109030.00;37.00;1002.56;0;0;0.34;2
2025-09-30 11:13:09;28.67;110318.00;37.00;1002.58;0;0;0.34;2
2025-09-30 11:13:10;28.67;110245.00;37.00;1002.56;0;0;0.34;2
2025-09-30 11:13:11;28.67;110101.00;37.00;1002.58;0;0;0.34;2
2025-09-30 11:13:12;28.67;110173.00;37.00;1002.54;0;0;0.34;2
2025-09-30 11:13:13;28.67;110173.00;37.00;1002.56;0;0;0.34;2
2025-09-30 11:13:14;28.67;110173.00;37.00;1002.54;0;0;0.34;2
2025-09-30 11:13:15;28.66;110608.00;37.00;1002.54;0;0;0.34;2
2025-09-30 11:13:16;28.66;109742.00;37.00;1002.54;0;0;0.34;2
2025-09-30 11:13:17;28.66;110608.00;37.00;1002.54;0;0;0.34;2
2025-09-30 11:13:18;28.66;110101.00;37.00;1002.56;0;0;0.34;2
2025-09-30 11:13:19;28.65;111046.00;37.00;1002.56;0;0;0.34;2
2025-09-30 11:13:20;28.65;110029.00;37.00;1002.53;0;0;0.34;2
2025-09-30 11:13:21;28.65;110827.00;37.00;1002.56;0;0;0.34;2
2025-09-30 11:13:22;28.65;111562.00;37.00;1002.56;0;0;0.34;2
2025-09-30 11:13:23;28.65;110318.00;37.00;1002.56;0;0;0.34;2
2025-09-30 11:13:24;28.65;110681.00;37.00;1002.56;0;0;0.34;2
2025-09-30 11:13:25;28.65;110173.00;37.00;1002.56;0;0;0.34;2
2025-09-30 11:13:26;28.65;110245.00;37.00;1002.54;0;0;0.34;2
2025-09-30 11:13:27;28.65;111414.00;37.00;1002.54;0;0;0.34;2
2025-09-30 11:13:28;28.64;111267.00;37.00;1002.56;0;0;0.34;2
2025-09-30 11:13:29;28.65;110827.00;37.00;1002.54;0;0;0.34;2
2025-09-30 11:13:30;28.64;111934.00;37.00;1002.54;0;0;0.34;2
2025-09-30 11:13:31;28.64;111859.00;37.00;1002.54;0;0;0.34;2
2025-09-30 11:13:32;28.64;111859.00;37.00;1002.54;0;0;0.34;2
2025-09-30 11:13:33;28.63;111193.00;37.00;1002.56;0;0;0.34;2
2025-09-30 11:13:34;28.64;111267.00;37.00;1002.56;0;0;0.34;2
2025-09-30 11:13:35;28.63;112684.00;37.00;1002.56;0;0;0.34;2
2025-09-30 11:13:36;28.64;112383.00;37.00;1002.56;0;0;0.34;2
2025-09-30 11:13:37;28.63;113215.00;37.00;1002.56;0;0;0.34;2
2025-09-30 11:13:38;28.64;111934.00;37.00;1002.56;0;0;0.34;2
2025-09-30 11:13:39;28.63;112533.00;37.00;1002.56;0;0;0.34;2
2025-09-30 11:13:40;28.63;112684.00;37.00;1002.56;0;0;0.34;2
2025-09-30 11:13:41;28.63;112307.00;37.00;1002.56;0;0;0.34;2
2025-09-30 11:13:42;28.63;112759.00;37.00;1002.56;0;0;0.34;2
2025-09-30 11:13:43;28.63;113444.00;37.00;1002.56;0;0;0.34;2
2025-09-30 11:13:44;28.63;113444.00;37.00;1002.54;0;0;0.34;2
2025-09-30 11:13:45;28.63;112608.00;37.00;1002.56;0;0;0.34;2
2025-09-30 11:13:46;28.63;114215.00;37.00;1002.56;0;0;0.34;2
2025-09-30 11:13:47;28.63;112307.00;37.00;1002.56;0;0;0.34;2
2025-09-30 11:13:48;28.63;113597.00;37.00;1002.56;0;0;0.34;2
2025-09-30 11:13:49;28.63;113597.00;37.00;1002.56;0;0;0.34;2
2025-09-30 11:13:50;28.63;113215.00;37.00;1002.56;0;0;0.34;2
2025-09-30 11:13:51;28.62;113751.00;37.00;1002.54;0;0;0.34;2
2025-09-30 11:13:52;28.62;114137.00;37.00;1002.56;0;0;0.34;2
2025-09-30 11:13:53;28.62;112759.00;37.00;1002.56;0;0;0.34;2
2025-09-30 11:13:54;28.61;113983.00;37.00;1002.54;0;0;0.34;2
2025-09-30 11:13:55;28.62;113905.00;37.00;1002.56;0;0;0.34;2
2025-09-30 11:13:56;28.62;114526.00;37.00;1002.56;0;0;0.34;2
2025-09-30 11:13:57;28.60;113983.00;37.00;1002.58;0;0;0.34;2
2025-09-30 11:13:58;28.61;114060.00;37.00;1002.56;0;0;0.34;2
2025-09-30 11:13:59;28.61;113905.00;37.00;1002.58;0;0;0.34;2
2025-09-30 11:14:00;28.61;114604.00;37.00;1002.58;0;0;0.34;2
2025-09-30 11:14:01;28.61;114060.00;37.00;1002.56;0;0;0.34;2
2025-09-30 11:14:02;28.61;114370.00;37.00;1002.54;0;0;0.34;2
2025-09-30 11:14:03;28.61;114682.00;37.00;1002.56;0;0;0.34;2
2025-09-30 11:14:04;28.60;114370.00;37.00;1002.54;0;0;0.34;2
2025-09-30 11:14:05;28.60;113828.00;37.00;1002.56;0;0;0.34;2
2025-09-30 11:14:06;28.60;114761.00;37.00;1002.56;0;0;0.34;2
2025-09-30 11:14:07;28.60;113905.00;37.00;1002.56;0;0;0.34;2
2025-09-30 11:14:08;28.59;113597.00;37.00;1002.54;0;0;0.34;2
2025-09-30 11:14:09;28.59;114761.00;37.00;1002.53;0;0;0.34;2
2025-09-30 11:14:10;28.59;115075.00;37.00;1002.53;0;0;0.34;2
2025-09-30 11:14:11;28.59;114682.00;37.00;1002.54;0;0;0.34;2
2025-09-30 11:14:12;28.59;114682.00;37.00;1002.54;0;0;0.34;2
2025-09-30 11:14:13;28.58;114917.00;37.00;1002.54;0;0;0.34;2
2025-09-30 11:14:14;28.59;114839.00;37.00;1002.54;0;0;0.34;2
2025-09-30 11:14:15;28.59;115708.00;37.00;1002.54;0;0;0.34;2
2025-09-30 11:14:16;28.59;115154.00;37.00;1002.54;0;0;0.34;2
2025-09-30 11:14:17;28.58;114137.00;37.00;1002.54;0;0;0.34;2
2025-09-30 11:14:18;28.58;114215.00;37.00;1002.54;0;0;0.34;2
2025-09-30 11:14:19;28.58;114917.00;37.00;1002.56;0;0;0.34;2
2025-09-30 11:14:20;28.58;114839.00;37.00;1002.56;0;0;0.34;2
2025-09-30 11:14:21;28.58;114448.00;37.00;1002.56;0;0;0.34;2
2025-09-30 11:14:22;28.58;114839.00;37.00;1002.56;0;0;0.34;2
2025-09-30 11:14:23;28.58;114526.00;37.00;1002.56;0;0;0.34;2
2025-09-30 11:14:24;28.57;114917.00;37.00;1002.56;0;0;0.34;2
2025-09-30 11:14:25;28.57;115312.00;37.00;1002.58;0;0;0.34;2
2025-09-30 11:14:26;28.58;115549.00;37.00;1002.56;0;0;0.34;2
2025-09-30 11:14:27;28.57;115629.00;37.00;1002.54;0;0;0.34;2
2025-09-30 11:14:28;28.56;115154.00;37.00;1002.56;0;0;0.34;2
2025-09-30 11:14:29;28.56;116269.00;37.00;1002.56;0;0;0.34;2
2025-09-30 11:14:30;28.55;115549.00;37.00;1002.56;0;0;0.34;2
2025-09-30 11:14:31;28.54;116997.00;37.00;1002.56;0;0;0.34;2
2025-09-30 11:14:32;28.54;116430.00;37.00;1002.58;0;0;0.34;2
2025-09-30 11:14:33;28.53;116753.00;37.00;1002.56;0;0;0.34;2
2025-09-30 11:14:34;28.53;116510.00;37.00;1002.58;0;0;0.34;2
2025-09-30 11:14:35;28.52;117982.00;37.00;1002.56;0;0;0.34;2
2025-09-30 11:14:36;28.52;117817.00;37.00;1002.58;0;0;0.34;2
2025-09-30 11:14:37;28.52;117405.00;37.00;1002.58;0;0;0.34;2
2025-09-30 11:14:38;28.52;117405.00;37.00;1002.58;0;0;0.34;2
2025-09-30 11:14:39;28.52;119153.00;37.00;1002.60;0;0;0.34;2
2025-09-30 11:14:40;28.51;118231.00;37.00;1002.60;0;0;0.34;2
2025-09-30 11:14:41;28.51;118816.00;37.00;1002.58;0;0;0.34;2
2025-09-30 11:14:42;28.50;118314.00;37.00;1002.58;0;0;0.34;2
2025-09-30 11:14:43;28.50;118648.00;37.00;1002.58;0;0;0.34;2
2025-09-30 11:14:44;28.49;118732.00;36.00;1002.60;0;0;0.34;2
2025-09-30 11:14:45;28.49;118648.00;36.00;1002.60;0;0;0.34;2
2025-09-30 11:14:46;28.49;118648.00;36.00;1002.60;0;0;0.34;2
2025-09-30 11:14:47;28.49;119661.00;36.00;1002.58;0;0;0.34;2
2025-09-30 11:14:48;28.49;118231.00;36.00;1002.58;0;0;0.34;2
2025-09-30 11:14:49;28.49;119832.00;36.00;1002.60;0;0;0.34;2
2025-09-30 11:14:50;28.49;120175.00;36.00;1002.60;0;0;0.34;2
2025-09-30 11:14:51;28.49;118900.00;37.00;1002.58;0;0;0.34;2
2025-09-30 11:14:52;28.50;119406.00;37.00;1002.58;0;0;0.34;2
2025-09-30 11:14:53;28.49;118984.00;36.00;1002.58;0;0;0.34;2
2025-09-30 11:14:54;28.49;119832.00;37.00;1002.56;0;0;0.34;2
2025-09-30 11:14:55;28.49;120175.00;36.00;1002.58;0;0;0.34;2
2025-09-30 11:14:56;28.49;119153.00;36.00;1002.60;0;0;0.34;2
2025-09-30 11:14:57;28.49;120175.00;37.00;1002.60;0;0;0.34;2
2025-09-30 11:14:58;28.49;120519.00;37.00;1002.56;0;0;0.34;2
2025-09-30 11:14:59;28.49;119576.00;37.00;1002.58;0;0;0.34;2
2025-09-30 11:15:00;28.48;120175.00;37.00;1002.58;0;0;0.34;2
2025-09-30 11:15:01;28.49;119153.00;37.00;1002.58;0;0;0.34;2
2025-09-30 11:15:02;28.48;120519.00;37.00;1002.58;0;0;0.34;2
2025-09-30 11:15:03;28.48;119917.00;37.00;1002.58;0;0;0.34;2
2025-09-30 11:15:04;28.47;120175.00;37.00;1002.54;0;0;0.34;2
2025-09-30 11:15:05;28.47;119237.00;37.00;1002.62;0;0;0.34;2
2025-09-30 11:15:06;28.47;120261.00;37.00;1002.56;0;0;0.34;2
2025-09-30 11:15:07;28.47;119661.00;37.00;1002.54;0;0;0.34;2
2025-09-30 11:15:08;28.47;120433.00;37.00;1002.62;0;0;0.34;2
2025-09-30 11:15:09;28.47;120175.00;37.00;1002.56;0;0;0.34;2
2025-09-30 11:15:10;28.46;120175.00;37.00;1002.56;0;0;0.34;2
2025-09-30 11:15:11;28.46;120261.00;37.00;1002.58;0;0;0.34;2
2025-09-30 11:15:12;28.46;120089.00;37.00;1002.58;0;0;0.34;2
2025-09-30 11:15:13;28.46;120003.00;37.00;1002.58;0;0;0.34;2
2025-09-30 11:15:14;28.46;120175.00;37.00;1002.58;0;0;0.34;2
2025-09-30 11:15:15;28.46;120519.00;37.00;1002.58;0;0;0.34;2
2025-09-30 11:15:16;28.46;121389.00;37.00;1002.58;0;0;0.34;2
2025-09-30 11:15:17;28.46;120866.00;37.00;1002.60;0;0;0.34;2
2025-09-30 11:15:18;28.45;120175.00;36.00;1002.60;0;0;0.34;2
2025-09-30 11:15:19;28.45;121214.00;37.00;1002.56;0;0;0.34;2
2025-09-30 11:15:20;28.46;120347.00;36.00;1002.60;0;0;0.34;2
2025-09-30 11:15:21;28.45;120953.00;37.00;1002.60;0;0;0.34;2
2025-09-30 11:15:22;28.45;120953.00;37.00;1002.58;0;0;0.34;2
2025-09-30 11:15:23;28.45;120953.00;36.00;1002.60;0;0;0.34;2
2025-09-30 11:15:24;28.45;120003.00;36.00;1002.60;0;0;0.34;2
2025-09-30 11:15:25;28.45;121127.00;37.00;1002.58;0;0;0.34;2
2025-09-30 11:15:26;28.45;120347.00;36.00;1002.58;0;0;0.34;2
2025-09-30 11:15:27;28.45;119661.00;37.00;1002.58;0;0;0.34;2
2025-09-30 11:15:28;28.45;120692.00;36.00;1002.58;0;0;0.34;2
2025-09-30 11:15:29;28.45;120433.00;37.00;1002.56;0;0;0.34;2
2025-09-30 11:15:30;28.43;120692.00;37.00;1002.58;0;0;0.34;2
2025-09-30 11:15:31;28.44;120953.00;36.00;1002.56;0;0;0.34;2
2025-09-30 11:15:32;28.44;121477.00;36.00;1002.58;0;0;0.34;2
2025-09-30 11:15:33;28.44;121040.00;36.00;1002.58;0;0;0.34;2
2025-09-30 11:15:34;28.44;121565.00;36.00;1002.58;0;0;0.34;2
2025-09-30 11:15:35;28.44;120692.00;37.00;1002.58;0;0;0.34;2
2025-09-30 11:15:36;28.44;121389.00;37.00;1002.58;0;0;0.34;2
2025-09-30 11:15:37;28.44;121918.00;37.00;1002.60;0;0;0.34;2
2025-09-30 11:15:38;28.44;120866.00;37.00;1002.58;0;0;0.34;2
2025-09-30 11:15:39;28.44;122629.00;36.00;1002.60;0;0;0.34;2
2025-09-30 11:15:40;28.43;120692.00;36.00;1002.60;0;0;0.34;2
2025-09-30 11:15:41;28.43;122540.00;36.00;1002.60;0;0;0.34;2
2025-09-30 11:15:42;28.42;122183.00;37.00;1002.56;0;0;0.34;2
2025-09-30 11:15:43;28.42;120953.00;36.00;1002.56;0;0;0.34;2
2025-09-30 11:15:44;28.43;121127.00;37.00;1002.58;0;0;0.34;2
2025-09-30 11:15:45;28.43;122095.00;36.00;1002.60;0;0;0.34;2
2025-09-30 11:15:46;28.43;122361.00;37.00;1002.60;0;0;0.34;2
2025-09-30 11:15:47;28.43;121040.00;36.00;1002.60;0;0;0.34;2
2025-09-30 11:15:48;28.43;121565.00;37.00;1002.62;0;0;0.34;2
2025-09-30 11:15:49;28.43;120953.00;37.00;1002.60;0;0;0.34;2
2025-09-30 11:15:50;28.43;122361.00;37.00;1002.58;0;0;0.34;2
2025-09-30 11:15:51;28.43;121389.00;37.00;1002.60;0;0;0.34;2
2025-09-30 11:15:52;28.43;122272.00;37.00;1002.58;0;0;0.34;2
2025-09-30 11:15:53;28.43;122361.00;37.00;1002.58;0;0;0.34;2
2025-09-30 11:15:54;28.42;121389.00;37.00;1002.58;0;0;0.34;2
2025-09-30 11:15:55;28.42;122988.00;37.00;1002.56;0;0;0.34;2
2025-09-30 11:15:56;28.43;121565.00;37.00;1002.56;0;0;0.34;2
2025-09-30 11:15:57;28.43;122183.00;37.00;1002.60;0;0;0.34;2
2025-09-30 11:15:58;28.43;121653.00;37.00;1002.60;0;0;0.34;2
2025-09-30 11:15:59;28.43;122272.00;37.00;1002.60;0;0;0.34;2
2025-09-30 11:16:00;28.43;121389.00;37.00;1002.60;0;0;0.34;2
2025-09-30 11:16:01;28.43;120953.00;37.00;1002.60;0;0;0.34;2
2025-09-30 11:16:02;28.43;122718.00;37.00;1002.58;0;0;0.34;2
2025-09-30 11:16:03;28.43;122095.00;37.00;1002.60;0;0;0.34;2
2025-09-30 11:16:04;28.42;122272.00;37.00;1002.58;0;0;0.34;2
2025-09-30 11:16:05;28.43;121918.00;37.00;1002.60;0;0;0.34;2
2025-09-30 11:16:06;28.43;122095.00;37.00;1002.60;0;0;0.34;2
2025-09-30 11:16:07;28.43;122183.00;37.00;1002.58;0;0;0.34;2
2025-09-30 11:16:08;28.43;121214.00;37.00;1002.60;0;0;0.34;2
2025-09-30 11:16:09;28.43;121127.00;37.00;1002.58;0;0;0.34;2
2025-09-30 11:16:10;28.43;120779.00;37.00;1002.58;0;0;0.34;2
2025-09-30 11:16:11;28.44;121389.00;37.00;1002.60;0;0;0.34;2
2025-09-30 11:16:12;28.43;121214.00;37.00;1002.58;0;0;0.34;2
2025-09-30 11:16:13;28.43;120433.00;37.00;1002.60;0;0;0.34;2
2025-09-30 11:16:14;28.43;121918.00;37.00;1002.56;0;0;0.34;2
2025-09-30 11:16:15;28.43;120953.00;37.00;1002.58;0;0;0.34;2
2025-09-30 11:16:16;28.43;122095.00;37.00;1002.60;0;0;0.34;2
2025-09-30 11:16:17;28.43;121302.00;37.00;1002.60;0;0;0.34;2
2025-09-30 11:16:18;28.43;121565.00;37.00;1002.60;0;0;0.34;2
2025-09-30 11:16:19;28.43;121918.00;37.00;1002.56;0;0;0.34;2
2025-09-30 11:16:20;28.42;121389.00;37.00;1002.58;0;0;0.34;2
2025-09-30 11:16:21;28.43;121741.00;37.00;1002.56;0;0;0.34;2
2025-09-30 11:16:22;28.43;121389.00;37.00;1002.56;0;0;0.34;2
2025-09-30 11:16:23;28.43;122095.00;37.00;1002.58;0;0;0.34;2
2025-09-30 11:16:24;28.43;120519.00;37.00;1002.58;0;0;0.34;2
2025-09-30 11:16:25;28.43;121389.00;37.00;1002.60;1;0;0.34;2
2025-09-30 11:16:26;28.43;122450.00;37.00;1002.60;1;0;0.34;2
2025-09-30 11:16:27;28.43;121477.00;37.00;1002.58;1;0;0.34;2
2025-09-30 11:16:28;28.43;121302.00;37.00;1002.58;1;0;0.34;2
2025-09-30 11:16:29;28.43;122808.00;37.00;1002.60;1;0;0.34;2
2025-09-30 11:16:30;28.43;120692.00;37.00;1002.60;1;0;0.34;2
