timestamp;temperature;gas;humidity;barometer;IAQ;IAQ_S;VOCS;accuracy;humidty_corrected;temp_corrected
2025-10-07 11:23:19;26.66;92258.00;44.00;1004.79;25;25;0.49;0;63.14;20.66
2025-10-07 11:23:20;26.66;92665.00;44.00;1004.79;25;25;0.49;0;63.14;20.66
2025-10-07 11:23:21;26.66;91955.00;44.00;1004.79;25;25;0.49;0;63.14;20.66
2025-10-07 11:23:22;26.67;91955.00;44.00;1004.79;25;25;0.49;0;63.14;20.67
2025-10-07 11:23:23;26.67;92258.00;44.00;1004.79;25;25;0.49;0;63.14;20.67
2025-10-07 11:23:24;26.67;91554.00;44.00;1004.79;25;25;0.49;0;63.14;20.67
2025-10-07 11:23:25;26.68;92157.00;44.00;1004.79;25;25;0.49;0;63.14;20.68
2025-10-07 11:23:26;26.68;91754.00;44.00;1004.82;25;25;0.49;0;63.14;20.68
2025-10-07 11:23:27;26.68;91455.00;44.00;1004.80;25;25;0.49;0;63.14;20.68
2025-10-07 11:23:28;26.69;91754.00;44.00;1004.80;25;25;0.49;0;63.14;20.69
2025-10-07 11:23:29;26.70;91955.00;44.00;1004.79;25;25;0.49;0;63.13;20.70
2025-10-07 11:23:30;26.70;91654.00;44.00;1004.79;25;25;0.49;0;63.13;20.70
2025-10-07 11:23:31;26.70;91855.00;44.00;1004.76;25;25;0.49;0;63.13;20.70
2025-10-07 11:23:32;26.70;91955.00;44.00;1004.76;25;25;0.49;0;63.13;20.70
2025-10-07 11:23:33;26.70;91955.00;44.00;1004.79;25;25;0.49;0;63.13;20.70
2025-10-07 11:23:34;26.71;91455.00;44.00;1004.79;25;25;0.49;0;63.13;20.71
2025-10-07 11:23:35;26.71;91554.00;44.00;1004.76;25;25;0.49;0;63.13;20.71
2025-10-07 11:23:36;26.71;92157.00;44.00;1004.76;25;25;0.49;0;63.13;20.71
2025-10-07 11:23:37;26.71;91654.00;44.00;1004.79;25;25;0.49;0;63.13;20.71
2025-10-07 11:23:38;26.72;91554.00;44.00;1004.75;25;25;0.49;0;63.13;20.72
2025-10-07 11:23:39;26.73;91754.00;44.00;1004.80;25;25;0.49;0;63.13;20.73
2025-10-07 11:23:40;26.73;91554.00;44.00;1004.82;25;25;0.49;0;63.13;20.73
2025-10-07 11:23:41;26.73;91855.00;44.00;1004.80;25;25;0.49;0;63.13;20.73
2025-10-07 11:23:42;26.74;92258.00;44.00;1004.79;25;25;0.49;0;63.13;20.74
2025-10-07 11:23:43;26.74;91654.00;44.00;1004.82;25;25;0.49;0;63.13;20.74
2025-10-07 11:23:44;26.74;92461.00;44.00;1004.80;25;25;0.49;0;63.13;20.74
2025-10-07 11:23:45;26.75;91654.00;44.00;1004.82;25;25;0.49;0;63.13;20.75
2025-10-07 11:23:46;26.75;91455.00;44.00;1004.80;25;25;0.49;0;63.13;20.75
2025-10-07 11:23:47;26.75;91754.00;44.00;1004.80;25;25;0.49;0;63.13;20.75
2025-10-07 11:23:48;26.76;91754.00;44.00;1004.79;25;25;0.49;0;63.12;20.76
2025-10-07 11:23:49;26.76;91554.00;44.00;1004.79;25;25;0.49;0;63.12;20.76
2025-10-07 11:23:50;26.76;91754.00;44.00;1004.80;25;25;0.49;0;63.12;20.76
2025-10-07 11:23:51;26.76;91955.00;44.00;1004.80;25;25;0.49;0;63.12;20.76
2025-10-07 11:23:52;26.77;91256.00;44.00;1004.80;25;25;0.49;0;63.12;20.77
2025-10-07 11:23:53;26.77;92056.00;44.00;1004.79;25;25;0.49;0;63.12;20.77
2025-10-07 11:23:54;26.78;91654.00;44.00;1004.80;25;25;0.49;0;63.12;20.78
2025-10-07 11:23:55;26.78;92563.00;44.00;1004.80;25;25;0.49;0;63.12;20.78
2025-10-07 11:23:56;26.78;92056.00;44.00;1004.80;25;25;0.49;0;63.12;20.78
2025-10-07 11:23:57;26.78;91554.00;44.00;1004.80;25;25;0.49;0;63.12;20.78
2025-10-07 11:23:58;26.79;91554.00;44.00;1004.79;25;25;0.49;0;63.12;20.79
2025-10-07 11:23:59;26.80;91355.00;44.00;1004.82;25;25;0.49;0;63.12;20.80
2025-10-07 11:24:00;26.80;91955.00;44.00;1004.80;25;25;0.49;0;63.12;20.80
2025-10-07 11:24:01;26.81;91855.00;44.00;1004.80;25;25;0.49;0;63.12;20.81
2025-10-07 11:24:02;26.80;91355.00;44.00;1004.80;25;25;0.49;0;63.12;20.80
2025-10-07 11:24:03;26.82;91855.00;44.00;1004.79;25;25;0.49;0;63.11;20.82
2025-10-07 11:24:04;26.81;92258.00;44.00;1004.79;25;25;0.49;0;63.12;20.81
2025-10-07 11:24:05;26.82;91355.00;44.00;1004.80;25;25;0.49;0;63.11;20.82
2025-10-07 11:24:06;26.82;91654.00;44.00;1004.80;25;25;0.49;0;63.11;20.82
2025-10-07 11:24:07;26.83;91855.00;44.00;1004.80;25;25;0.49;0;63.11;20.83
2025-10-07 11:24:08;26.83;91654.00;44.00;1004.80;25;25;0.49;0;63.11;20.83
2025-10-07 11:24:09;26.83;91955.00;44.00;1004.79;25;25;0.49;0;63.11;20.83
2025-10-07 11:24:10;26.84;91855.00;44.00;1004.80;25;25;0.49;0;63.11;20.84
2025-10-07 11:24:11;26.84;91955.00;44.00;1004.80;25;25;0.49;0;63.11;20.84
2025-10-07 11:24:12;26.84;91355.00;44.00;1004.80;25;25;0.49;0;63.11;20.84
2025-10-07 11:24:13;26.85;91455.00;44.00;1004.80;25;25;0.49;0;63.11;20.85
2025-10-07 11:24:14;26.85;91355.00;44.00;1004.79;25;25;0.49;0;63.11;20.85
2025-10-07 11:24:15;26.86;91754.00;44.00;1004.79;25;25;0.49;0;63.11;20.86
2025-10-07 11:24:16;26.86;92258.00;44.00;1004.80;25;25;0.49;0;63.11;20.86
2025-10-07 11:24:17;26.87;91256.00;44.00;1004.80;25;25;0.49;0;63.11;20.87
2025-10-07 11:24:18;26.87;92258.00;44.00;1004.80;25;25;0.49;0;63.11;20.87
2025-10-07 11:24:19;26.87;91955.00;44.00;1004.80;25;25;0.49;0;63.11;20.87
2025-10-07 11:24:20;26.87;92461.00;43.00;1004.79;25;25;0.49;0;61.67;20.87
2025-10-07 11:24:21;26.87;91554.00;44.00;1004.79;25;25;0.49;0;63.11;20.87
2025-10-07 11:24:22;26.87;92258.00;43.00;1004.76;25;25;0.49;0;61.67;20.87
2025-10-07 11:24:23;26.88;91554.00;43.00;1004.79;25;25;0.49;0;61.67;20.88
2025-10-07 11:24:24;26.88;91654.00;44.00;1004.76;25;25;0.49;0;63.10;20.88
2025-10-07 11:24:25;26.88;91455.00;43.00;1004.79;25;25;0.49;0;61.67;20.88
2025-10-07 11:24:26;26.89;91955.00;43.00;1004.79;25;25;0.49;0;61.67;20.89
2025-10-07 11:24:27;26.89;92461.00;43.00;1004.76;25;25;0.49;0;61.67;20.89
2025-10-07 11:24:28;26.89;91654.00;43.00;1004.80;25;25;0.49;0;61.67;20.89
2025-10-07 11:24:29;26.91;91955.00;43.00;1004.80;25;25;0.49;0;61.66;20.91
2025-10-07 11:24:30;26.90;92563.00;43.00;1004.79;25;25;0.49;0;61.67;20.90
2025-10-07 11:24:31;26.91;91955.00;43.00;1004.79;25;25;0.49;0;61.66;20.91
2025-10-07 11:24:32;26.91;92258.00;43.00;1004.76;25;25;0.49;0;61.66;20.91
2025-10-07 11:24:33;26.91;91455.00;43.00;1004.76;25;25;0.49;0;61.66;20.91
2025-10-07 11:24:34;26.91;92359.00;43.00;1004.76;25;25;0.49;0;61.66;20.91
2025-10-07 11:24:35;26.91;91955.00;43.00;1004.76;25;25;0.49;0;61.66;20.91
2025-10-07 11:24:36;26.92;91355.00;43.00;1004.79;25;25;0.49;0;61.66;20.92
2025-10-07 11:24:37;26.92;91955.00;43.00;1004.76;25;25;0.49;1;61.66;20.92
2025-10-07 11:24:38;26.93;91455.00;43.00;1004.76;25;25;0.49;1;61.66;20.93
2025-10-07 11:24:39;26.93;91855.00;43.00;1004.76;25;25;0.49;1;61.66;20.93
2025-10-07 11:24:40;26.94;91955.00;43.00;1004.76;25;25;0.50;1;61.66;20.94
2025-10-07 11:24:41;26.93;91754.00;43.00;1004.76;25;25;0.50;1;61.66;20.93
2025-10-07 11:24:42;26.94;91955.00;43.00;1004.75;25;25;0.50;1;61.66;20.94
2025-10-07 11:24:43;26.95;91855.00;43.00;1004.79;29;26;0.51;1;61.66;20.95
2025-10-07 11:24:44;26.95;91554.00;43.00;1004.79;29;26;0.51;1;61.66;20.95
2025-10-07 11:24:45;26.95;91654.00;43.00;1004.79;29;26;0.51;1;61.66;20.95
2025-10-07 11:24:46;26.96;91455.00;43.00;1004.79;29;27;0.51;1;61.66;20.96
2025-10-07 11:24:47;26.96;91058.00;43.00;1004.80;29;27;0.51;1;61.66;20.96
2025-10-07 11:24:48;26.96;91554.00;43.00;1004.80;29;27;0.51;1;61.66;20.96
2025-10-07 11:24:49;26.97;91654.00;43.00;1004.79;30;27;0.51;1;61.65;20.97
2025-10-07 11:24:50;26.97;92056.00;43.00;1004.79;30;27;0.51;1;61.65;20.97
2025-10-07 11:24:51;26.97;91554.00;43.00;1004.79;30;27;0.51;1;61.65;20.97
2025-10-07 11:24:52;26.98;91754.00;43.00;1004.79;31;27;0.52;1;61.65;20.98
2025-10-07 11:24:53;26.98;91455.00;43.00;1004.79;31;27;0.52;1;61.65;20.98
2025-10-07 11:24:54;26.98;92157.00;43.00;1004.79;31;27;0.52;1;61.65;20.98
2025-10-07 11:24:55;26.98;91754.00;43.00;1004.76;29;26;0.51;1;61.65;20.98
2025-10-07 11:24:56;26.98;92258.00;43.00;1004.76;29;26;0.51;1;61.65;20.98
2025-10-07 11:24:57;26.99;91157.00;43.00;1004.76;29;26;0.51;1;61.65;20.99
2025-10-07 11:24:58;27.00;92563.00;43.00;1004.76;28;26;0.51;1;61.65;21.00
2025-10-07 11:24:59;27.00;91654.00;43.00;1004.79;28;26;0.51;1;61.65;21.00
2025-10-07 11:25:00;27.00;91855.00;43.00;1004.79;28;26;0.51;1;61.65;21.00
2025-10-07 11:25:01;27.01;92258.00;43.00;1004.76;29;26;0.51;1;61.65;21.01
2025-10-07 11:25:02;27.01;91355.00;43.00;1004.75;29;26;0.51;1;61.65;21.01
2025-10-07 11:25:03;27.01;91157.00;43.00;1004.75;29;26;0.51;1;61.65;21.01
2025-10-07 11:25:04;27.01;92157.00;43.00;1004.75;30;27;0.51;1;61.65;21.01
2025-10-07 11:25:05;27.02;91157.00;43.00;1004.79;30;27;0.51;1;61.65;21.02
2025-10-07 11:25:06;27.02;92056.00;43.00;1004.76;30;27;0.51;1;61.65;21.02
2025-10-07 11:25:07;27.01;91554.00;43.00;1004.76;29;27;0.51;1;61.65;21.01
2025-10-07 11:25:08;27.03;91654.00;43.00;1004.75;29;27;0.51;1;61.64;21.03
2025-10-07 11:25:09;27.03;91855.00;43.00;1004.75;29;27;0.51;1;61.64;21.03
2025-10-07 11:25:10;27.03;90862.00;43.00;1004.76;28;26;0.51;1;61.64;21.03
2025-10-07 11:25:11;27.04;91955.00;43.00;1004.76;28;26;0.51;1;61.64;21.04
2025-10-07 11:25:12;27.04;91955.00;43.00;1004.76;28;26;0.51;1;61.64;21.04
2025-10-07 11:25:13;27.04;91654.00;43.00;1004.76;28;26;0.51;1;61.64;21.04
2025-10-07 11:25:14;27.05;91855.00;43.00;1004.75;28;26;0.51;1;61.64;21.05
2025-10-07 11:25:15;27.05;91955.00;43.00;1004.76;28;26;0.51;1;61.64;21.05
2025-10-07 11:25:16;27.05;91754.00;43.00;1004.75;28;26;0.51;1;61.64;21.05
2025-10-07 11:25:17;27.05;91955.00;43.00;1004.73;28;26;0.51;1;61.64;21.05
2025-10-07 11:25:18;27.06;91855.00;43.00;1004.75;28;26;0.51;1;61.64;21.06
2025-10-07 11:25:19;27.05;91855.00;43.00;1004.73;28;26;0.51;1;61.64;21.05
2025-10-07 11:25:20;27.06;91855.00;43.00;1004.75;28;26;0.51;1;61.64;21.06
2025-10-07 11:25:21;27.07;91355.00;43.00;1004.75;28;26;0.51;1;61.64;21.07
2025-10-07 11:25:22;27.07;91955.00;43.00;1004.73;30;27;0.51;1;61.64;21.07
2025-10-07 11:25:23;27.07;91955.00;43.00;1004.73;30;27;0.51;1;61.64;21.07
2025-10-07 11:25:24;27.08;91455.00;43.00;1004.75;30;27;0.51;1;61.64;21.08
2025-10-07 11:25:25;27.08;91855.00;43.00;1004.75;31;27;0.52;1;61.64;21.08
2025-10-07 11:25:26;27.08;91654.00;43.00;1004.76;31;27;0.52;1;61.64;21.08
2025-10-07 11:25:27;27.09;91554.00;43.00;1004.75;31;27;0.52;1;61.63;21.09
2025-10-07 11:25:28;27.09;91654.00;43.00;1004.75;30;27;0.51;1;61.63;21.09
2025-10-07 11:25:29;27.09;92056.00;43.00;1004.75;30;27;0.51;1;61.63;21.09
2025-10-07 11:25:30;27.09;91455.00;43.00;1004.73;30;27;0.51;1;61.63;21.09
2025-10-07 11:25:31;27.10;91754.00;43.00;1004.75;26;25;0.50;1;61.63;21.10
2025-10-07 11:25:32;27.10;91554.00;43.00;1004.73;26;25;0.50;1;61.63;21.10
2025-10-07 11:25:33;27.11;91455.00;43.00;1004.75;26;25;0.50;1;61.63;21.11
2025-10-07 11:25:34;27.11;91955.00;43.00;1004.73;28;26;0.51;1;61.63;21.11
2025-10-07 11:25:35;27.11;90568.00;43.00;1004.73;28;26;0.51;1;61.63;21.11
2025-10-07 11:25:36;27.11;91058.00;43.00;1004.73;28;26;0.51;1;61.63;21.11
2025-10-07 11:25:37;27.11;90960.00;43.00;1004.73;30;27;0.51;1;61.63;21.11
2025-10-07 11:25:38;27.12;91955.00;43.00;1004.75;30;27;0.51;1;61.63;21.12
2025-10-07 11:25:39;27.12;91157.00;43.00;1004.73;30;27;0.51;1;61.63;21.12
2025-10-07 11:25:40;27.12;91455.00;43.00;1004.73;31;27;0.52;1;61.63;21.12
2025-10-07 11:25:41;27.12;91554.00;43.00;1004.73;31;27;0.52;1;61.63;21.12
2025-10-07 11:25:42;27.13;91355.00;43.00;1004.73;31;27;0.52;1;61.63;21.13
2025-10-07 11:25:43;27.13;91355.00;43.00;1004.70;32;28;0.52;1;61.63;21.13
2025-10-07 11:25:44;27.13;91058.00;43.00;1004.75;32;28;0.52;1;61.63;21.13
2025-10-07 11:25:45;27.14;91355.00;43.00;1004.73;32;28;0.52;1;61.63;21.14
2025-10-07 11:25:46;27.13;91654.00;43.00;1004.70;32;28;0.52;1;61.63;21.13
2025-10-07 11:25:47;27.14;91355.00;43.00;1004.73;32;28;0.52;1;61.63;21.14
2025-10-07 11:25:48;27.14;91157.00;43.00;1004.73;32;28;0.52;1;61.63;21.14
2025-10-07 11:25:49;27.15;90960.00;43.00;1004.73;34;29;0.53;1;61.62;21.15
2025-10-07 11:25:50;27.16;91455.00;43.00;1004.70;34;29;0.53;1;61.62;21.16
2025-10-07 11:25:51;27.16;90665.00;43.00;1004.76;34;29;0.53;1;61.62;21.16
2025-10-07 11:25:52;27.16;91256.00;43.00;1004.69;34;29;0.53;1;61.62;21.16
2025-10-07 11:25:53;27.16;91355.00;43.00;1004.75;34;29;0.53;1;61.62;21.16
2025-10-07 11:25:54;27.17;91157.00;43.00;1004.75;34;29;0.53;1;61.62;21.17
2025-10-07 11:25:55;27.17;91754.00;43.00;1004.75;34;29;0.53;1;61.62;21.17
2025-10-07 11:25:56;27.17;91554.00;43.00;1004.75;34;29;0.53;1;61.62;21.17
2025-10-07 11:25:57;27.18;91157.00;43.00;1004.75;34;29;0.53;1;61.62;21.18
2025-10-07 11:25:58;27.18;90960.00;43.00;1004.76;34;29;0.53;1;61.62;21.18
2025-10-07 11:25:59;27.19;90665.00;43.00;1004.75;34;29;0.53;1;61.62;21.19
2025-10-07 11:26:00;27.18;91256.00;43.00;1004.75;34;29;0.53;1;61.62;21.18
2025-10-07 11:26:01;27.19;91455.00;43.00;1004.75;33;28;0.52;1;61.62;21.19
2025-10-07 11:26:02;27.19;91256.00;43.00;1004.73;33;28;0.52;1;61.62;21.19
2025-10-07 11:26:03;27.19;90960.00;43.00;1004.73;33;28;0.52;1;61.62;21.19
2025-10-07 11:26:04;27.19;90862.00;43.00;1004.73;35;29;0.53;1;61.62;21.19
2025-10-07 11:26:05;27.19;90862.00;43.00;1004.70;35;29;0.53;1;61.62;21.19
2025-10-07 11:26:06;27.19;91455.00;43.00;1004.75;35;29;0.53;1;61.62;21.19
2025-10-07 11:26:07;27.20;89890.00;43.00;1004.75;40;31;0.55;1;61.62;21.20
2025-10-07 11:26:08;27.21;91554.00;43.00;1004.75;40;31;0.55;1;61.61;21.21
2025-10-07 11:26:09;27.21;90568.00;43.00;1004.75;40;31;0.55;1;61.61;21.21
2025-10-07 11:26:10;27.21;91256.00;43.00;1004.73;38;30;0.54;1;61.61;21.21
2025-10-07 11:26:11;27.21;90568.00;43.00;1004.70;38;30;0.54;1;61.61;21.21
2025-10-07 11:26:12;27.21;90862.00;43.00;1004.70;38;30;0.54;1;61.61;21.21
2025-10-07 11:26:13;27.22;90665.00;43.00;1004.75;38;30;0.54;1;61.61;21.22
2025-10-07 11:26:14;27.22;90960.00;43.00;1004.73;39;31;0.54;1;61.61;21.22
2025-10-07 11:26:15;27.22;90470.00;43.00;1004.73;39;31;0.54;1;61.61;21.22
2025-10-07 11:26:16;27.23;90862.00;43.00;1004.73;39;31;0.54;1;61.61;21.23
2025-10-07 11:26:17;27.22;90568.00;43.00;1004.73;39;31;0.54;1;61.61;21.22
2025-10-07 11:26:18;27.23;90960.00;43.00;1004.73;39;31;0.54;1;61.61;21.23
2025-10-07 11:26:19;27.24;90665.00;43.00;1004.75;39;31;0.54;1;61.61;21.24
2025-10-07 11:26:20;27.24;90373.00;43.00;1004.75;39;31;0.55;1;61.61;21.24
2025-10-07 11:26:21;27.24;90470.00;43.00;1004.75;39;31;0.55;1;61.61;21.24
2025-10-07 11:26:22;27.25;90179.00;43.00;1004.73;39;31;0.55;1;61.61;21.25
2025-10-07 11:26:23;27.25;90470.00;43.00;1004.73;41;32;0.55;1;61.61;21.25
2025-10-07 11:26:24;27.25;90960.00;43.00;1004.75;41;32;0.55;1;61.61;21.25
2025-10-07 11:26:25;27.25;90665.00;43.00;1004.75;41;32;0.55;1;61.61;21.25
2025-10-07 11:26:26;27.26;90179.00;43.00;1004.73;41;32;0.55;1;61.61;21.26
2025-10-07 11:26:27;27.26;91157.00;43.00;1004.73;41;32;0.55;1;61.61;21.26
2025-10-07 11:26:28;27.27;90763.00;43.00;1004.73;41;32;0.55;1;61.60;21.27
2025-10-07 11:26:29;27.27;90276.00;43.00;1004.73;40;31;0.55;1;61.60;21.27
2025-10-07 11:26:30;27.27;90862.00;43.00;1004.73;40;31;0.55;1;61.60;21.27
2025-10-07 11:26:31;27.28;89412.00;43.00;1004.75;40;31;0.55;1;61.60;21.28
2025-10-07 11:26:32;27.28;90665.00;43.00;1004.75;45;33;0.57;1;61.60;21.28
2025-10-07 11:26:33;27.28;90082.00;43.00;1004.73;45;33;0.57;1;61.60;21.28
2025-10-07 11:26:34;27.28;89698.00;43.00;1004.75;45;33;0.57;1;61.60;21.28
2025-10-07 11:26:35;27.29;89794.00;43.00;1004.73;47;34;0.57;1;61.60;21.29
2025-10-07 11:26:36;27.29;89794.00;43.00;1004.73;47;34;0.57;1;61.60;21.29
2025-10-07 11:26:37;27.30;90082.00;43.00;1004.70;47;34;0.57;1;61.60;21.30
2025-10-07 11:26:38;27.29;89986.00;43.00;1004.70;46;34;0.57;1;61.60;21.29
2025-10-07 11:26:39;27.30;89986.00;43.00;1004.75;46;34;0.57;1;61.60;21.30
2025-10-07 11:26:40;27.31;89602.00;43.00;1004.73;46;34;0.57;1;61.60;21.31
2025-10-07 11:26:41;27.31;89602.00;43.00;1004.73;46;34;0.57;1;61.60;21.31
2025-10-07 11:26:42;27.31;90373.00;43.00;1004.75;46;34;0.57;1;61.60;21.31
2025-10-07 11:26:43;27.32;89412.00;43.00;1004.75;46;34;0.57;1;61.60;21.32
2025-10-07 11:26:44;27.31;89890.00;43.00;1004.73;49;35;0.58;1;61.60;21.31
2025-10-07 11:26:45;27.32;89412.00;43.00;1004.75;49;35;0.58;1;61.60;21.32
2025-10-07 11:26:46;27.33;89794.00;43.00;1004.75;49;35;0.58;1;61.59;21.33
2025-10-07 11:26:47;27.32;90373.00;43.00;1004.73;50;36;0.59;1;61.60;21.32
2025-10-07 11:26:48;27.33;89317.00;43.00;1004.73;50;36;0.59;1;61.59;21.33
2025-10-07 11:26:49;27.33;89986.00;43.00;1004.75;50;36;0.59;1;61.59;21.33
2025-10-07 11:26:50;27.33;89794.00;43.00;1004.70;48;35;0.58;1;61.59;21.33
2025-10-07 11:26:51;27.33;89794.00;43.00;1004.75;48;35;0.58;1;61.59;21.33
2025-10-07 11:26:52;27.34;89507.00;43.00;1004.73;48;35;0.58;1;61.59;21.34
2025-10-07 11:26:53;27.35;88939.00;43.00;1004.73;53;37;0.60;1;61.59;21.35
2025-10-07 11:26:54;27.35;89222.00;43.00;1004.73;53;37;0.60;1;61.59;21.35
2025-10-07 11:26:55;27.35;89507.00;43.00;1004.73;53;37;0.60;1;61.59;21.35
2025-10-07 11:26:56;27.35;89507.00;43.00;1004.73;52;37;0.60;1;61.59;21.35
2025-10-07 11:26:57;27.36;88751.00;43.00;1004.75;52;37;0.60;1;61.59;21.36
2025-10-07 11:26:58;27.36;89890.00;43.00;1004.75;52;37;0.60;1;61.59;21.36
2025-10-07 11:26:59;27.36;89127.00;43.00;1004.73;53;37;0.60;1;61.59;21.36
2025-10-07 11:27:00;27.36;89698.00;43.00;1004.73;53;37;0.60;1;61.59;21.36
2025-10-07 11:27:01;27.37;89317.00;43.00;1004.70;53;37;0.60;1;61.59;21.37
2025-10-07 11:27:02;27.36;89033.00;43.00;1004.73;53;37;0.60;1;61.59;21.36
2025-10-07 11:27:03;27.37;89127.00;43.00;1004.70;53;37;0.60;1;61.59;21.37
2025-10-07 11:27:04;27.38;88845.00;43.00;1004.76;53;37;0.60;1;61.59;21.38
2025-10-07 11:27:05;27.38;89890.00;43.00;1004.70;56;38;0.61;1;61.59;21.38
2025-10-07 11:27:06;27.38;89794.00;43.00;1004.76;56;38;0.61;1;61.59;21.38
2025-10-07 11:27:07;27.39;88751.00;43.00;1004.75;56;38;0.61;1;61.58;21.39
2025-10-07 11:27:08;27.39;89127.00;43.00;1004.75;57;39;0.61;1;61.58;21.39
2025-10-07 11:27:09;27.38;89033.00;43.00;1004.75;57;39;0.61;1;61.59;21.38
2025-10-07 11:27:10;27.39;90082.00;43.00;1004.75;57;39;0.61;1;61.58;21.39
2025-10-07 11:27:11;27.40;90276.00;42.00;1004.76;53;37;0.60;1;60.15;21.40
2025-10-07 11:27:12;27.40;89127.00;43.00;1004.76;53;37;0.60;1;61.58;21.40
2025-10-07 11:27:13;27.40;89507.00;42.00;1004.75;53;37;0.60;1;60.15;21.40
2025-10-07 11:27:14;27.40;89127.00;42.00;1004.76;55;38;0.61;1;60.15;21.40
2025-10-07 11:27:15;27.41;89507.00;42.00;1004.75;55;38;0.61;1;60.15;21.41
2025-10-07 11:27:16;27.41;88939.00;42.00;1004.75;55;38;0.61;1;60.15;21.41
2025-10-07 11:27:17;27.41;89412.00;42.00;1004.75;52;37;0.60;1;60.15;21.41
2025-10-07 11:27:18;27.42;88939.00;42.00;1004.76;52;37;0.60;1;60.15;21.42
2025-10-07 11:27:19;27.42;89033.00;42.00;1004.75;52;37;0.60;1;60.15;21.42
2025-10-07 11:27:20;27.42;90082.00;42.00;1004.75;52;37;0.60;1;60.15;21.42
2025-10-07 11:27:21;27.42;89222.00;42.00;1004.73;52;37;0.60;1;60.15;21.42
2025-10-07 11:27:22;27.43;88564.00;42.00;1004.75;52;37;0.60;1;60.15;21.43
2025-10-07 11:27:23;27.43;89127.00;42.00;1004.73;53;37;0.60;1;60.15;21.43
2025-10-07 11:27:24;27.43;89507.00;42.00;1004.75;53;37;0.60;1;60.15;21.43
2025-10-07 11:27:25;27.44;89222.00;42.00;1004.76;53;37;0.60;1;60.14;21.44
2025-10-07 11:27:26;27.44;89507.00;42.00;1004.75;54;37;0.60;1;60.14;21.44
2025-10-07 11:27:27;27.45;89507.00;42.00;1004.75;54;37;0.60;1;60.14;21.45
2025-10-07 11:27:28;27.44;88845.00;42.00;1004.75;54;37;0.60;1;60.14;21.44
2025-10-07 11:27:29;27.44;88657.00;42.00;1004.73;56;38;0.61;1;60.14;21.44
2025-10-07 11:27:30;27.45;89222.00;42.00;1004.73;56;38;0.61;1;60.14;21.45
2025-10-07 11:27:31;27.45;88751.00;42.00;1004.75;56;38;0.61;1;60.14;21.45
2025-10-07 11:27:32;27.45;89698.00;42.00;1004.75;55;38;0.61;1;60.14;21.45
2025-10-07 11:27:33;27.46;88751.00;42.00;1004.75;55;38;0.61;1;60.14;21.46
2025-10-07 11:27:34;27.47;89222.00;42.00;1004.75;55;38;0.61;1;60.14;21.47
2025-10-07 11:27:35;27.47;89507.00;42.00;1004.75;58;39;0.62;1;60.14;21.47
2025-10-07 11:27:36;27.47;89222.00;42.00;1004.75;58;39;0.62;1;60.14;21.47
2025-10-07 11:27:37;27.48;89127.00;42.00;1004.76;58;39;0.62;1;60.14;21.48
2025-10-07 11:27:38;27.48;89412.00;42.00;1004.76;59;40;0.62;1;60.14;21.48
2025-10-07 11:27:39;27.48;88845.00;42.00;1004.76;59;40;0.62;1;60.14;21.48
2025-10-07 11:27:40;27.49;89033.00;42.00;1004.75;59;40;0.62;1;60.14;21.49
2025-10-07 11:27:41;27.49;89317.00;42.00;1004.75;59;40;0.62;1;60.14;21.49
2025-10-07 11:27:42;27.49;89222.00;42.00;1004.75;59;40;0.62;1;60.14;21.49
2025-10-07 11:27:43;27.50;88470.00;42.00;1004.76;59;40;0.62;1;60.13;21.50
2025-10-07 11:27:44;27.49;89507.00;42.00;1004.76;60;40;0.63;1;60.14;21.49
2025-10-07 11:27:45;27.50;89222.00;42.00;1004.76;60;40;0.63;1;60.13;21.50
2025-10-07 11:27:46;27.50;89222.00;42.00;1004.75;60;40;0.63;1;60.13;21.50
2025-10-07 11:27:47;27.50;89222.00;42.00;1004.75;61;40;0.63;1;60.13;21.50
2025-10-07 11:27:48;27.51;88939.00;42.00;1004.75;61;40;0.63;1;60.13;21.51
2025-10-07 11:27:49;27.51;89033.00;42.00;1004.73;61;40;0.63;1;60.13;21.51
2025-10-07 11:27:50;27.51;88377.00;42.00;1004.76;64;42;0.64;1;60.13;21.51
2025-10-07 11:27:51;27.52;89127.00;42.00;1004.76;64;42;0.64;1;60.13;21.52
2025-10-07 11:27:52;27.51;88845.00;42.00;1004.75;64;42;0.64;1;60.13;21.51
2025-10-07 11:27:53;27.52;88939.00;42.00;1004.76;63;41;0.64;1;60.13;21.52
2025-10-07 11:27:54;27.52;88657.00;42.00;1004.75;63;41;0.64;1;60.13;21.52
2025-10-07 11:27:55;27.53;89222.00;42.00;1004.75;63;41;0.64;1;60.13;21.53
2025-10-07 11:27:56;27.53;88939.00;42.00;1004.73;63;41;0.64;1;60.13;21.53
2025-10-07 11:27:57;27.53;88657.00;42.00;1004.73;63;41;0.64;1;60.13;21.53
2025-10-07 11:27:58;27.53;88939.00;42.00;1004.76;63;41;0.64;1;60.13;21.53
2025-10-07 11:27:59;27.53;88377.00;42.00;1004.75;63;41;0.64;1;60.13;21.53
2025-10-07 11:28:00;27.53;88657.00;42.00;1004.75;63;41;0.64;1;60.13;21.53
2025-10-07 11:28:01;27.54;88845.00;42.00;1004.75;63;41;0.64;1;60.13;21.54
2025-10-07 11:28:02;27.54;88751.00;42.00;1004.75;64;42;0.65;1;60.13;21.54
2025-10-07 11:28:03;27.55;88657.00;42.00;1004.75;64;42;0.65;1;60.13;21.55
2025-10-07 11:28:04;27.54;88657.00;42.00;1004.70;64;42;0.65;1;60.13;21.54
2025-10-07 11:28:05;27.55;88285.00;42.00;1004.70;66;42;0.65;1;60.13;21.55
2025-10-07 11:28:06;27.56;88845.00;42.00;1004.75;66;42;0.65;1;60.13;21.56
2025-10-07 11:28:07;27.56;89507.00;42.00;1004.73;66;42;0.65;1;60.13;21.56
2025-10-07 11:28:08;27.56;88751.00;42.00;1004.70;65;42;0.65;1;60.13;21.56
2025-10-07 11:28:09;27.56;89033.00;42.00;1004.73;65;42;0.65;1;60.13;21.56
2025-10-07 11:28:10;27.57;88564.00;42.00;1004.73;65;42;0.65;1;60.12;21.57
2025-10-07 11:28:11;27.57;89033.00;42.00;1004.70;68;43;0.66;1;60.12;21.57
2025-10-07 11:28:12;27.57;88099.00;42.00;1004.73;68;43;0.66;1;60.12;21.57
2025-10-07 11:28:13;27.57;88657.00;42.00;1004.70;68;43;0.66;1;60.12;21.57
2025-10-07 11:28:14;27.57;88657.00;42.00;1004.70;67;43;0.66;1;60.12;21.57
2025-10-07 11:28:15;27.57;88751.00;42.00;1004.70;67;43;0.66;1;60.12;21.57
2025-10-07 11:28:16;27.58;88939.00;42.00;1004.73;67;43;0.66;1;60.12;21.58
2025-10-07 11:28:17;27.58;88564.00;42.00;1004.70;67;43;0.66;1;60.12;21.58
2025-10-07 11:28:18;27.59;88377.00;42.00;1004.73;67;43;0.66;1;60.12;21.59
2025-10-07 11:28:19;27.59;88845.00;42.00;1004.70;67;43;0.66;1;60.12;21.59
2025-10-07 11:28:20;27.59;88564.00;42.00;1004.70;67;43;0.66;1;60.12;21.59
2025-10-07 11:28:21;27.58;88470.00;42.00;1004.70;67;43;0.66;1;60.12;21.58
2025-10-07 11:28:22;27.59;88099.00;42.00;1004.69;67;43;0.66;1;60.12;21.59
2025-10-07 11:28:23;27.60;87823.00;42.00;1004.75;70;44;0.67;1;60.12;21.60
2025-10-07 11:28:24;27.60;87640.00;42.00;1004.75;70;44;0.67;1;60.12;21.60
2025-10-07 11:28:25;27.60;88470.00;42.00;1004.73;70;44;0.67;1;60.12;21.60
2025-10-07 11:28:26;27.61;87915.00;42.00;1004.75;71;45;0.68;1;60.12;21.61
2025-10-07 11:28:27;27.61;88470.00;42.00;1004.73;71;45;0.68;1;60.12;21.61
2025-10-07 11:28:28;27.61;88470.00;42.00;1004.75;71;45;0.68;1;60.12;21.61
2025-10-07 11:28:29;27.61;88377.00;42.00;1004.75;71;45;0.68;1;60.12;21.61
2025-10-07 11:28:30;27.62;88099.00;42.00;1004.75;71;45;0.67;1;60.12;21.62
2025-10-07 11:28:31;27.62;88192.00;42.00;1004.75;71;45;0.67;1;60.12;21.62
2025-10-07 11:28:32;27.62;87640.00;42.00;1004.73;71;45;0.67;1;60.12;21.62
2025-10-07 11:28:33;27.62;88192.00;42.00;1004.73;73;46;0.68;1;60.12;21.62
2025-10-07 11:28:34;27.63;88192.00;42.00;1004.73;73;46;0.68;1;60.11;21.63
2025-10-07 11:28:35;27.63;87915.00;42.00;1004.70;73;46;0.68;1;60.11;21.63
2025-10-07 11:28:36;27.63;88007.00;42.00;1004.73;74;46;0.69;1;60.11;21.63
2025-10-07 11:28:37;27.63;88470.00;42.00;1004.73;74;46;0.69;1;60.11;21.63
2025-10-07 11:28:38;27.64;88470.00;42.00;1004.73;74;46;0.69;1;60.11;21.64
2025-10-07 11:28:39;27.64;88285.00;42.00;1004.73;72;45;0.68;1;60.11;21.64
2025-10-07 11:28:40;27.64;88192.00;42.00;1004.73;72;45;0.68;1;60.11;21.64
2025-10-07 11:28:41;27.64;87732.00;42.00;1004.73;72;45;0.68;1;60.11;21.64
2025-10-07 11:28:42;27.64;87549.00;42.00;1004.73;73;46;0.68;1;60.11;21.64
2025-10-07 11:28:43;27.65;88099.00;42.00;1004.73;73;46;0.68;1;60.11;21.65
2025-10-07 11:28:44;27.65;88007.00;42.00;1004.75;73;46;0.68;1;60.11;21.65
2025-10-07 11:28:45;27.65;87458.00;42.00;1004.70;73;46;0.68;1;60.11;21.65
2025-10-07 11:28:46;27.65;87640.00;42.00;1004.75;73;46;0.68;1;60.11;21.65
2025-10-07 11:28:47;27.65;88099.00;42.00;1004.73;73;46;0.68;1;60.11;21.65
2025-10-07 11:28:48;27.66;87915.00;42.00;1004.73;73;46;0.68;1;60.11;21.66
2025-10-07 11:28:49;27.67;87640.00;42.00;1004.73;73;46;0.68;1;60.11;21.67
2025-10-07 11:28:50;27.67;88007.00;42.00;1004.73;73;46;0.68;1;60.11;21.67
2025-10-07 11:28:51;27.67;88007.00;42.00;1004.73;73;46;0.68;1;60.11;21.67
2025-10-07 11:28:52;27.67;87915.00;42.00;1004.75;73;46;0.68;1;60.11;21.67
2025-10-07 11:28:53;27.68;88192.00;42.00;1004.75;73;46;0.68;1;60.11;21.68
2025-10-07 11:28:54;27.68;87823.00;42.00;1004.75;72;45;0.68;1;60.11;21.68
2025-10-07 11:28:55;27.68;87186.00;42.00;1004.73;72;45;0.68;1;60.11;21.68
2025-10-07 11:28:56;27.68;88657.00;42.00;1004.73;72;45;0.68;1;60.11;21.68
2025-10-07 11:28:57;27.69;88007.00;42.00;1004.70;75;46;0.69;1;60.10;21.69
2025-10-07 11:28:58;27.69;88007.00;42.00;1004.73;75;46;0.69;1;60.10;21.69
2025-10-07 11:28:59;27.70;87823.00;42.00;1004.70;75;46;0.69;1;60.10;21.70
2025-10-07 11:29:00;27.69;87732.00;42.00;1004.75;75;46;0.69;1;60.10;21.69
2025-10-07 11:29:01;27.70;87640.00;42.00;1004.73;75;46;0.69;1;60.10;21.70
2025-10-07 11:29:02;27.70;87732.00;42.00;1004.73;75;46;0.69;1;60.10;21.70
2025-10-07 11:29:03;27.70;87823.00;42.00;1004.73;73;46;0.68;1;60.10;21.70
2025-10-07 11:29:04;27.70;87915.00;42.00;1004.75;73;46;0.68;1;60.10;21.70
2025-10-07 11:29:05;27.70;87367.00;42.00;1004.75;73;46;0.68;1;60.10;21.70
2025-10-07 11:29:06;27.71;87549.00;42.00;1004.73;75;47;0.69;1;60.10;21.71
2025-10-07 11:29:07;27.71;88099.00;42.00;1004.70;75;47;0.69;1;60.10;21.71
2025-10-07 11:29:08;27.71;87276.00;42.00;1004.75;75;47;0.69;1;60.10;21.71
2025-10-07 11:29:09;27.71;87367.00;42.00;1004.73;76;47;0.70;1;60.10;21.71
2025-10-07 11:29:10;27.71;86915.00;42.00;1004.73;76;47;0.70;1;60.10;21.71
2025-10-07 11:29:11;27.72;88285.00;42.00;1004.73;76;47;0.70;1;60.10;21.72
2025-10-07 11:29:12;27.72;87549.00;42.00;1004.70;73;46;0.68;1;60.10;21.72
2025-10-07 11:29:13;27.72;87005.00;42.00;1004.73;73;46;0.68;1;60.10;21.72
2025-10-07 11:29:14;27.73;88285.00;42.00;1004.70;73;46;0.68;1;60.10;21.73
2025-10-07 11:29:15;27.72;87276.00;42.00;1004.70;76;47;0.70;1;60.10;21.72
2025-10-07 11:29:16;27.73;87005.00;42.00;1004.70;76;47;0.70;1;60.10;21.73
2025-10-07 11:29:17;27.73;87458.00;42.00;1004.70;76;47;0.70;1;60.10;21.73
2025-10-07 11:29:18;27.73;87005.00;42.00;1004.73;77;48;0.70;1;60.10;21.73
2025-10-07 11:29:19;27.73;87005.00;42.00;1004.73;77;48;0.70;1;60.10;21.73
2025-10-07 11:29:20;27.74;86736.00;42.00;1004.73;77;48;0.70;1;60.10;21.74
2025-10-07 11:29:21;27.74;87186.00;42.00;1004.70;80;49;0.72;1;60.10;21.74
2025-10-07 11:29:22;27.74;87186.00;42.00;1004.70;80;49;0.72;1;60.10;21.74
2025-10-07 11:29:23;27.75;87458.00;42.00;1004.70;80;49;0.72;1;60.09;21.75
2025-10-07 11:29:24;27.75;87367.00;42.00;1004.70;79;48;0.71;1;60.09;21.75
2025-10-07 11:29:25;27.75;87276.00;42.00;1004.75;79;48;0.71;1;60.09;21.75
2025-10-07 11:29:26;27.75;87367.00;42.00;1004.70;79;48;0.71;1;60.09;21.75
2025-10-07 11:29:27;27.76;87186.00;42.00;1004.73;79;48;0.71;1;60.09;21.76
2025-10-07 11:29:28;27.76;87367.00;42.00;1004.70;79;48;0.71;1;60.09;21.76
2025-10-07 11:29:29;27.76;87186.00;42.00;1004.70;79;48;0.71;1;60.09;21.76
2025-10-07 11:29:30;27.76;87276.00;42.00;1004.70;81;49;0.72;1;60.09;21.76
2025-10-07 11:29:31;27.76;87095.00;42.00;1004.70;81;49;0.72;1;60.09;21.76
2025-10-07 11:29:32;27.77;86915.00;42.00;1004.70;81;49;0.72;1;60.09;21.77
2025-10-07 11:29:33;27.77;87367.00;42.00;1004.73;81;49;0.72;1;60.09;21.77
2025-10-07 11:29:34;27.77;86915.00;42.00;1004.73;81;49;0.72;1;60.09;21.77
2025-10-07 11:29:35;27.77;86825.00;42.00;1004.70;81;49;0.72;1;60.09;21.77
2025-10-07 11:29:36;27.77;86468.00;42.00;1004.70;80;49;0.71;1;60.09;21.77
2025-10-07 11:29:37;27.78;86825.00;42.00;1004.70;80;49;0.71;1;60.09;21.78
2025-10-07 11:29:38;27.79;87095.00;42.00;1004.70;80;49;0.71;1;60.09;21.79
2025-10-07 11:29:39;27.78;86468.00;42.00;1004.70;81;49;0.72;1;60.09;21.78
2025-10-07 11:29:40;27.78;87095.00;42.00;1004.70;81;49;0.72;1;60.09;21.78
2025-10-07 11:29:41;27.79;87005.00;42.00;1004.70;81;49;0.72;1;60.09;21.79
2025-10-07 11:29:42;27.79;86646.00;42.00;1004.70;83;50;0.73;1;60.09;21.79
2025-10-07 11:29:43;27.79;86646.00;42.00;1004.73;83;50;0.73;1;60.09;21.79
2025-10-07 11:29:44;27.80;87005.00;42.00;1004.70;83;50;0.73;1;60.09;21.80
2025-10-07 11:29:45;27.80;86557.00;42.00;1004.70;84;50;0.73;1;60.09;21.80
2025-10-07 11:29:46;27.79;86379.00;42.00;1004.70;84;50;0.73;1;60.09;21.79
2025-10-07 11:29:47;27.80;87095.00;42.00;1004.70;84;50;0.73;1;60.09;21.80
2025-10-07 11:29:48;27.80;86736.00;42.00;1004.70;84;51;0.74;1;60.09;21.80
2025-10-07 11:29:49;27.81;86736.00;42.00;1004.70;84;51;0.74;1;60.08;21.81
2025-10-07 11:29:50;27.81;86379.00;42.00;1004.69;84;51;0.74;1;60.08;21.81
2025-10-07 11:29:51;27.80;86557.00;42.00;1004.69;84;50;0.74;1;60.09;21.80
2025-10-07 11:29:52;27.81;87367.00;42.00;1004.75;84;50;0.74;1;60.08;21.81
2025-10-07 11:29:53;27.82;86379.00;42.00;1004.75;84;50;0.74;1;60.08;21.82
2025-10-07 11:29:54;27.82;86290.00;42.00;1004.75;84;51;0.74;1;60.08;21.82
2025-10-07 11:29:55;27.82;86290.00;42.00;1004.73;84;51;0.74;1;60.08;21.82
2025-10-07 11:29:56;27.83;85850.00;42.00;1004.73;84;51;0.74;1;60.08;21.83
2025-10-07 11:29:57;27.82;87276.00;42.00;1004.73;85;51;0.74;1;60.08;21.82
2025-10-07 11:29:58;27.83;86379.00;42.00;1004.73;85;51;0.74;1;60.08;21.83
2025-10-07 11:29:59;27.83;86114.00;42.00;1004.73;85;51;0.74;1;60.08;21.83
2025-10-07 11:30:00;27.84;86379.00;42.00;1004.75;86;51;0.75;1;60.08;21.84
2025-10-07 11:30:01;27.84;86290.00;42.00;1004.75;86;51;0.75;1;60.08;21.84
2025-10-07 11:30:02;27.84;86202.00;42.00;1004.75;86;51;0.75;1;60.08;21.84
2025-10-07 11:30:03;27.84;86025.00;42.00;1004.75;88;52;0.75;1;60.08;21.84
2025-10-07 11:30:04;27.84;86202.00;42.00;1004.73;88;52;0.75;1;60.08;21.84
2025-10-07 11:30:05;27.84;86025.00;42.00;1004.73;88;52;0.75;1;60.08;21.84
2025-10-07 11:30:06;27.84;87005.00;42.00;1004.73;90;53;0.76;1;60.08;21.84
2025-10-07 11:30:07;27.85;85587.00;42.00;1004.73;90;53;0.76;1;60.08;21.85
2025-10-07 11:30:08;27.85;87005.00;42.00;1004.73;90;53;0.76;1;60.08;21.85
2025-10-07 11:30:09;27.86;86025.00;42.00;1004.73;90;53;0.77;1;60.08;21.86
2025-10-07 11:30:10;27.86;86557.00;42.00;1004.73;90;53;0.77;1;60.08;21.86
2025-10-07 11:30:11;27.86;86114.00;42.00;1004.75;90;53;0.77;1;60.08;21.86
2025-10-07 11:30:12;27.86;86379.00;42.00;1004.73;89;53;0.76;1;60.08;21.86
2025-10-07 11:30:13;27.86;86646.00;42.00;1004.73;89;53;0.76;1;60.08;21.86
2025-10-07 11:30:14;27.87;85414.00;42.00;1004.73;89;53;0.76;1;60.08;21.87
2025-10-07 11:30:15;27.87;86825.00;42.00;1004.73;87;52;0.75;1;60.08;21.87
2025-10-07 11:30:16;27.87;86202.00;42.00;1004.73;87;52;0.75;1;60.08;21.87
2025-10-07 11:30:17;27.87;85587.00;42.00;1004.73;87;52;0.75;1;60.08;21.87
2025-10-07 11:30:18;27.87;85938.00;42.00;1004.75;86;51;0.75;1;60.08;21.87
2025-10-07 11:30:19;27.87;86736.00;42.00;1004.75;86;51;0.75;1;60.08;21.87
2025-10-07 11:30:20;27.87;85938.00;42.00;1004.73;86;51;0.75;1;60.08;21.87
2025-10-07 11:30:21;27.88;86646.00;42.00;1004.73;85;51;0.74;1;60.07;21.88
2025-10-07 11:30:22;27.88;85500.00;42.00;1004.73;85;51;0.74;1;60.07;21.88
2025-10-07 11:30:23;27.88;85587.00;42.00;1004.73;85;51;0.74;1;60.07;21.88
2025-10-07 11:30:24;27.88;85762.00;42.00;1004.73;89;53;0.76;1;60.07;21.88
2025-10-07 11:30:25;27.89;85414.00;42.00;1004.73;89;53;0.76;1;60.07;21.89
2025-10-07 11:30:26;27.89;86202.00;42.00;1004.75;89;53;0.76;1;60.07;21.89
2025-10-07 11:30:27;27.89;86202.00;42.00;1004.75;89;52;0.76;1;60.07;21.89
2025-10-07 11:30:28;27.89;85414.00;42.00;1004.73;89;52;0.76;1;60.07;21.89
2025-10-07 11:30:29;27.90;85587.00;42.00;1004.73;89;52;0.76;1;60.07;21.90
2025-10-07 11:30:30;27.90;85500.00;42.00;1004.73;89;53;0.76;1;60.07;21.90
2025-10-07 11:30:31;27.90;86468.00;42.00;1004.73;89;53;0.76;1;60.07;21.90
2025-10-07 11:30:32;27.90;85675.00;42.00;1004.73;89;53;0.76;1;60.07;21.90
2025-10-07 11:30:33;27.90;85414.00;42.00;1004.73;92;54;0.78;1;60.07;21.90
2025-10-07 11:30:34;27.91;85587.00;42.00;1004.73;92;54;0.78;1;60.07;21.91
2025-10-07 11:30:35;27.91;85327.00;42.00;1004.70;92;54;0.78;1;60.07;21.91
2025-10-07 11:30:36;27.91;85414.00;42.00;1004.75;94;55;0.79;1;60.07;21.91
2025-10-07 11:30:37;27.91;85587.00;42.00;1004.73;94;55;0.79;1;60.07;21.91
2025-10-07 11:30:38;27.91;85938.00;42.00;1004.75;94;55;0.79;1;60.07;21.91
2025-10-07 11:30:39;27.92;85675.00;42.00;1004.73;94;55;0.79;1;60.07;21.92
2025-10-07 11:30:40;27.92;85587.00;42.00;1004.73;94;55;0.79;1;60.07;21.92
2025-10-07 11:30:41;27.92;86114.00;42.00;1004.73;94;55;0.79;1;60.07;21.92
2025-10-07 11:30:42;27.93;85762.00;42.00;1004.70;93;55;0.78;1;60.07;21.93
2025-10-07 11:30:43;27.93;85938.00;42.00;1004.70;93;55;0.78;1;60.07;21.93
2025-10-07 11:30:44;27.93;85327.00;42.00;1004.73;93;55;0.78;1;60.07;21.93
2025-10-07 11:30:45;27.93;85327.00;42.00;1004.69;93;55;0.78;1;60.07;21.93
2025-10-07 11:30:46;27.93;85068.00;42.00;1004.73;95;55;0.79;1;60.07;21.93
2025-10-07 11:30:47;27.94;85327.00;42.00;1004.73;95;55;0.79;1;60.06;21.94
2025-10-07 11:30:48;27.94;85154.00;42.00;1004.73;95;55;0.79;1;60.06;21.94
2025-10-07 11:30:49;27.94;85414.00;42.00;1004.73;97;56;0.80;1;60.06;21.94
2025-10-07 11:30:50;27.94;85938.00;42.00;1004.73;97;56;0.80;1;60.06;21.94
2025-10-07 11:30:51;27.95;85850.00;42.00;1004.73;97;56;0.80;1;60.06;21.95
2025-10-07 11:30:52;27.95;84982.00;42.00;1004.73;95;55;0.79;1;60.06;21.95
2025-10-07 11:30:53;27.95;85762.00;42.00;1004.73;95;55;0.79;1;60.06;21.95
2025-10-07 11:30:54;27.95;85240.00;42.00;1004.73;95;55;0.79;1;60.06;21.95
2025-10-07 11:30:55;27.96;85414.00;42.00;1004.73;96;56;0.80;1;60.06;21.96
2025-10-07 11:30:56;27.96;84896.00;42.00;1004.73;96;56;0.80;1;60.06;21.96
2025-10-07 11:30:57;27.95;84639.00;42.00;1004.70;96;56;0.80;1;60.06;21.95
2025-10-07 11:30:58;27.96;85327.00;42.00;1004.73;99;57;0.81;1;60.06;21.96
2025-10-07 11:30:59;27.96;85414.00;42.00;1004.73;99;57;0.81;1;60.06;21.96
2025-10-07 11:31:00;27.97;85587.00;42.00;1004.70;99;57;0.81;1;60.06;21.97
2025-10-07 11:31:01;27.96;85850.00;42.00;1004.70;97;56;0.80;1;60.06;21.96
2025-10-07 11:31:02;27.97;85587.00;42.00;1004.69;97;56;0.80;1;60.06;21.97
2025-10-07 11:31:03;27.97;85850.00;42.00;1004.69;97;56;0.80;1;60.06;21.97
2025-10-07 11:31:04;27.97;85327.00;42.00;1004.70;95;55;0.79;1;60.06;21.97
2025-10-07 11:31:05;27.98;85327.00;41.00;1004.70;95;55;0.79;1;58.63;21.98
2025-10-07 11:31:06;27.98;85414.00;41.00;1004.70;95;55;0.79;1;58.63;21.98
2025-10-07 11:31:07;27.99;85154.00;41.00;1004.70;96;56;0.79;1;58.63;21.99
2025-10-07 11:31:08;27.98;84725.00;42.00;1004.70;96;56;0.79;1;60.06;21.98
2025-10-07 11:31:09;27.99;85154.00;41.00;1004.70;96;56;0.79;1;58.63;21.99
2025-10-07 11:31:10;27.98;85414.00;41.00;1004.70;98;56;0.80;1;58.63;21.98
2025-10-07 11:31:11;27.99;84725.00;41.00;1004.70;98;56;0.80;1;58.63;21.99
2025-10-07 11:31:12;27.99;84554.00;41.00;1004.73;98;56;0.80;1;58.63;21.99
2025-10-07 11:31:13;27.99;85762.00;41.00;1004.73;101;58;0.82;1;58.63;21.99
2025-10-07 11:31:14;28.00;85240.00;42.00;1004.70;101;58;0.82;1;60.05;22.00
2025-10-07 11:31:15;28.00;84725.00;41.00;1004.73;101;58;0.82;1;58.62;22.00
2025-10-07 11:31:16;28.00;84554.00;41.00;1004.70;103;59;0.84;1;58.62;22.00
2025-10-07 11:31:17;28.00;84384.00;41.00;1004.70;103;59;0.84;1;58.62;22.00
2025-10-07 11:31:18;28.00;85675.00;41.00;1004.70;103;59;0.84;1;58.62;22.00
2025-10-07 11:31:19;28.01;84896.00;41.00;1004.70;102;59;0.83;1;58.62;22.01
2025-10-07 11:31:20;28.01;84896.00;41.00;1004.69;102;59;0.83;1;58.62;22.01
2025-10-07 11:31:21;28.01;85068.00;41.00;1004.73;102;59;0.83;1;58.62;22.01
2025-10-07 11:31:22;28.01;85240.00;41.00;1004.73;103;59;0.84;1;58.62;22.01
2025-10-07 11:31:23;28.02;84896.00;41.00;1004.70;103;59;0.84;1;58.62;22.02
2025-10-07 11:31:24;28.02;84982.00;41.00;1004.70;103;59;0.84;1;58.62;22.02
2025-10-07 11:31:25;28.02;84725.00;41.00;1004.70;103;59;0.84;1;58.62;22.02
2025-10-07 11:31:26;28.02;84554.00;41.00;1004.70;103;59;0.84;1;58.62;22.02
2025-10-07 11:31:27;28.02;85154.00;41.00;1004.70;103;59;0.84;1;58.62;22.02
2025-10-07 11:31:28;28.02;85154.00;41.00;1004.69;104;59;0.84;1;58.62;22.02
2025-10-07 11:31:29;28.03;84810.00;41.00;1004.70;104;59;0.84;1;58.62;22.03
2025-10-07 11:31:30;28.03;84810.00;41.00;1004.75;104;59;0.84;1;58.62;22.03
2025-10-07 11:31:31;28.03;84810.00;41.00;1004.73;106;60;0.85;1;58.62;22.03
2025-10-07 11:31:32;28.03;84554.00;41.00;1004.75;106;60;0.85;1;58.62;22.03
2025-10-07 11:31:33;28.03;84639.00;41.00;1004.73;106;60;0.85;1;58.62;22.03
2025-10-07 11:31:34;28.04;84469.00;41.00;1004.73;108;61;0.86;1;58.62;22.04
2025-10-07 11:31:35;28.04;84639.00;41.00;1004.73;108;61;0.86;1;58.62;22.04
2025-10-07 11:31:36;28.04;84384.00;41.00;1004.73;108;61;0.86;1;58.62;22.04
2025-10-07 11:31:37;28.04;84896.00;41.00;1004.73;110;62;0.88;1;58.62;22.04
2025-10-07 11:31:38;28.05;84384.00;41.00;1004.73;110;62;0.88;1;58.62;22.05
2025-10-07 11:31:39;28.05;84469.00;41.00;1004.73;110;62;0.88;1;58.62;22.05
2025-10-07 11:31:40;28.05;84725.00;41.00;1004.73;111;62;0.88;1;58.62;22.05
2025-10-07 11:31:41;28.05;84725.00;41.00;1004.75;111;62;0.88;1;58.62;22.05
2025-10-07 11:31:42;28.05;83963.00;41.00;1004.73;111;62;0.88;1;58.62;22.05
2025-10-07 11:31:43;28.05;84300.00;41.00;1004.73;115;64;0.90;1;58.62;22.05
2025-10-07 11:31:44;28.05;84896.00;41.00;1004.73;115;64;0.90;1;58.62;22.05
2025-10-07 11:31:45;28.06;84047.00;41.00;1004.73;115;64;0.90;1;58.62;22.06
2025-10-07 11:31:46;28.06;84554.00;41.00;1004.73;117;65;0.91;1;58.62;22.06
2025-10-07 11:31:47;28.06;84215.00;41.00;1004.73;117;65;0.91;1;58.62;22.06
2025-10-07 11:31:48;28.07;84300.00;41.00;1004.73;117;65;0.91;1;58.61;22.07
2025-10-07 11:31:49;28.07;84384.00;41.00;1004.73;120;66;0.94;1;58.61;22.07
2025-10-07 11:31:50;28.07;84047.00;41.00;1004.70;120;66;0.94;1;58.61;22.07
2025-10-07 11:31:51;28.07;83963.00;41.00;1004.75;120;66;0.94;1;58.61;22.07
2025-10-07 11:31:52;28.07;83879.00;41.00;1004.70;120;66;0.93;1;58.61;22.07
2025-10-07 11:31:53;28.07;84215.00;41.00;1004.73;120;66;0.93;1;58.61;22.07
2025-10-07 11:31:54;28.07;83963.00;41.00;1004.73;120;66;0.93;1;58.61;22.07
2025-10-07 11:31:55;28.08;84131.00;41.00;1004.70;119;66;0.93;1;58.61;22.08
2025-10-07 11:31:56;28.08;84131.00;41.00;1004.70;119;66;0.93;1;58.61;22.08
2025-10-07 11:31:57;28.08;84131.00;41.00;1004.73;119;66;0.93;1;58.61;22.08
2025-10-07 11:31:58;28.08;83879.00;41.00;1004.70;119;66;0.93;1;58.61;22.08
2025-10-07 11:31:59;28.08;83963.00;41.00;1004.70;119;66;0.93;1;58.61;22.08
2025-10-07 11:32:00;28.09;84554.00;41.00;1004.70;119;66;0.93;1;58.61;22.09
2025-10-07 11:32:01;28.09;83215.00;41.00;1004.70;120;66;0.93;1;58.61;22.09
2025-10-07 11:32:02;28.09;84300.00;41.00;1004.73;120;66;0.93;1;58.61;22.09
2025-10-07 11:32:03;28.09;83546.00;41.00;1004.73;120;66;0.93;1;58.61;22.09
2025-10-07 11:32:04;28.10;83879.00;41.00;1004.73;121;66;0.94;1;58.61;22.10
2025-10-07 11:32:05;28.10;84047.00;41.00;1004.73;121;66;0.94;1;58.61;22.10
2025-10-07 11:32:06;28.10;84047.00;41.00;1004.70;121;66;0.94;1;58.61;22.10
2025-10-07 11:32:07;28.10;83795.00;41.00;1004.73;121;67;0.94;1;58.61;22.10
2025-10-07 11:32:08;28.11;83712.00;41.00;1004.70;121;67;0.94;1;58.61;22.11
2025-10-07 11:32:09;28.11;84131.00;41.00;1004.73;121;67;0.94;1;58.61;22.11
2025-10-07 11:32:10;28.11;83795.00;41.00;1004.69;119;66;0.93;1;58.61;22.11
2025-10-07 11:32:11;28.12;83879.00;41.00;1004.75;119;66;0.93;1;58.61;22.12
2025-10-07 11:32:12;28.12;83629.00;41.00;1004.73;119;66;0.93;1;58.61;22.12
2025-10-07 11:32:13;28.12;83879.00;41.00;1004.73;122;67;0.95;1;58.61;22.12
2025-10-07 11:32:14;28.12;83879.00;41.00;1004.73;122;67;0.95;1;58.61;22.12
2025-10-07 11:32:15;28.13;83380.00;41.00;1004.73;122;67;0.95;1;58.60;22.13
2025-10-07 11:32:16;28.13;83546.00;41.00;1004.70;125;68;0.97;1;58.60;22.13
2025-10-07 11:32:17;28.13;83463.00;41.00;1004.70;125;68;0.97;1;58.60;22.13
2025-10-07 11:32:18;28.13;83546.00;41.00;1004.70;125;68;0.97;1;58.60;22.13
2025-10-07 11:32:19;28.12;83795.00;41.00;1004.69;128;70;0.98;1;58.61;22.12
2025-10-07 11:32:20;28.13;83380.00;41.00;1004.70;128;70;0.98;1;58.60;22.13
2025-10-07 11:32:21;28.13;83380.00;41.00;1004.73;128;70;0.98;1;58.60;22.13
2025-10-07 11:32:22;28.13;84300.00;41.00;1004.70;126;69;0.97;1;58.60;22.13
2025-10-07 11:32:23;28.13;83546.00;41.00;1004.73;126;69;0.97;1;58.60;22.13
2025-10-07 11:32:24;28.14;83629.00;41.00;1004.70;126;69;0.97;1;58.60;22.14
2025-10-07 11:32:25;28.14;83215.00;41.00;1004.70;126;69;0.97;1;58.60;22.14
2025-10-07 11:32:26;28.14;83629.00;41.00;1004.70;126;69;0.97;1;58.60;22.14
2025-10-07 11:32:27;28.15;83712.00;41.00;1004.70;126;69;0.97;1;58.60;22.15
2025-10-07 11:32:28;28.15;83629.00;41.00;1004.70;126;69;0.97;1;58.60;22.15
2025-10-07 11:32:29;28.14;83297.00;41.00;1004.70;126;69;0.97;1;58.60;22.14
2025-10-07 11:32:30;28.15;82968.00;41.00;1004.69;126;69;0.97;1;58.60;22.15
2025-10-07 11:32:31;28.15;83215.00;41.00;1004.73;130;70;1.00;1;58.60;22.15
2025-10-07 11:32:32;28.15;83380.00;41.00;1004.73;130;70;1.00;1;58.60;22.15
2025-10-07 11:32:33;28.16;83546.00;41.00;1004.73;130;70;1.00;1;58.60;22.16
2025-10-07 11:32:34;28.16;82642.00;41.00;1004.70;130;71;1.00;1;58.60;22.16
2025-10-07 11:32:35;28.16;83050.00;41.00;1004.70;130;71;1.00;1;58.60;22.16
2025-10-07 11:32:36;28.16;83380.00;41.00;1004.70;130;71;1.00;1;58.60;22.16
2025-10-07 11:32:37;28.16;83712.00;41.00;1004.70;131;71;1.01;1;58.60;22.16
