timestamp;temperature;gas;humidity;barometer;IAQ;IAQ_S;VOCS;accuracy;humidty_corrected;temp_corrected
2025-10-07 12:53:14;21.96;45191.00;56.00;1004.98;192;384;115.11;3;81.42;15.96
2025-10-07 12:53:14;21.97;45046.00;56.00;1004.95;192;384;115.11;3;81.42;15.97
2025-10-07 12:53:14;21.97;45240.00;56.00;1005.01;193;385;116.82;3;81.42;15.97
2025-10-07 12:53:14;21.98;45240.00;56.00;1005.00;193;385;116.82;3;81.41;15.98
2025-10-07 12:53:14;21.98;44663.00;22.08;44806.00;56.00;1005.00;196;393;130.40;3;81.39;16.08
2025-10-07 12:53:15;22.08;44711.00;56.00;1004.98;196;393;130.40;3;81.39;16.08
2025-10-07 12:53:16;22.09;44381.00;56.00;1005.00;197;394;132.76;3;81.39;16.09
2025-10-07 12:53:17;22.10;44381.00;56.00;1004.98;197;394;132.76;3;81.39;16.10
2025-10-07 12:53:18;22.11;44663.00;56.00;1005.00;197;394;132.76;3;81.38;16.11
2025-10-07 12:53:19;22.12;44806.00;56.00;1004.98;197;395;135.29;3;81.38;16.12
2025-10-07 12:53:20;22.12;44522.00;56.00;1004.95;197;395;135.29;3;81.38;16.12
2025-10-07 12:53:21;22.13;44711.00;56.00;1004.98;197;395;135.29;3;81.38;16.13
2025-10-07 12:53:22;22.14;44287.00;56.00;1004.95;197;394;132.86;3;81.38;16.14
2025-10-07 12:53:23;22.15;44381.00;56.00;1004.98;197;394;132.86;3;81.37;16.15
2025-10-07 12:53:24;22.16;44241.00;56.00;1004.98;197;394;132.86;3;81.37;16.16
2025-10-07 12:53:25;22.16;44148.00;56.00;1004.95;197;395;135.76;3;81.37;16.16
2025-10-07 12:53:26;22.17;44616.00;56.00;1004.98;197;395;135.76;3;81.37;16.17
2025-10-07 12:53:27;22.18;44194.00;56.00;1004.95;197;395;135.76;3;81.37;16.18
2025-10-07 12:53:28;22.19;43963.00;56.00;1004.94;198;396;136.97;3;81.37;16.19
2025-10-07 12:53:29;22.20;44102.00;56.00;1004.98;198;396;136.97;3;81.36;16.20
2025-10-07 12:53:30;22.21;44148.00;56.00;1005.01;198;396;136.97;3;81.36;16.21
2025-10-07 12:53:31;22.22;44055.00;56.00;1004.98;198;396;137.99;3;81.36;16.22
2025-10-07 12:53:32;22.23;43963.00;56.00;1005.00;198;396;137.99;3;81.36;16.23
2025-10-07 12:53:33;22.24;44102.00;56.00;1004.98;198;396;137.99;3;81.35;16.24
2025-10-07 12:53:34;22.25;44148.00;56.00;1005.00;199;398;141.98;3;81.35;16.25
2025-10-07 12:53:35;22.26;44055.00;56.00;1005.00;199;398;141.98;3;81.35;16.26
2025-10-07 12:53:36;22.27;43917.00;56.00;1005.00;199;398;141.98;3;81.35;16.27
2025-10-07 12:53:37;22.27;43963.00;56.00;1005.00;199;399;142.82;3;81.35;16.27
2025-10-07 12:53:38;22.28;43689.00;56.00;1004.98;199;399;142.82;3;81.34;16.28
2025-10-07 12:53:39;22.29;43780.00;56.00;1005.00;199;399;142.82;3;81.34;16.29
2025-10-07 12:53:40;22.30;43689.00;56.00;1004.95;199;398;142.13;3;81.34;16.30
2025-10-07 12:53:41;22.31;43735.00;56.00;1005.00;199;398;142.13;3;81.34;16.31
2025-10-07 12:53:42;22.32;43826.00;56.00;1005.00;199;398;142.13;3;81.34;16.32
2025-10-07 12:53:43;22.32;43464.00;56.00;1004.95;200;400;146.42;3;81.34;16.32
2025-10-07 12:53:44;22.32;43329.00;56.00;1004.98;200;400;146.42;3;81.34;16.32
2025-10-07 12:53:45;22.34;44055.00;56.00;1004.98;200;400;146.42;3;81.33;16.34
2025-10-07 12:53:46;22.34;44009.00;56.00;1004.98;199;400;144.89;3;81.33;16.34
2025-10-07 12:53:47;22.35;43780.00;56.00;1004.98;199;400;144.89;3;81.33;16.35
2025-10-07 12:53:48;22.36;43689.00;56.00;1004.98;199;400;144.89;3;81.33;16.36
2025-10-07 12:53:49;22.37;43464.00;56.00;1004.98;200;401;147.92;3;81.32;16.37
2025-10-07 12:53:50;22.37;43374.00;56.00;1004.95;200;401;147.92;3;81.32;16.37
2025-10-07 12:53:51;22.38;43419.00;56.00;1004.98;200;401;147.92;3;81.32;16.38
2025-10-07 12:53:52;22.40;43196.00;56.00;1005.01;200;401;147.92;3;81.32;16.40
2025-10-07 12:53:53;22.41;43509.00;56.00;1005.00;201;403;152.01;3;81.31;16.41
2025-10-07 12:53:54;22.41;43735.00;56.00;1004.98;201;403;152.01;3;81.31;16.41
2025-10-07 12:53:55;22.42;43509.00;56.00;1005.00;201;403;152.01;3;81.31;16.42
2025-10-07 12:53:56;22.43;43374.00;56.00;1005.00;201;403;152.01;3;81.31;16.43
2025-10-07 12:53:57;22.44;43196.00;56.00;1005.00;201;403;152.01;3;81.31;16.44
2025-10-07 12:53:58;22.45;42975.00;56.00;1005.00;201;403;152.01;3;81.31;16.45
2025-10-07 12:53:59;22.46;43419.00;56.00;1005.00;202;405;156.25;3;81.30;16.46
2025-10-07 12:54:00;22.46;43285.00;56.00;1005.00;202;405;156.25;3;81.30;16.46
2025-10-07 12:54:01;22.47;42800.00;56.00;1004.98;202;405;156.25;3;81.30;16.47
2025-10-07 12:54:02;22.48;43152.00;56.00;1005.00;202;406;160.52;3;81.30;16.48
2025-10-07 12:54:03;22.49;43240.00;56.00;1004.98;202;406;160.52;3;81.30;16.49
2025-10-07 12:54:04;22.50;43107.00;56.00;1005.00;202;406;160.52;3;81.29;16.50
2025-10-07 12:54:05;22.51;43329.00;56.00;1004.98;202;406;160.48;3;81.29;16.51
2025-10-07 12:54:06;22.52;42757.00;56.00;1005.00;202;406;160.48;3;81.29;16.52
2025-10-07 12:54:07;22.53;42714.00;56.00;1004.98;202;406;160.48;3;81.29;16.53
2025-10-07 12:54:08;22.54;43329.00;56.00;1004.95;203;408;163.66;3;81.28;16.54
2025-10-07 12:54:09;22.54;43152.00;56.00;1004.98;203;408;163.66;3;81.28;16.54
2025-10-07 12:54:10;22.56;42975.00;56.00;1004.98;203;408;163.66;3;81.28;16.56
2025-10-07 12:54:11;22.56;43152.00;56.00;1004.98;203;407;163.19;3;81.28;16.56
2025-10-07 12:54:12;22.57;42757.00;56.00;1004.95;203;407;163.19;3;81.28;16.57
2025-10-07 12:54:13;22.58;42757.00;56.00;1004.98;203;407;163.19;3;81.28;16.58
2025-10-07 12:54:14;22.59;42455.00;56.00;1004.98;203;408;164.53;3;81.27;16.59
2025-10-07 12:54:15;22.60;42975.00;56.00;1004.98;203;408;164.53;3;81.27;16.60
2025-10-07 12:54:16;22.61;42975.00;56.00;1004.95;203;408;164.53;3;81.27;16.61
2025-10-07 12:54:17;22.62;42757.00;56.00;1004.98;203;408;165.51;3;81.27;16.62
2025-10-07 12:54:18;22.62;42757.00;56.00;1004.98;203;408;165.51;3;81.27;16.62
2025-10-07 12:54:19;22.63;42455.00;56.00;1005.00;203;408;165.51;3;81.26;16.63
2025-10-07 12:54:20;22.64;42327.00;56.00;1004.98;204;409;168.29;3;81.26;16.64
2025-10-07 12:54:21;22.65;42584.00;56.00;1004.98;204;409;168.29;3;81.26;16.65
2025-10-07 12:54:22;22.67;42327.00;56.00;1004.95;204;409;168.29;3;81.25;16.67
2025-10-07 12:54:23;22.67;42455.00;56.00;1004.95;205;411;171.88;3;81.25;16.67
2025-10-07 12:54:24;22.68;42327.00;56.00;1004.95;205;411;171.88;3;81.25;16.68
2025-10-07 12:54:25;22.69;42412.00;56.00;1004.94;205;411;171.88;3;81.25;16.69
2025-10-07 12:54:26;22.70;42541.00;56.00;1004.95;205;411;172.39;3;81.25;16.70
2025-10-07 12:54:27;22.71;42541.00;56.00;1004.95;205;411;172.39;3;81.25;16.71
2025-10-07 12:54:28;22.72;42327.00;56.00;1004.95;205;411;172.39;3;81.24;16.72
2025-10-07 12:54:29;22.73;42714.00;56.00;1004.94;205;411;172.79;3;81.24;16.73
2025-10-07 12:54:30;22.74;42284.00;56.00;1004.95;205;411;172.79;3;81.24;16.74
2025-10-07 12:54:31;22.75;42199.00;56.00;1004.94;205;411;172.79;3;81.24;16.75
2025-10-07 12:54:32;22.76;42199.00;56.00;1004.98;205;412;173.91;3;81.23;16.76
2025-10-07 12:54:33;22.76;42031.00;56.00;1004.94;205;412;173.91;3;81.23;16.76
2025-10-07 12:54:34;22.78;42199.00;56.00;1004.95;205;412;173.91;3;81.23;16.78
2025-10-07 12:54:35;22.78;42199.00;56.00;1004.94;205;412;174.71;3;81.23;16.78
2025-10-07 12:54:36;22.79;42199.00;56.00;1004.94;205;412;174.71;3;81.23;16.79
2025-10-07 12:54:37;22.80;42369.00;56.00;1004.94;205;412;174.71;3;81.22;16.80
2025-10-07 12:54:38;22.81;41822.00;56.00;1004.91;205;413;176.55;3;81.22;16.81
2025-10-07 12:54:39;22.82;41780.00;56.00;1004.91;205;413;176.55;3;81.22;16.82
2025-10-07 12:54:40;22.83;42199.00;56.00;1004.94;205;413;176.55;3;81.22;16.83
2025-10-07 12:54:41;22.84;42031.00;56.00;1004.98;205;412;175.74;3;81.22;16.84
2025-10-07 12:54:42;22.85;41905.00;56.00;1004.95;205;412;175.74;3;81.21;16.85
2025-10-07 12:54:43;22.86;41905.00;56.00;1004.98;205;412;175.74;3;81.21;16.86
2025-10-07 12:54:44;22.87;42284.00;56.00;1004.95;205;412;175.20;3;81.21;16.87
2025-10-07 12:54:45;22.88;42031.00;56.00;1004.98;205;412;175.20;3;81.21;16.88
2025-10-07 12:54:46;22.89;41947.00;56.00;1005.00;205;412;175.20;3;81.20;16.89
2025-10-07 12:54:47;22.90;42157.00;56.00;1004.98;205;412;176.07;3;81.20;16.90
2025-10-07 12:54:48;22.91;41780.00;56.00;1004.95;205;412;176.07;3;81.20;16.91
2025-10-07 12:54:49;22.92;41905.00;56.00;1004.98;205;412;176.07;3;81.20;16.92
2025-10-07 12:54:50;22.93;42199.00;56.00;1004.98;205;412;173.75;3;81.19;16.93
2025-10-07 12:54:51;22.94;42157.00;56.00;1004.98;205;412;173.75;3;81.19;16.94
2025-10-07 12:54:52;22.95;42284.00;56.00;1004.95;205;412;173.75;3;81.19;16.95
2025-10-07 12:54:53;22.95;42031.00;56.00;1004.98;204;410;170.12;3;81.19;16.95
2025-10-07 12:54:54;22.96;41864.00;56.00;1004.95;204;410;170.12;3;81.19;16.96
2025-10-07 12:54:55;22.97;42073.00;56.00;1004.95;204;410;170.12;3;81.19;16.97
2025-10-07 12:54:56;22.98;41864.00;56.00;1004.95;205;411;173.34;3;81.18;16.98
2025-10-07 12:54:57;22.99;41739.00;56.00;1004.98;205;411;173.34;3;81.18;16.99
2025-10-07 12:54:58;23.00;41615.00;56.00;1004.98;205;411;173.34;3;81.18;17.00
2025-10-07 12:54:59;23.01;41822.00;56.00;1004.95;205;411;173.51;3;81.18;17.01
2025-10-07 12:55:00;23.02;42073.00;56.00;1004.95;205;411;173.51;3;81.17;17.02
2025-10-07 12:55:01;23.03;41864.00;56.00;1004.94;205;411;173.51;3;81.17;17.03
2025-10-07 12:55:02;23.03;41822.00;56.00;1004.95;205;411;172.38;3;81.17;17.03
2025-10-07 12:55:03;23.04;41656.00;56.00;1004.95;205;411;172.38;3;81.17;17.04
2025-10-07 12:55:04;23.06;41370.00;56.00;1004.98;205;411;172.38;3;81.16;17.06
2025-10-07 12:55:05;23.06;41947.00;56.00;1004.98;205;412;174.42;3;81.16;17.06
2025-10-07 12:55:06;23.07;41864.00;56.00;1004.95;205;412;174.42;3;81.16;17.07
2025-10-07 12:55:07;23.09;41492.00;56.00;1004.98;205;412;174.42;3;81.16;17.09
2025-10-07 12:55:08;23.09;41822.00;56.00;1004.98;205;412;176.23;3;81.16;17.09
2025-10-07 12:55:09;23.10;41822.00;56.00;1004.95;205;412;176.23;3;81.16;17.10
2025-10-07 12:55:10;23.11;41410.00;56.00;1004.98;205;412;176.23;3;81.15;17.11
2025-10-07 12:55:11;23.12;41989.00;56.00;1004.98;205;411;173.35;3;81.15;17.12
2025-10-07 12:55:12;23.13;41822.00;56.00;1004.98;205;411;173.35;3;81.15;17.13
2025-10-07 12:55:13;23.14;41574.00;56.00;1004.98;205;411;173.35;3;81.15;17.14
2025-10-07 12:55:14;23.15;41370.00;56.00;1004.98;205;411;173.38;3;81.14;17.15
2025-10-07 12:55:15;23.15;41451.00;56.00;1004.98;205;411;173.38;3;81.14;17.15
2025-10-07 12:55:16;23.16;41656.00;56.00;1004.95;205;411;173.38;3;81.14;17.16
2025-10-07 12:55:17;23.17;41492.00;56.00;1004.98;205;412;175.00;3;81.14;17.17
2025-10-07 12:55:18;23.18;41698.00;56.00;1004.95;205;412;175.00;3;81.14;17.18
2025-10-07 12:55:19;23.19;41698.00;56.00;1004.94;205;412;175.00;3;81.14;17.19
2025-10-07 12:55:20;23.20;41329.00;56.00;1004.94;206;413;177.76;3;81.13;17.20
2025-10-07 12:55:21;23.21;41410.00;56.00;1004.91;206;413;177.76;3;81.13;17.21
2025-10-07 12:55:22;23.22;41574.00;56.00;1004.94;206;413;177.76;3;81.13;17.22
2025-10-07 12:55:23;23.22;41451.00;56.00;1004.91;206;413;178.38;3;81.13;17.22
2025-10-07 12:55:24;23.23;41167.00;56.00;1004.94;206;413;178.38;3;81.13;17.23
2025-10-07 12:55:25;23.24;41492.00;56.00;1004.94;206;413;178.38;3;81.12;17.24
2025-10-07 12:55:26;23.26;41167.00;56.00;1004.94;206;413;176.27;3;81.12;17.26
2025-10-07 12:55:27;23.26;41207.00;56.00;1004.91;206;413;176.27;3;81.12;17.26
2025-10-07 12:55:28;23.27;41492.00;56.00;1004.95;206;413;176.27;3;81.12;17.27
2025-10-07 12:55:29;23.28;41370.00;56.00;1004.94;205;412;175.19;3;81.11;17.28
2025-10-07 12:55:30;23.29;41533.00;56.00;1004.95;205;412;175.19;3;81.11;17.29
2025-10-07 12:55:31;23.30;41410.00;56.00;1004.94;205;412;175.19;3;81.11;17.30
2025-10-07 12:55:32;23.31;41288.00;56.00;1004.91;206;413;176.47;3;81.11;17.31
2025-10-07 12:55:33;23.32;41329.00;56.00;1004.94;206;413;176.47;3;81.11;17.32
2025-10-07 12:55:34;23.32;41329.00;56.00;1004.91;206;413;176.47;3;81.11;17.32
2025-10-07 12:55:35;23.34;41087.00;56.00;1004.94;206;413;177.72;3;81.10;17.34
2025-10-07 12:55:36;23.35;41288.00;56.00;1004.95;206;413;177.72;3;81.10;17.35
2025-10-07 12:55:37;23.36;41207.00;56.00;1004.94;206;413;177.72;3;81.10;17.36
2025-10-07 12:55:38;23.36;41207.00;56.00;1004.91;206;414;179.76;3;81.10;17.36
2025-10-07 12:55:39;23.36;40650.00;56.00;1004.91;206;414;179.76;3;81.10;17.36
2025-10-07 12:55:40;23.37;40967.00;56.00;1004.91;206;414;179.76;3;81.09;17.37
2025-10-07 12:55:41;23.39;41207.00;56.00;1004.94;206;414;179.03;3;81.09;17.39
2025-10-07 12:55:42;23.39;41007.00;56.00;1004.91;206;414;179.03;3;81.09;17.39
2025-10-07 12:55:43;23.40;41087.00;56.00;1004.91;206;414;179.03;3;81.09;17.40
2025-10-07 12:55:44;23.41;41167.00;55.00;1004.91;206;414;179.33;3;79.64;17.41
2025-10-07 12:55:45;23.42;40768.00;56.00;1004.94;206;414;179.33;3;81.08;17.42
2025-10-07 12:55:46;23.43;41007.00;55.00;1004.91;206;414;179.33;3;79.63;17.43
2025-10-07 12:55:47;23.44;40808.00;55.00;1004.91;206;414;179.33;3;79.63;17.44
2025-10-07 12:55:48;23.44;41492.00;55.00;1004.91;207;415;183.04;3;79.63;17.44
2025-10-07 12:55:49;23.46;40887.00;55.00;1004.94;207;415;183.04;3;79.63;17.46
2025-10-07 12:55:50;23.47;40847.00;55.00;1004.91;207;415;183.04;3;79.62;17.47
2025-10-07 12:55:51;23.47;41167.00;55.00;1004.91;207;416;184.94;3;79.62;17.47
2025-10-07 12:55:52;23.48;41087.00;55.00;1004.95;207;416;184.94;3;79.62;17.48
2025-10-07 12:55:53;23.49;40768.00;55.00;1004.94;207;416;184.94;3;79.62;17.49
2025-10-07 12:55:54;23.50;40967.00;55.00;1004.95;207;416;186.85;3;79.62;17.50
2025-10-07 12:55:55;23.51;41007.00;56.00;1004.94;207;416;186.85;3;81.06;17.51
2025-10-07 12:55:56;23.53;40689.00;55.00;1004.95;207;416;186.85;3;79.61;17.53
2025-10-07 12:55:57;23.53;40887.00;55.00;1004.94;208;417;188.71;3;79.61;17.53
2025-10-07 12:55:58;23.54;40808.00;55.00;1004.95;208;417;188.71;3;79.61;17.54
2025-10-07 12:55:59;23.55;40729.00;55.00;1004.95;208;417;188.71;3;79.61;17.55
2025-10-07 12:56:00;23.56;41007.00;55.00;1004.95;208;417;189.26;3;79.60;17.56
2025-10-07 12:56:01;23.58;40768.00;55.00;1004.94;208;417;189.26;3;79.60;17.58
2025-10-07 12:56:02;23.58;40808.00;55.00;1004.95;208;417;189.26;3;79.60;17.58
2025-10-07 12:56:03;23.59;41087.00;55.00;1004.95;208;417;188.45;3;79.60;17.59
2025-10-07 12:56:04;23.60;40611.00;55.00;1004.95;208;417;188.45;3;79.59;17.60
2025-10-07 12:56:05;23.61;40611.00;55.00;1004.94;208;417;188.45;3;79.59;17.61
2025-10-07 12:56:06;23.61;41047.00;55.00;1004.95;208;417;189.72;3;79.59;17.61
2025-10-07 12:56:07;23.62;40069.00;55.00;1004.94;208;417;189.72;3;79.59;17.62
2025-10-07 12:56:08;23.64;40927.00;55.00;1004.95;208;417;189.72;3;79.59;17.64
2025-10-07 12:56:09;23.64;40455.00;55.00;1004.94;207;416;186.78;3;79.59;17.64
2025-10-07 12:56:10;23.65;40416.00;55.00;1004.94;207;416;186.78;3;79.58;17.65
2025-10-07 12:56:11;23.66;40416.00;55.00;1004.94;207;416;186.78;3;79.58;17.66
2025-10-07 12:56:12;23.67;40416.00;55.00;1004.94;208;417;190.03;3;79.58;17.67
2025-10-07 12:56:13;23.68;40847.00;55.00;1004.90;208;417;190.03;3;79.58;17.68
2025-10-07 12:56:14;23.68;40729.00;55.00;1004.91;208;417;190.03;3;79.58;17.68
2025-10-07 12:56:15;23.69;40927.00;55.00;1004.98;208;416;187.19;3;79.57;17.69
2025-10-07 12:56:16;23.70;40533.00;55.00;1004.95;208;416;187.19;3;79.57;17.70
2025-10-07 12:56:17;23.72;41047.00;55.00;1004.95;208;416;187.19;3;79.57;17.72
2025-10-07 12:56:18;23.71;40689.00;55.00;1004.91;207;415;182.74;3;79.57;17.71
2025-10-07 12:56:19;23.72;41207.00;55.00;1004.94;207;415;182.74;3;79.57;17.72
2025-10-07 12:56:20;23.73;40808.00;55.00;1004.91;207;415;182.74;3;79.57;17.73
2025-10-07 12:56:21;23.74;41167.00;55.00;1004.94;207;415;181.93;3;79.56;17.74
2025-10-07 12:56:22;23.75;41207.00;55.00;1004.94;207;415;181.93;3;79.56;17.75
2025-10-07 12:56:23;23.75;41574.00;55.00;1004.94;207;415;181.93;3;79.56;17.75
2025-10-07 12:56:24;23.76;41410.00;55.00;1004.94;205;411;173.23;3;79.56;17.76
2025-10-07 12:56:25;23.77;41698.00;55.00;1004.95;205;411;173.23;3;79.56;17.77
2025-10-07 12:56:26;23.77;41698.00;55.00;1004.94;205;411;173.23;3;79.56;17.77
2025-10-07 12:56:27;23.78;41656.00;55.00;1004.94;204;409;165.99;3;79.55;17.78
2025-10-07 12:56:28;23.78;41329.00;55.00;1004.94;204;409;165.99;3;79.55;17.78
2025-10-07 12:56:29;23.79;41288.00;55.00;1004.91;204;409;165.99;3;79.55;17.79
2025-10-07 12:56:30;23.80;41329.00;55.00;1004.94;204;408;164.31;3;79.55;17.80
2025-10-07 12:56:31;23.81;41167.00;55.00;1004.91;204;408;164.31;3;79.55;17.81
2025-10-07 12:56:32;23.82;41207.00;55.00;1004.94;204;408;164.31;3;79.55;17.82
2025-10-07 12:56:33;23.83;41207.00;55.00;1004.91;203;408;163.97;3;79.54;17.83
2025-10-07 12:56:34;23.84;41329.00;55.00;1004.94;203;408;163.97;3;79.54;17.84
2025-10-07 12:56:35;23.85;41248.00;55.00;1004.91;203;408;163.97;3;79.54;17.85
2025-10-07 12:56:36;23.86;41127.00;55.00;1004.91;204;408;165.29;3;79.54;17.86
2025-10-07 12:56:37;23.87;40847.00;55.00;1004.90;204;408;165.29;3;79.53;17.87
2025-10-07 12:56:38;23.88;41167.00;55.00;1004.91;204;408;165.29;3;79.53;17.88
2025-10-07 12:56:39;23.88;40572.00;54.00;1004.91;204;408;164.33;3;78.09;17.88
2025-10-07 12:56:40;23.89;40689.00;55.00;1004.90;204;408;164.33;3;79.53;17.89
2025-10-07 12:56:41;23.91;41007.00;54.00;1004.91;204;408;164.33;3;78.08;17.91
2025-10-07 12:56:42;23.91;40572.00;54.00;1004.94;204;409;166.78;3;78.08;17.91
2025-10-07 12:56:43;23.92;41127.00;54.00;1004.94;204;409;166.78;3;78.08;17.92
2025-10-07 12:56:44;23.93;41087.00;54.00;1004.91;204;409;166.78;3;78.08;17.93
2025-10-07 12:56:45;23.94;40847.00;54.00;1004.94;204;409;167.95;3;78.07;17.94
2025-10-07 12:56:46;23.95;40887.00;54.00;1004.91;204;409;167.95;3;78.07;17.95
2025-10-07 12:56:47;23.96;40887.00;54.00;1004.94;204;409;167.95;3;78.07;17.96
2025-10-07 12:56:48;23.96;40768.00;54.00;1004.90;204;410;169.39;3;78.07;17.96
2025-10-07 12:56:49;23.96;40533.00;54.00;1004.90;204;410;169.39;3;78.07;17.96
2025-10-07 12:56:50;23.98;40729.00;54.00;1004.91;204;410;169.39;3;78.06;17.98
2025-10-07 12:56:51;23.99;40494.00;54.00;1004.94;205;411;171.39;3;78.06;17.99
2025-10-07 12:56:52;24.00;40455.00;54.00;1004.91;205;411;171.39;3;78.06;18.00
2025-10-07 12:56:53;24.00;40729.00;54.00;1004.91;205;411;171.39;3;78.06;18.00
2025-10-07 12:56:54;24.01;40650.00;54.00;1004.94;206;412;174.99;3;78.06;18.01
2025-10-07 12:56:55;24.03;40689.00;54.00;1004.91;206;412;174.99;3;78.05;18.03
2025-10-07 12:56:56;24.04;40338.00;54.00;1004.94;206;412;174.99;3;78.05;18.04
2025-10-07 12:56:57;24.04;40377.00;54.00;1004.91;206;412;175.27;3;78.05;18.04
2025-10-07 12:56:58;24.05;40611.00;54.00;1004.94;206;412;175.27;3;78.05;18.05
2025-10-07 12:56:59;24.07;40572.00;54.00;1004.90;206;412;175.27;3;78.04;18.07
2025-10-07 12:57:00;24.07;40572.00;54.00;1004.90;206;412;175.63;3;78.04;18.07
2025-10-07 12:57:01;24.08;40611.00;54.00;1004.91;206;412;175.63;3;78.04;18.08
2025-10-07 12:57:02;24.09;40494.00;54.00;1004.90;206;412;175.63;3;78.04;18.09
2025-10-07 12:57:03;24.10;40146.00;54.00;1004.91;206;414;179.30;3;78.04;18.10
2025-10-07 12:57:04;24.11;40338.00;54.00;1004.91;206;414;179.30;3;78.04;18.11
2025-10-07 12:57:05;24.12;40611.00;54.00;1004.91;206;414;179.30;3;78.03;18.12
2025-10-07 12:57:06;24.12;40338.00;54.00;1004.90;206;414;180.38;3;78.03;18.12
2025-10-07 12:57:07;24.13;40494.00;54.00;1004.95;206;414;180.38;3;78.03;18.13
2025-10-07 12:57:08;24.14;40223.00;54.00;1004.94;206;414;180.38;3;78.03;18.14
2025-10-07 12:57:09;24.14;40261.00;54.00;1004.91;207;415;182.53;3;78.03;18.14
2025-10-07 12:57:10;24.15;40455.00;54.00;1004.94;207;415;182.53;3;78.03;18.15
2025-10-07 12:57:11;24.16;40031.00;54.00;1004.94;207;415;182.53;3;78.03;18.16
2025-10-07 12:57:12;24.17;40300.00;54.00;1004.94;207;415;183.35;3;78.02;18.17
2025-10-07 12:57:13;24.17;40377.00;54.00;1004.94;207;415;183.35;3;78.02;18.17
2025-10-07 12:57:14;24.19;40184.00;54.00;1004.94;207;415;183.35;3;78.02;18.19
2025-10-07 12:57:15;24.20;40455.00;54.00;1004.91;207;416;184.46;3;78.02;18.20
2025-10-07 12:57:16;24.21;40416.00;54.00;1004.91;207;416;184.46;3;78.01;18.21
2025-10-07 12:57:17;24.22;40300.00;54.00;1004.94;207;416;184.46;3;78.01;18.22
2025-10-07 12:57:18;24.23;40338.00;54.00;1004.91;207;415;183.68;3;78.01;18.23
2025-10-07 12:57:19;24.24;40108.00;54.00;1004.94;207;415;183.68;3;78.01;18.24
2025-10-07 12:57:20;24.25;40338.00;54.00;1004.94;207;415;183.68;3;78.01;18.25
2025-10-07 12:57:21;24.25;40146.00;54.00;1004.91;208;417;188.69;3;78.01;18.25
2025-10-07 12:57:22;24.26;40300.00;54.00;1004.91;208;417;188.69;3;78.00;18.26
2025-10-07 12:57:23;24.27;40223.00;54.00;1004.91;208;417;188.69;3;78.00;18.27
2025-10-07 12:57:24;24.28;40108.00;54.00;1004.94;208;417;187.64;3;78.00;18.28
2025-10-07 12:57:25;24.29;40533.00;54.00;1004.91;208;417;187.64;3;78.00;18.29
2025-10-07 12:57:26;24.29;40146.00;54.00;1004.91;208;417;187.64;3;78.00;18.29
2025-10-07 12:57:27;24.30;40146.00;54.00;1004.91;207;415;183.64;3;77.99;18.30
2025-10-07 12:57:28;24.32;40069.00;54.00;1004.94;207;415;183.64;3;77.99;18.32
2025-10-07 12:57:29;24.32;40031.00;54.00;1004.91;207;415;183.64;3;77.99;18.32
2025-10-07 12:57:30;24.33;40338.00;54.00;1004.90;207;415;181.86;3;77.99;18.33
2025-10-07 12:57:31;24.33;40184.00;54.00;1004.91;207;415;181.86;3;77.99;18.33
2025-10-07 12:57:32;24.35;40261.00;54.00;1004.90;207;415;181.86;3;77.98;18.35
2025-10-07 12:57:33;24.36;40184.00;54.00;1004.94;207;414;181.13;3;77.98;18.36
2025-10-07 12:57:34;24.36;40108.00;54.00;1004.94;207;414;181.13;3;77.98;18.36
2025-10-07 12:57:35;24.37;39993.00;54.00;1004.91;207;414;181.13;3;77.98;18.37
2025-10-07 12:57:36;24.38;39917.00;54.00;1004.94;207;415;184.02;3;77.98;18.38
2025-10-07 12:57:37;24.39;39917.00;54.00;1004.91;207;415;184.02;3;77.98;18.39
2025-10-07 12:57:38;24.40;40069.00;54.00;1004.94;207;415;184.02;3;77.97;18.40
2025-10-07 12:57:39;24.40;40031.00;54.00;1004.91;207;415;182.76;3;77.97;18.40
2025-10-07 12:57:40;24.40;39804.00;54.00;1004.94;207;415;182.76;3;77.97;18.40
2025-10-07 12:57:41;24.41;39993.00;53.00;1004.91;207;415;182.76;3;76.53;18.41
2025-10-07 12:57:42;24.42;40261.00;53.00;1004.90;207;414;181.62;3;76.52;18.42
2025-10-07 12:57:43;24.42;39955.00;53.00;1004.94;207;414;181.62;3;76.52;18.42
2025-10-07 12:57:44;24.43;39955.00;53.00;1004.91;207;414;181.62;3;76.52;18.43
2025-10-07 12:57:45;24.45;39955.00;53.00;1004.94;207;415;184.00;3;76.52;18.45
2025-10-07 12:57:46;24.45;39766.00;53.00;1004.91;207;415;184.00;3;76.52;18.45
2025-10-07 12:57:47;24.46;39804.00;53.00;1004.90;207;415;184.00;3;76.52;18.46
2025-10-07 12:57:48;24.47;39917.00;53.00;1004.91;207;415;184.00;3;76.51;18.47
2025-10-07 12:57:49;24.48;39729.00;53.00;1004.91;207;416;185.95;3;76.51;18.48
2025-10-07 12:57:50;24.49;40108.00;53.00;1004.91;207;416;185.95;3;76.51;18.49
2025-10-07 12:57:51;24.49;39917.00;53.00;1004.91;207;416;185.95;3;76.51;18.49
2025-10-07 12:57:52;24.50;39879.00;53.00;1004.94;208;416;187.18;3;76.51;18.50
2025-10-07 12:57:53;24.51;39505.00;53.00;1004.90;208;416;187.18;3;76.51;18.51
2025-10-07 12:57:54;24.52;39766.00;53.00;1004.90;208;416;187.18;3;76.50;18.52
2025-10-07 12:57:55;24.52;39542.00;53.00;1004.90;208;417;189.54;3;76.50;18.52
2025-10-07 12:57:56;24.53;39804.00;53.00;1004.90;208;417;189.54;3;76.50;18.53
2025-10-07 12:57:57;24.55;39691.00;53.00;1004.91;208;417;189.54;3;76.50;18.55
2025-10-07 12:57:58;24.55;39842.00;53.00;1004.90;208;418;191.85;3;76.50;18.55
2025-10-07 12:57:59;24.55;39691.00;53.00;1004.90;208;418;191.85;3;76.50;18.55
2025-10-07 12:58:00;24.57;39917.00;53.00;1004.94;208;418;191.85;3;76.49;18.57
2025-10-07 12:58:01;24.58;39729.00;53.00;1004.94;208;418;190.67;3;76.49;18.58
2025-10-07 12:58:02;24.59;39654.00;53.00;1004.94;208;418;190.67;3;76.49;18.59
2025-10-07 12:58:03;24.59;39766.00;53.00;1004.91;208;418;190.67;3;76.49;18.59
2025-10-07 12:58:04;24.60;39879.00;53.00;1004.91;208;418;191.39;3;76.49;18.60
2025-10-07 12:58:05;24.60;39766.00;53.00;1004.91;208;418;191.39;3;76.49;18.60
2025-10-07 12:58:06;24.61;39955.00;53.00;1004.94;208;418;191.39;3;76.48;18.61
2025-10-07 12:58:07;24.62;39729.00;53.00;1004.94;208;417;189.53;3;76.48;18.62
2025-10-07 12:58:08;24.63;39804.00;53.00;1004.94;208;417;189.53;3;76.48;18.63
2025-10-07 12:58:09;24.64;39729.00;53.00;1004.91;208;417;189.53;3;76.48;18.64
2025-10-07 12:58:10;24.64;39729.00;53.00;1004.90;208;418;190.57;3;76.48;18.64
2025-10-07 12:58:11;24.65;39766.00;53.00;1004.91;208;418;190.57;3;76.48;18.65
2025-10-07 12:58:12;24.66;39804.00;53.00;1004.91;208;418;190.57;3;76.47;18.66
2025-10-07 12:58:13;24.67;39917.00;53.00;1004.94;208;418;190.21;3;76.47;18.67
2025-10-07 12:58:14;24.67;39917.00;53.00;1004.91;208;418;190.21;3;76.47;18.67
2025-10-07 12:58:15;24.68;39729.00;53.00;1004.91;208;418;190.21;3;76.47;18.68
2025-10-07 12:58:16;24.69;39617.00;53.00;1004.91;208;418;190.57;3;76.47;18.69
2025-10-07 12:58:17;24.70;39654.00;53.00;1004.91;208;418;190.57;3;76.47;18.70
2025-10-07 12:58:18;24.71;39842.00;53.00;1004.91;208;418;190.57;3;76.46;18.71
2025-10-07 12:58:19;24.71;39766.00;53.00;1004.91;208;418;190.55;3;76.46;18.71
2025-10-07 12:58:20;24.73;39579.00;53.00;1004.91;208;418;190.55;3;76.46;18.73
2025-10-07 12:58:21;24.74;39804.00;53.00;1004.91;208;418;190.55;3;76.46;18.74
2025-10-07 12:58:22;24.74;39729.00;53.00;1004.91;208;417;189.40;3;76.46;18.74
2025-10-07 12:58:23;24.75;39654.00;53.00;1004.91;208;417;189.40;3;76.46;18.75
2025-10-07 12:58:24;24.76;39804.00;53.00;1004.90;208;417;189.40;3;76.45;18.76
2025-10-07 12:58:25;24.77;39542.00;53.00;1004.91;208;418;191.32;3;76.45;18.77
2025-10-07 12:58:26;24.77;39804.00;53.00;1004.90;208;418;191.32;3;76.45;18.77
2025-10-07 12:58:27;24.78;39505.00;53.00;1004.90;208;418;191.32;3;76.45;18.78
2025-10-07 12:58:28;24.78;39691.00;53.00;1004.94;209;418;192.79;3;76.45;18.78
2025-10-07 12:58:29;24.79;39766.00;53.00;1004.91;209;418;192.79;3;76.45;18.79
2025-10-07 12:58:30;24.80;39729.00;53.00;1004.94;209;418;192.79;3;76.44;18.80
2025-10-07 12:58:31;24.81;39804.00;53.00;1004.94;209;418;192.23;3;76.44;18.81
2025-10-07 12:58:32;24.82;39654.00;53.00;1004.90;209;418;192.23;3;76.44;18.82
2025-10-07 12:58:33;24.83;39766.00;53.00;1004.94;209;418;192.23;3;76.44;18.83
2025-10-07 12:58:34;24.83;39766.00;53.00;1004.94;208;417;189.84;3;76.44;18.83
2025-10-07 12:58:35;24.85;39617.00;53.00;1004.91;208;417;189.84;3;76.43;18.85
2025-10-07 12:58:36;24.86;39691.00;53.00;1004.90;208;417;189.84;3;76.43;18.86
2025-10-07 12:58:37;24.86;39804.00;53.00;1004.91;208;417;189.56;3;76.43;18.86
2025-10-07 12:58:38;24.87;39617.00;53.00;1004.90;208;417;189.56;3;76.43;18.87
2025-10-07 12:58:39;24.88;39357.00;53.00;1004.90;208;417;189.56;3;76.43;18.88
2025-10-07 12:58:40;24.89;39691.00;52.00;1004.91;208;417;188.22;3;74.98;18.89
2025-10-07 12:58:41;24.89;39617.00;52.00;1004.90;208;417;188.22;3;74.98;18.89
2025-10-07 12:58:42;24.91;39691.00;52.00;1004.91;208;417;188.22;3;74.98;18.91
2025-10-07 12:58:43;24.91;39654.00;52.00;1004.90;208;417;187.89;3;74.98;18.91
2025-10-07 12:58:44;24.91;39654.00;52.00;1004.91;208;417;187.89;3;74.98;18.91
2025-10-07 12:58:45;24.92;39617.00;52.00;1004.91;208;417;187.89;3;74.98;18.92
2025-10-07 12:58:46;24.92;39617.00;52.00;1004.90;208;417;188.45;3;74.98;18.92
2025-10-07 12:58:47;24.93;39691.00;52.00;1004.87;208;417;188.45;3;74.98;18.93
2025-10-07 12:58:48;24.95;39654.00;52.00;1004.90;208;417;188.45;3;74.97;18.95
2025-10-07 12:58:49;24.94;39654.00;52.00;1004.87;208;417;187.46;3;74.97;18.94
2025-10-07 12:58:50;24.96;39617.00;52.00;1004.87;208;417;187.46;3;74.97;18.96
2025-10-07 12:58:51;24.97;39654.00;52.00;1004.90;208;417;187.46;3;74.97;18.97
2025-10-07 12:58:52;24.97;39654.00;52.00;1004.90;208;417;187.94;3;74.97;18.97
2025-10-07 12:58:53;24.98;39654.00;52.00;1004.91;208;417;187.94;3;74.96;18.98
2025-10-07 12:58:54;24.99;39879.00;52.00;1004.90;208;417;187.94;3;74.96;18.99
2025-10-07 12:58:55;24.99;39617.00;52.00;1004.94;208;417;188.58;3;74.96;18.99
2025-10-07 12:58:56;25.01;39579.00;52.00;1004.91;208;417;188.58;3;74.96;19.01
2025-10-07 12:58:57;25.01;39579.00;52.00;1004.90;208;417;188.58;3;74.96;19.01
2025-10-07 12:58:58;25.02;39691.00;52.00;1004.91;208;417;188.05;3;74.96;19.02
2025-10-07 12:58:59;25.03;39729.00;52.00;1004.90;208;417;188.05;3;74.95;19.03
2025-10-07 12:59:00;25.04;39542.00;52.00;1004.90;208;417;188.05;3;74.95;19.04
2025-10-07 12:59:01;25.04;39617.00;52.00;1004.90;208;417;189.61;3;74.95;19.04
2025-10-07 12:59:02;25.05;39729.00;52.00;1004.91;208;417;189.61;3;74.95;19.05
2025-10-07 12:59:03;25.06;39542.00;52.00;1004.91;208;417;189.61;3;74.95;19.06
2025-10-07 12:59:04;25.06;39579.00;52.00;1004.90;208;417;188.85;3;74.95;19.06
2025-10-07 12:59:05;25.07;39394.00;52.00;1004.90;208;417;188.85;3;74.95;19.07
2025-10-07 12:59:06;25.08;39579.00;52.00;1004.87;208;417;188.85;3;74.94;19.08
2025-10-07 12:59:07;25.08;39617.00;52.00;1004.90;208;417;189.84;3;74.94;19.08
2025-10-07 12:59:08;25.09;39542.00;52.00;1004.87;208;417;189.84;3;74.94;19.09
2025-10-07 12:59:09;25.10;39579.00;52.00;1004.87;208;417;189.84;3;74.94;19.10
2025-10-07 12:59:10;25.11;39654.00;52.00;1004.90;208;417;189.08;3;74.94;19.11
2025-10-07 12:59:11;25.11;39579.00;52.00;1004.90;208;417;189.08;3;74.94;19.11
2025-10-07 12:59:12;25.12;39468.00;52.00;1004.91;208;417;189.08;3;74.94;19.12
2025-10-07 12:59:13;25.13;39654.00;52.00;1004.90;208;417;188.37;3;74.93;19.13
2025-10-07 12:59:14;25.13;39617.00;52.00;1004.90;208;417;188.37;3;74.93;19.13
2025-10-07 12:59:15;25.14;39617.00;52.00;1004.90;208;417;188.37;3;74.93;19.14
2025-10-07 12:59:16;25.15;39617.00;52.00;1004.90;208;417;187.66;3;74.93;19.15
2025-10-07 12:59:17;25.16;39579.00;52.00;1004.87;208;417;187.66;3;74.93;19.16
2025-10-07 12:59:18;25.16;39729.00;52.00;1004.90;208;417;187.66;3;74.93;19.16
2025-10-07 12:59:19;25.17;39505.00;52.00;1004.90;208;417;187.82;3;74.93;19.17
2025-10-07 12:59:20;25.18;39542.00;52.00;1004.90;208;417;187.82;3;74.92;19.18
2025-10-07 12:59:21;25.18;39505.00;52.00;1004.87;208;417;187.82;3;74.92;19.18
2025-10-07 12:59:22;25.18;39766.00;52.00;1004.87;208;416;186.89;3;74.92;19.18
2025-10-07 12:59:23;25.19;39579.00;52.00;1004.91;208;416;186.89;3;74.92;19.19
2025-10-07 12:59:24;25.21;39542.00;52.00;1004.91;208;416;186.89;3;74.92;19.21
2025-10-07 12:59:25;25.21;39766.00;52.00;1004.90;208;416;186.00;3;74.92;19.21
2025-10-07 12:59:26;25.22;39579.00;52.00;1004.91;208;416;186.00;3;74.92;19.22
2025-10-07 12:59:27;25.22;39729.00;52.00;1004.91;208;416;186.00;3;74.92;19.22
2025-10-07 12:59:28;25.24;39505.00;52.00;1004.91;207;415;183.92;3;74.91;19.24
2025-10-07 12:59:29;25.24;39617.00;52.00;1004.91;207;415;183.92;3;74.91;19.24
2025-10-07 12:59:30;25.25;39654.00;52.00;1004.91;207;415;183.92;3;74.91;19.25
2025-10-07 12:59:31;25.25;39579.00;52.00;1004.90;207;415;183.49;3;74.91;19.25
2025-10-07 12:59:32;25.26;39842.00;52.00;1004.91;207;415;183.49;3;74.91;19.26
2025-10-07 12:59:33;25.27;39505.00;52.00;1004.90;207;415;183.49;3;74.90;19.27
2025-10-07 12:59:34;25.28;39357.00;52.00;1004.91;207;414;181.33;3;74.90;19.28
2025-10-07 12:59:35;25.28;39617.00;52.00;1004.90;207;414;181.33;3;74.90;19.28
2025-10-07 12:59:36;25.29;39542.00;52.00;1004.90;207;414;181.33;3;74.90;19.29
2025-10-07 12:59:37;25.29;39505.00;51.00;1004.87;207;415;182.84;3;73.46;19.29
2025-10-07 12:59:38;25.30;39691.00;51.00;1004.90;207;415;182.84;3;73.46;19.30
2025-10-07 12:59:39;25.31;39617.00;51.00;1004.90;207;415;182.84;3;73.46;19.31
2025-10-07 12:59:40;25.32;39431.00;51.00;1004.91;207;416;184.55;3;73.45;19.32
2025-10-07 12:59:41;25.32;39654.00;51.00;1004.90;207;416;184.55;3;73.45;19.32
2025-10-07 12:59:42;25.34;39468.00;51.00;1004.91;207;416;184.55;3;73.45;19.34
2025-10-07 12:59:43;25.33;39766.00;51.00;1004.87;208;416;185.28;3;73.45;19.33
2025-10-07 12:59:44;25.34;39617.00;51.00;1004.90;208;416;185.28;3;73.45;19.34
2025-10-07 12:59:45;25.34;39542.00;51.00;1004.87;208;416;185.28;3;73.45;19.34
2025-10-07 12:59:46;25.36;39542.00;51.00;1004.87;208;416;184.92;3;73.45;19.36
2025-10-07 12:59:47;25.36;39804.00;51.00;1004.90;208;416;184.92;3;73.45;19.36
2025-10-07 12:59:48;25.37;39505.00;51.00;1004.90;208;416;184.92;3;73.44;19.37
2025-10-07 12:59:49;25.38;39579.00;51.00;1004.87;207;415;184.21;3;73.44;19.38
2025-10-07 12:59:50;25.39;39357.00;51.00;1004.87;207;415;184.21;3;73.44;19.39
2025-10-07 12:59:51;25.39;39394.00;51.00;1004.90;207;415;184.21;3;73.44;19.39
2025-10-07 12:59:52;25.40;39431.00;51.00;1004.87;207;415;184.21;3;73.44;19.40
2025-10-07 12:59:53;25.40;39654.00;51.00;1004.87;208;416;185.30;3;73.44;19.40
2025-10-07 12:59:54;25.41;39431.00;51.00;1004.90;208;416;185.30;3;73.44;19.41
2025-10-07 12:59:55;25.42;39542.00;51.00;1004.87;208;416;185.30;3;73.43;19.42
2025-10-07 12:59:56;25.42;39691.00;51.00;1004.87;208;416;184.73;3;73.43;19.42
2025-10-07 12:59:57;25.42;39468.00;51.00;1004.86;208;416;184.73;3;73.43;19.42
2025-10-07 12:59:58;25.43;39505.00;51.00;1004.87;208;416;184.73;3;73.43;19.43
2025-10-07 12:59:59;25.44;39505.00;51.00;1004.86;208;416;184.68;3;73.43;19.44
2025-10-07 13:00:00;25.44;39357.00;51.00;1004.90;208;416;184.68;3;73.43;19.44
2025-10-07 13:00:01;25.46;39654.00;51.00;1004.86;208;416;184.68;3;73.43;19.46
2025-10-07 13:00:02;25.46;39468.00;51.00;1004.86;207;415;182.87;3;73.43;19.46
2025-10-07 13:00:03;25.47;39394.00;51.00;1004.86;207;415;182.87;3;73.42;19.47
2025-10-07 13:00:04;25.47;39468.00;51.00;1004.86;207;415;182.87;3;73.42;19.47
2025-10-07 13:00:05;25.48;39654.00;51.00;1004.83;207;415;183.58;3;73.42;19.48
2025-10-07 13:00:06;25.49;39617.00;51.00;1004.83;207;415;183.58;3;73.42;19.49
2025-10-07 13:00:07;25.51;39431.00;51.00;1004.86;207;415;183.58;3;73.42;19.51
2025-10-07 13:00:08;25.51;39431.00;51.00;1004.87;208;415;184.30;3;73.42;19.51
2025-10-07 13:00:09;25.52;39617.00;51.00;1004.87;208;415;184.30;3;73.41;19.52
2025-10-07 13:00:10;25.53;39579.00;51.00;1004.86;208;415;184.30;3;73.41;19.53
2025-10-07 13:00:11;25.53;39468.00;51.00;1004.87;207;415;183.01;3;73.41;19.53
2025-10-07 13:00:12;25.54;39394.00;51.00;1004.86;207;415;183.01;3;73.41;19.54
2025-10-07 13:00:13;25.55;39505.00;51.00;1004.86;207;415;183.01;3;73.41;19.55
2025-10-07 13:00:14;25.55;39357.00;51.00;1004.83;207;415;182.78;3;73.41;19.55
2025-10-07 13:00:15;25.56;39468.00;51.00;1004.86;207;415;182.78;3;73.41;19.56
2025-10-07 13:00:16;25.57;39320.00;51.00;1004.86;207;415;182.78;3;73.40;19.57
2025-10-07 13:00:17;25.56;39505.00;51.00;1004.83;208;416;184.49;3;73.41;19.56
2025-10-07 13:00:18;25.57;39320.00;51.00;1004.87;208;416;184.49;3;73.40;19.57
2025-10-07 13:00:19;25.58;39394.00;51.00;1004.86;208;416;184.49;3;73.40;19.58
2025-10-07 13:00:20;25.59;39468.00;51.00;1004.86;207;415;183.06;3;73.40;19.59
2025-10-07 13:00:21;25.60;39505.00;51.00;1004.86;207;415;183.06;3;73.40;19.60
2025-10-07 13:00:22;25.61;39431.00;51.00;1004.86;207;415;183.06;3;73.40;19.61
2025-10-07 13:00:23;25.61;39505.00;51.00;1004.83;207;415;183.09;3;73.40;19.61
2025-10-07 13:00:24;25.61;39468.00;51.00;1004.86;207;415;183.09;3;73.40;19.61
2025-10-07 13:00:25;25.62;39357.00;51.00;1004.86;207;415;183.09;3;73.39;19.62
2025-10-07 13:00:26;25.62;39542.00;51.00;1004.83;207;415;182.54;3;73.39;19.62
2025-10-07 13:00:27;25.63;39505.00;51.00;1004.87;207;415;182.54;3;73.39;19.63
2025-10-07 13:00:28;25.64;39394.00;51.00;1004.87;207;415;182.54;3;73.39;19.64
2025-10-07 13:00:29;25.64;39542.00;51.00;1004.86;208;415;183.99;3;73.39;19.64
2025-10-07 13:00:30;25.65;39357.00;51.00;1004.87;208;415;183.99;3;73.39;19.65
2025-10-07 13:00:31;25.66;39284.00;51.00;1004.86;208;415;183.99;3;73.39;19.66
2025-10-07 13:00:32;25.66;39431.00;51.00;1004.86;208;416;184.78;3;73.39;19.66
2025-10-07 13:00:33;25.67;39431.00;51.00;1004.86;208;416;184.78;3;73.38;19.67
2025-10-07 13:00:34;25.68;39320.00;51.00;1004.87;208;416;184.78;3;73.38;19.68
2025-10-07 13:00:35;25.68;39542.00;51.00;1004.86;208;416;184.72;3;73.38;19.68
2025-10-07 13:00:36;25.69;39542.00;51.00;1004.86;208;416;184.72;3;73.38;19.69
2025-10-07 13:00:37;25.70;39842.00;51.00;1004.87;208;416;184.72;3;73.38;19.70
2025-10-07 13:00:38;25.70;39505.00;51.00;1004.86;207;413;178.77;3;73.38;19.70
2025-10-07 13:00:39;25.70;39505.00;51.00;1004.86;207;413;178.77;3;73.38;19.70
2025-10-07 13:00:40;25.71;39468.00;51.00;1004.86;207;413;178.77;3;73.38;19.71
2025-10-07 13:00:41;25.72;39505.00;50.00;1004.86;207;413;178.94;3;71.94;19.72
2025-10-07 13:00:42;25.72;39468.00;51.00;1004.86;207;413;178.94;3;73.37;19.72
2025-10-07 13:00:43;25.73;39431.00;50.00;1004.87;207;413;178.94;3;71.93;19.73
2025-10-07 13:00:44;25.74;39394.00;50.00;1004.86;207;414;179.74;3;71.93;19.74
2025-10-07 13:00:45;25.75;39505.00;50.00;1004.86;207;414;179.74;3;71.93;19.75
2025-10-07 13:00:46;25.75;39505.00;50.00;1004.87;207;414;179.74;3;71.93;19.75
2025-10-07 13:00:47;25.76;39505.00;50.00;1004.86;207;415;182.73;3;71.93;19.76
2025-10-07 13:00:48;25.76;39617.00;50.00;1004.86;207;415;182.73;3;71.93;19.76
2025-10-07 13:00:49;25.77;39579.00;50.00;1004.87;207;415;182.73;3;71.93;19.77
2025-10-07 13:00:50;25.77;39320.00;50.00;1004.86;207;415;182.38;3;71.93;19.77
2025-10-07 13:00:51;25.78;39357.00;50.00;1004.86;207;415;182.38;3;71.92;19.78
2025-10-07 13:00:52;25.79;39505.00;50.00;1004.83;207;415;182.38;3;71.92;19.79
2025-10-07 13:00:53;25.79;39320.00;50.00;1004.86;207;415;182.11;3;71.92;19.79
2025-10-07 13:00:54;25.80;39284.00;50.00;1004.86;207;415;182.11;3;71.92;19.80
2025-10-07 13:00:55;25.80;39320.00;50.00;1004.83;207;415;182.11;3;71.92;19.80
2025-10-07 13:00:56;25.80;39357.00;50.00;1004.83;207;415;183.14;3;71.92;19.80
2025-10-07 13:00:57;25.82;39357.00;50.00;1004.86;207;415;183.14;3;71.92;19.82
2025-10-07 13:00:58;25.82;39320.00;50.00;1004.83;207;415;183.14;3;71.92;19.82
2025-10-07 13:00:59;25.82;39137.00;50.00;1004.87;208;416;184.62;3;71.92;19.82
2025-10-07 13:01:00;25.84;39320.00;50.00;1004.86;208;416;184.62;3;71.91;19.84
2025-10-07 13:01:01;25.84;39431.00;50.00;1004.83;208;416;184.62;3;71.91;19.84
2025-10-07 13:01:02;25.84;39357.00;50.00;1004.82;207;415;182.32;3;71.91;19.84
2025-10-07 13:01:03;25.85;39431.00;50.00;1004.87;207;415;182.32;3;71.91;19.85
2025-10-07 13:01:04;25.86;39729.00;50.00;1004.87;207;415;182.32;3;71.91;19.86
2025-10-07 13:01:05;25.87;39842.00;50.00;1004.90;207;415;182.29;3;71.91;19.87
2025-10-07 13:01:06;25.88;39431.00;50.00;1004.87;207;415;182.29;3;71.90;19.88
2025-10-07 13:01:07;25.88;39654.00;50.00;1004.87;207;415;182.29;3;71.90;19.88
2025-10-07 13:01:08;25.89;39394.00;50.00;1004.87;207;415;182.59;3;71.90;19.89
2025-10-07 13:01:09;25.89;39357.00;50.00;1004.86;207;415;182.59;3;71.90;19.89
2025-10-07 13:01:10;25.90;39468.00;50.00;1004.87;207;415;182.59;3;71.90;19.90
2025-10-07 13:01:11;25.90;39320.00;50.00;1004.86;207;414;180.28;3;71.90;19.90
2025-10-07 13:01:12;25.90;39394.00;50.00;1004.83;207;414;180.28;3;71.90;19.90
2025-10-07 13:01:13;25.92;39320.00;50.00;1004.87;207;414;180.28;3;71.90;19.92
2025-10-07 13:01:14;25.92;39617.00;50.00;1004.87;207;413;178.60;3;71.90;19.92
2025-10-07 13:01:15;25.92;39468.00;50.00;1004.86;207;413;178.60;3;71.90;19.92
2025-10-07 13:01:16;25.92;39357.00;50.00;1004.83;207;413;178.60;3;71.90;19.92
2025-10-07 13:01:17;25.93;39431.00;50.00;1004.86;207;414;179.36;3;71.89;19.93
2025-10-07 13:01:18;25.94;39394.00;50.00;1004.86;207;414;179.36;3;71.89;19.94
2025-10-07 13:01:19;25.94;39284.00;50.00;1004.83;207;414;179.36;3;71.89;19.94
2025-10-07 13:01:20;25.95;39617.00;50.00;1004.86;207;414;179.77;3;71.89;19.95
2025-10-07 13:01:21;25.95;39394.00;50.00;1004.86;207;414;179.77;3;71.89;19.95
2025-10-07 13:01:22;25.96;39357.00;50.00;1004.83;207;414;179.77;3;71.89;19.96
2025-10-07 13:01:23;25.96;39357.00;50.00;1004.83;207;414;180.72;3;71.89;19.96
2025-10-07 13:01:24;25.97;39542.00;50.00;1004.83;207;414;180.72;3;71.89;19.97
2025-10-07 13:01:25;25.98;39729.00;50.00;1004.83;207;414;180.72;3;71.88;19.98
2025-10-07 13:01:26;25.98;39357.00;50.00;1004.82;206;413;177.25;3;71.88;19.98
2025-10-07 13:01:27;26.00;39357.00;50.00;1004.86;206;413;177.25;3;71.88;20.00
2025-10-07 13:01:28;26.00;39542.00;50.00;1004.83;206;413;177.25;3;71.88;20.00
2025-10-07 13:01:29;26.01;39468.00;50.00;1004.86;206;413;177.10;3;71.88;20.01
2025-10-07 13:01:30;26.01;39804.00;50.00;1004.86;206;413;177.10;3;71.88;20.01
2025-10-07 13:01:31;26.02;39691.00;50.00;1004.86;206;413;177.10;3;71.88;20.02
2025-10-07 13:01:32;26.03;39691.00;50.00;1004.87;206;412;174.49;3;71.87;20.03
2025-10-07 13:01:33;26.03;39505.00;50.00;1004.86;206;412;174.49;3;71.87;20.03
2025-10-07 13:01:34;26.04;39842.00;50.00;1004.86;206;412;174.49;3;71.87;20.04
2025-10-07 13:01:35;26.04;39654.00;50.00;1004.83;206;411;172.55;3;71.87;20.04
2025-10-07 13:01:36;26.05;39431.00;50.00;1004.86;206;411;172.55;3;71.87;20.05
2025-10-07 13:01:37;26.05;39617.00;50.00;1004.86;206;411;172.55;3;71.87;20.05
2025-10-07 13:01:38;26.06;39766.00;50.00;1004.86;206;411;171.82;3;71.87;20.06
2025-10-07 13:01:39;26.06;39320.00;50.00;1004.83;206;411;171.82;3;71.87;20.06
2025-10-07 13:01:40;26.07;39579.00;50.00;1004.87;206;411;171.82;3;71.87;20.07
2025-10-07 13:01:41;26.07;39431.00;50.00;1004.87;205;410;170.40;3;71.87;20.07
2025-10-07 13:01:42;26.08;39617.00;50.00;1004.86;205;410;170.40;3;71.86;20.08
2025-10-07 13:01:43;26.08;39357.00;49.00;1004.86;205;410;170.40;3;70.43;20.08
2025-10-07 13:01:44;26.09;39691.00;49.00;1004.87;205;410;170.17;3;70.43;20.09
2025-10-07 13:01:45;26.09;39654.00;49.00;1004.87;205;410;170.17;3;70.43;20.09
2025-10-07 13:01:46;26.10;39617.00;49.00;1004.87;205;410;170.17;3;70.42;20.10
2025-10-07 13:01:47;26.11;39691.00;49.00;1004.87;205;410;169.67;3;70.42;20.11
2025-10-07 13:01:48;26.11;39505.00;49.00;1004.87;205;410;169.67;3;70.42;20.11
2025-10-07 13:01:49;26.11;39691.00;49.00;1004.86;205;410;169.67;3;70.42;20.11
2025-10-07 13:01:50;26.12;39654.00;49.00;1004.86;205;410;169.76;3;70.42;20.12
2025-10-07 13:01:51;26.13;39955.00;49.00;1004.83;205;410;169.76;3;70.42;20.13
2025-10-07 13:01:52;26.13;39617.00;49.00;1004.87;205;410;169.76;3;70.42;20.13
2025-10-07 13:01:53;26.13;39468.00;49.00;1004.86;206;411;172.14;3;70.42;20.13
2025-10-07 13:01:54;26.13;39617.00;49.00;1004.86;206;411;172.14;3;70.42;20.13
2025-10-07 13:01:55;26.14;39729.00;49.00;1004.87;206;411;172.14;3;70.42;20.14
2025-10-07 13:01:56;26.16;39468.00;49.00;1004.87;206;412;173.79;3;70.41;20.16
2025-10-07 13:01:57;26.16;39542.00;49.00;1004.86;206;412;173.79;3;70.41;20.16
2025-10-07 13:01:58;26.17;39691.00;49.00;1004.87;206;412;173.79;3;70.41;20.17
2025-10-07 13:01:59;26.18;39729.00;49.00;1004.87;206;411;172.22;3;70.41;20.18
2025-10-07 13:02:00;26.17;39505.00;49.00;1004.86;206;411;172.22;3;70.41;20.17
2025-10-07 13:02:01;26.18;39691.00;49.00;1004.87;206;411;172.22;3;70.41;20.18
2025-10-07 13:02:02;26.19;39917.00;49.00;1004.87;206;411;172.22;3;70.41;20.19
2025-10-07 13:02:03;26.19;39804.00;49.00;1004.87;205;410;169.23;3;70.41;20.19
2025-10-07 13:02:04;26.20;39542.00;49.00;1004.86;205;410;169.23;3;70.40;20.20
2025-10-07 13:02:05;26.21;39691.00;49.00;1004.87;205;410;169.23;3;70.40;20.21
2025-10-07 13:02:06;26.21;39617.00;49.00;1004.87;205;410;169.43;3;70.40;20.21
2025-10-07 13:02:07;26.21;39729.00;49.00;1004.86;205;410;169.43;3;70.40;20.21
2025-10-07 13:02:08;26.21;40108.00;49.00;1004.86;205;410;169.43;3;70.40;20.21
2025-10-07 13:02:09;26.21;39917.00;49.00;1004.83;204;408;165.43;3;70.40;20.21
2025-10-07 13:02:10;26.22;39579.00;49.00;1004.86;204;408;165.43;3;70.40;20.22
2025-10-07 13:02:11;26.23;39729.00;49.00;1004.86;204;408;165.43;3;70.40;20.23
2025-10-07 13:02:12;26.24;40108.00;49.00;1004.83;205;409;166.37;3;70.40;20.24
2025-10-07 13:02:13;26.24;39729.00;49.00;1004.87;205;409;166.37;3;70.40;20.24
2025-10-07 13:02:14;26.25;40223.00;49.00;1004.86;205;409;166.37;3;70.39;20.25
2025-10-07 13:02:15;26.25;39842.00;49.00;1004.87;204;407;162.15;3;70.39;20.25
2025-10-07 13:02:16;26.26;39766.00;49.00;1004.86;204;407;162.15;3;70.39;20.26
2025-10-07 13:02:17;26.26;40108.00;49.00;1004.87;204;407;162.15;3;70.39;20.26
2025-10-07 13:02:18;26.27;39879.00;49.00;1004.86;203;406;160.34;3;70.39;20.27
2025-10-07 13:02:19;26.27;39766.00;49.00;1004.86;203;406;160.34;3;70.39;20.27
2025-10-07 13:02:20;26.28;39691.00;49.00;1004.91;203;406;160.34;3;70.39;20.28
2025-10-07 13:02:21;26.28;39917.00;49.00;1004.83;204;407;163.02;3;70.39;20.28
2025-10-07 13:02:22;26.28;40069.00;49.00;1004.90;204;407;163.02;3;70.39;20.28
2025-10-07 13:02:23;26.30;40261.00;49.00;1004.87;204;407;163.02;3;70.38;20.30
2025-10-07 13:02:24;26.30;39955.00;49.00;1004.87;203;406;159.32;3;70.38;20.30
2025-10-07 13:02:25;26.30;39729.00;49.00;1004.90;203;406;159.32;3;70.38;20.30
2025-10-07 13:02:26;26.31;39766.00;49.00;1004.90;203;406;159.32;3;70.38;20.31
2025-10-07 13:02:27;26.31;40300.00;49.00;1004.87;204;407;161.41;3;70.38;20.31
2025-10-07 13:02:28;26.32;39804.00;49.00;1004.87;204;407;161.41;3;70.38;20.32
2025-10-07 13:02:29;26.32;39917.00;49.00;1004.90;204;407;161.41;3;70.38;20.32
2025-10-07 13:02:30;26.33;39804.00;49.00;1004.90;204;407;161.33;3;70.38;20.33
2025-10-07 13:02:31;26.33;39729.00;49.00;1004.87;204;407;161.33;3;70.38;20.33
2025-10-07 13:02:32;26.34;39766.00;49.00;1004.87;204;407;161.33;3;70.38;20.34
2025-10-07 13:02:33;26.34;39917.00;49.00;1004.90;204;407;162.98;3;70.38;20.34
2025-10-07 13:02:34;26.34;40223.00;49.00;1004.90;204;407;162.98;3;70.38;20.34
2025-10-07 13:02:35;26.35;39955.00;49.00;1004.87;204;407;162.98;3;70.38;20.35
2025-10-07 13:02:36;26.35;39804.00;49.00;1004.87;204;407;161.84;3;70.38;20.35
2025-10-07 13:02:37;26.36;39804.00;49.00;1004.86;204;407;161.84;3;70.37;20.36
2025-10-07 13:02:38;26.36;39804.00;49.00;1004.87;204;407;161.84;3;70.37;20.36
2025-10-07 13:02:39;26.37;39729.00;49.00;1004.87;204;407;161.69;3;70.37;20.37
2025-10-07 13:02:40;26.38;40300.00;49.00;1004.87;204;407;161.69;3;70.37;20.38
2025-10-07 13:02:41;26.38;39804.00;49.00;1004.87;204;407;161.69;3;70.37;20.38
2025-10-07 13:02:42;26.38;40184.00;49.00;1004.87;204;407;162.19;3;70.37;20.38
2025-10-07 13:02:43;26.39;40108.00;49.00;1004.87;204;407;162.19;3;70.37;20.39
2025-10-07 13:02:44;26.39;39729.00;49.00;1004.86;204;407;162.19;3;70.37;20.39
2025-10-07 13:02:45;26.40;39842.00;49.00;1004.86;204;408;164.24;3;70.37;20.40
2025-10-07 13:02:46;26.40;39691.00;49.00;1004.83;204;408;164.24;3;70.37;20.40
2025-10-07 13:02:47;26.40;40261.00;48.00;1004.87;204;408;164.24;3;68.93;20.40
2025-10-07 13:02:48;26.41;39879.00;48.00;1004.87;204;406;160.19;3;68.93;20.41
2025-10-07 13:02:49;26.41;39617.00;48.00;1004.86;204;406;160.19;3;68.93;20.41
2025-10-07 13:02:50;26.42;39729.00;48.00;1004.86;204;406;160.19;3;68.93;20.42
2025-10-07 13:02:51;26.42;39766.00;48.00;1004.87;203;406;158.98;3;68.93;20.42
2025-10-07 13:02:52;26.43;40223.00;48.00;1004.87;203;406;158.98;3;68.92;20.43
2025-10-07 13:02:53;26.43;40069.00;48.00;1004.86;203;406;158.98;3;68.92;20.43
2025-10-07 13:02:54;26.44;39729.00;48.00;1004.86;204;407;162.21;3;68.92;20.44
2025-10-07 13:02:55;26.44;40146.00;48.00;1004.87;204;407;162.21;3;68.92;20.44
2025-10-07 13:02:56;26.45;40031.00;48.00;1004.86;204;407;162.21;3;68.92;20.45
2025-10-07 13:02:57;26.45;39729.00;48.00;1004.86;204;406;160.88;3;68.92;20.45
2025-10-07 13:02:58;26.45;39766.00;48.00;1004.86;204;406;160.88;3;68.92;20.45
2025-10-07 13:02:59;26.46;39993.00;48.00;1004.86;204;406;160.88;3;68.92;20.46
2025-10-07 13:03:00;26.46;40031.00;48.00;1004.87;204;406;160.75;3;68.92;20.46
2025-10-07 13:03:01;26.47;39879.00;48.00;1004.87;204;406;160.75;3;68.92;20.47
2025-10-07 13:03:02;26.48;40031.00;48.00;1004.86;204;406;160.75;3;68.91;20.48
2025-10-07 13:03:03;26.48;40108.00;48.00;1004.83;204;407;163.24;3;68.91;20.48
2025-10-07 13:03:04;26.49;39955.00;48.00;1004.87;204;407;163.24;3;68.91;20.49
2025-10-07 13:03:05;26.49;39955.00;48.00;1004.86;204;407;163.24;3;68.91;20.49
2025-10-07 13:03:06;26.50;40069.00;48.00;1004.86;204;407;162.08;3;68.91;20.50
2025-10-07 13:03:07;26.49;39542.00;48.00;1004.86;204;407;162.08;3;68.91;20.49
2025-10-07 13:03:08;26.50;39729.00;48.00;1004.90;204;407;162.08;3;68.91;20.50
2025-10-07 13:03:09;26.50;40031.00;48.00;1004.87;204;407;161.68;3;68.91;20.50
2025-10-07 13:03:10;26.52;39955.00;48.00;1004.87;204;407;161.68;3;68.91;20.52
2025-10-07 13:03:11;26.51;39879.00;48.00;1004.87;204;407;161.68;3;68.91;20.51
2025-10-07 13:03:12;26.52;39766.00;48.00;1004.87;204;407;161.79;3;68.91;20.52
2025-10-07 13:03:13;26.53;39955.00;48.00;1004.90;204;407;161.79;3;68.91;20.53
2025-10-07 13:03:14;26.53;40069.00;48.00;1004.87;204;407;161.79;3;68.91;20.53
2025-10-07 13:03:15;26.53;40146.00;48.00;1004.87;204;406;160.76;3;68.91;20.53
2025-10-07 13:03:16;26.53;39917.00;48.00;1004.87;204;406;160.76;3;68.91;20.53
2025-10-07 13:03:17;26.54;39468.00;48.00;1004.86;204;406;160.76;3;68.90;20.54
2025-10-07 13:03:18;26.55;39955.00;48.00;1004.87;204;408;164.79;3;68.90;20.55
2025-10-07 13:03:19;26.55;39993.00;48.00;1004.86;204;408;164.79;3;68.90;20.55
2025-10-07 13:03:20;26.56;39542.00;48.00;1004.87;204;408;164.79;3;68.90;20.56
2025-10-07 13:03:21;26.56;39917.00;48.00;1004.86;205;409;167.21;3;68.90;20.56
2025-10-07 13:03:22;26.56;40069.00;48.00;1004.87;205;409;167.21;3;68.90;20.56
2025-10-07 13:03:23;26.57;39993.00;48.00;1004.87;205;409;167.21;3;68.90;20.57
2025-10-07 13:03:24;26.57;39955.00;48.00;1004.87;205;409;166.26;3;68.90;20.57
2025-10-07 13:03:25;26.58;39842.00;48.00;1004.86;205;409;166.26;3;68.90;20.58
2025-10-07 13:03:26;26.58;39917.00;48.00;1004.86;205;409;166.26;3;68.90;20.58
2025-10-07 13:03:27;26.58;39617.00;48.00;1004.83;205;408;165.20;3;68.90;20.58
2025-10-07 13:03:28;26.59;39879.00;48.00;1004.87;205;408;165.20;3;68.89;20.59
2025-10-07 13:03:29;26.59;40108.00;48.00;1004.86;205;408;165.20;3;68.89;20.59
2025-10-07 13:03:30;26.59;39879.00;48.00;1004.86;205;409;167.40;3;68.89;20.59
2025-10-07 13:03:31;26.60;40069.00;48.00;1004.87;205;409;167.40;3;68.89;20.60
2025-10-07 13:03:32;26.60;40031.00;48.00;1004.87;205;409;167.40;3;68.89;20.60
2025-10-07 13:03:33;26.61;39691.00;48.00;1004.86;205;408;165.15;3;68.89;20.61
2025-10-07 13:03:34;26.61;39955.00;48.00;1004.86;205;408;165.15;3;68.89;20.61
2025-10-07 13:03:35;26.61;39879.00;48.00;1004.86;205;408;165.15;3;68.89;20.61
2025-10-07 13:03:36;26.62;40031.00;48.00;1004.83;204;407;163.21;3;68.89;20.62
2025-10-07 13:03:37;26.62;39842.00;48.00;1004.86;204;407;163.21;3;68.89;20.62
2025-10-07 13:03:38;26.63;39842.00;48.00;1004.86;204;407;163.21;3;68.89;20.63
2025-10-07 13:03:39;26.63;39879.00;48.00;1004.86;204;408;163.99;3;68.89;20.63
2025-10-07 13:03:40;26.63;39468.00;48.00;1004.86;204;408;163.99;3;68.89;20.63
2025-10-07 13:03:41;26.65;39955.00;48.00;1004.87;204;408;163.99;3;68.88;20.65
2025-10-07 13:03:42;26.64;40108.00;48.00;1004.86;204;408;163.74;3;68.88;20.64
2025-10-07 13:03:43;26.66;39879.00;48.00;1004.86;204;408;163.74;3;68.88;20.66
2025-10-07 13:03:44;26.66;40108.00;48.00;1004.83;204;408;163.74;3;68.88;20.66
2025-10-07 13:03:45;26.66;39993.00;48.00;1004.83;204;407;162.74;3;68.88;20.66
2025-10-07 13:03:46;26.66;39691.00;48.00;1004.83;204;407;162.74;3;68.88;20.66
2025-10-07 13:03:47;26.67;40069.00;48.00;1004.86;204;407;162.74;3;68.88;20.67
2025-10-07 13:03:48;26.67;39993.00;48.00;1004.83;204;407;161.60;3;68.88;20.67
2025-10-07 13:03:49;26.68;39993.00;48.00;1004.83;204;407;161.60;3;68.88;20.68
2025-10-07 13:03:50;26.68;40108.00;48.00;1004.83;204;407;161.60;3;68.88;20.68
2025-10-07 13:03:51;26.68;40031.00;48.00;1004.86;203;405;156.78;3;68.88;20.68
2025-10-07 13:03:52;26.69;40069.00;48.00;1004.86;203;405;156.78;3;68.88;20.69
2025-10-07 13:03:53;26.70;40069.00;48.00;1004.83;203;405;156.78;3;68.87;20.70
2025-10-07 13:03:54;26.70;39955.00;48.00;1004.86;203;405;157.67;3;68.87;20.70
2025-10-07 13:03:55;26.70;40300.00;48.00;1004.86;203;405;157.67;3;68.87;20.70
2025-10-07 13:03:56;26.71;39955.00;48.00;1004.86;203;405;157.67;3;68.87;20.71
2025-10-07 13:03:57;26.71;40108.00;48.00;1004.86;203;405;156.76;3;68.87;20.71
2025-10-07 13:03:58;26.71;39654.00;48.00;1004.83;203;405;156.76;3;68.87;20.71
2025-10-07 13:03:59;26.72;40108.00;48.00;1004.83;203;405;156.76;3;68.87;20.72
2025-10-07 13:04:00;26.71;39955.00;48.00;1004.83;203;405;158.17;3;68.87;20.71
2025-10-07 13:04:01;26.72;39955.00;48.00;1004.87;203;405;158.17;3;68.87;20.72
2025-10-07 13:04:02;26.73;39955.00;48.00;1004.87;203;405;158.17;3;68.87;20.73
2025-10-07 13:04:03;26.73;40069.00;48.00;1004.87;203;406;158.69;3;68.87;20.73
2025-10-07 13:04:04;26.74;39917.00;48.00;1004.86;203;406;158.69;3;68.87;20.74
2025-10-07 13:04:05;26.74;39955.00;48.00;1004.87;203;406;158.69;3;68.87;20.74
2025-10-07 13:04:06;26.74;39955.00;48.00;1004.87;203;406;158.58;3;68.87;20.74
2025-10-07 13:04:07;26.75;40108.00;48.00;1004.87;203;406;158.58;3;68.86;20.75
2025-10-07 13:04:08;26.75;39879.00;48.00;1004.87;203;406;158.58;3;68.86;20.75
2025-10-07 13:04:09;26.75;39955.00;48.00;1004.86;203;405;158.40;3;68.86;20.75
2025-10-07 13:04:10;26.76;40031.00;48.00;1004.87;203;405;158.40;3;68.86;20.76
2025-10-07 13:04:11;26.76;39917.00;48.00;1004.87;203;405;158.40;3;68.86;20.76
2025-10-07 13:04:12;26.77;39993.00;48.00;1004.86;203;405;157.79;3;68.86;20.77
2025-10-07 13:04:13;26.77;39955.00;48.00;1004.86;203;405;157.79;3;68.86;20.77
2025-10-07 13:04:14;26.77;40377.00;48.00;1004.86;203;405;157.79;3;68.86;20.77
2025-10-07 13:04:15;26.78;40031.00;48.00;1004.87;203;405;157.79;3;68.86;20.78
2025-10-07 13:04:16;26.78;39804.00;48.00;1004.87;203;405;156.89;3;68.86;20.78
2025-10-07 13:04:17;26.78;39955.00;48.00;1004.86;203;405;156.89;3;68.86;20.78
2025-10-07 13:04:18;26.79;40108.00;48.00;1004.87;203;405;156.89;3;68.86;20.79
2025-10-07 13:04:19;26.79;40108.00;48.00;1004.90;203;404;155.45;3;68.86;20.79
2025-10-07 13:04:20;26.80;39691.00;47.00;1004.86;203;404;155.45;3;67.42;20.80
2025-10-07 13:04:21;26.80;39955.00;47.00;1004.87;203;404;155.45;3;67.42;20.80
2025-10-07 13:04:22;26.80;39993.00;47.00;1004.87;203;405;156.60;3;67.42;20.80
2025-10-07 13:04:23;26.81;40338.00;47.00;1004.86;203;405;156.60;3;67.42;20.81
2025-10-07 13:04:24;26.82;39842.00;47.00;1004.90;203;405;156.60;3;67.42;20.82
2025-10-07 13:04:25;26.82;39842.00;47.00;1004.87;203;405;158.53;3;67.42;20.82
2025-10-07 13:04:26;26.83;39955.00;47.00;1004.87;203;405;158.53;3;67.42;20.83
2025-10-07 13:04:27;26.83;39955.00;47.00;1004.87;203;405;158.53;3;67.42;20.83
2025-10-07 13:04:28;26.83;39955.00;47.00;1004.86;203;406;158.90;3;67.42;20.83
2025-10-07 13:04:29;26.84;39804.00;47.00;1004.90;203;406;158.90;3;67.41;20.84
2025-10-07 13:04:30;26.84;40300.00;47.00;1004.87;203;406;158.90;3;67.41;20.84
2025-10-07 13:04:31;26.84;39917.00;47.00;1004.87;203;404;156.01;3;67.41;20.84
2025-10-07 13:04:32;26.85;40146.00;47.00;1004.86;203;404;156.01;3;67.41;20.85
2025-10-07 13:04:33;26.86;39917.00;47.00;1004.87;203;404;156.01;3;67.41;20.86
2025-10-07 13:04:34;26.86;39993.00;47.00;1004.86;203;405;157.62;3;67.41;20.86
2025-10-07 13:04:35;26.85;39993.00;47.00;1004.90;203;405;157.62;3;67.41;20.85
2025-10-07 13:04:36;26.87;40069.00;47.00;1004.87;203;405;157.62;3;67.41;20.87
2025-10-07 13:04:37;26.87;39879.00;47.00;1004.87;203;405;157.37;3;67.41;20.87
2025-10-07 13:04:38;26.87;40108.00;47.00;1004.86;203;405;157.37;3;67.41;20.87
2025-10-07 13:04:39;26.87;39993.00;47.00;1004.86;203;405;157.37;3;67.41;20.87
2025-10-07 13:04:40;26.87;40300.00;47.00;1004.90;203;405;157.96;3;67.41;20.87
2025-10-07 13:04:41;26.88;40223.00;47.00;1004.86;203;405;157.96;3;67.41;20.88
2025-10-07 13:04:42;26.88;39804.00;47.00;1004.87;203;405;157.96;3;67.41;20.88
2025-10-07 13:04:43;26.88;40108.00;47.00;1004.87;203;405;156.26;3;67.41;20.88
2025-10-07 13:04:44;26.89;40184.00;47.00;1004.86;203;405;156.26;3;67.40;20.89
2025-10-07 13:04:45;26.89;39993.00;47.00;1004.86;203;405;156.26;3;67.40;20.89
2025-10-07 13:04:46;26.89;40223.00;47.00;1004.86;203;405;157.26;3;67.40;20.89
2025-10-07 13:04:47;26.90;39955.00;47.00;1004.87;203;405;157.26;3;67.40;20.90
2025-10-07 13:04:48;26.90;39993.00;47.00;1004.87;203;405;157.26;3;67.40;20.90
2025-10-07 13:04:49;26.91;40031.00;47.00;1004.87;204;406;159.03;3;67.40;20.91
2025-10-07 13:04:50;26.91;39955.00;47.00;1004.86;204;406;159.03;3;67.40;20.91
2025-10-07 13:04:51;26.92;40031.00;47.00;1004.87;204;406;159.03;3;67.40;20.92
2025-10-07 13:04:52;26.92;40261.00;47.00;1004.86;203;406;158.81;3;67.40;20.92
2025-10-07 13:04:53;26.92;39917.00;47.00;1004.87;203;406;158.81;3;67.40;20.92
2025-10-07 13:04:54;26.92;40184.00;47.00;1004.86;203;406;158.81;3;67.40;20.92
2025-10-07 13:04:55;26.93;40338.00;47.00;1004.86;203;404;156.18;3;67.40;20.93
2025-10-07 13:04:56;26.93;40261.00;47.00;1004.91;203;404;156.18;3;67.40;20.93
2025-10-07 13:04:57;26.94;40261.00;47.00;1004.86;203;404;156.18;3;67.40;20.94
2025-10-07 13:04:58;26.94;40223.00;47.00;1004.90;203;404;154.72;3;67.40;20.94
2025-10-07 13:04:59;26.94;40377.00;47.00;1004.90;203;404;154.72;3;67.40;20.94
2025-10-07 13:05:00;26.95;39955.00;47.00;1004.90;203;404;154.72;3;67.39;20.95
2025-10-07 13:05:01;26.95;39993.00;47.00;1004.87;203;405;156.51;3;67.39;20.95
2025-10-07 13:05:02;26.96;40261.00;47.00;1004.87;203;405;156.51;3;67.39;20.96
2025-10-07 13:05:03;26.96;40377.00;47.00;1004.90;203;405;156.51;3;67.39;20.96
2025-10-07 13:05:04;26.96;40108.00;47.00;1004.90;203;404;153.85;3;67.39;20.96
2025-10-07 13:05:05;26.96;40300.00;47.00;1004.90;203;404;153.85;3;67.39;20.96
2025-10-07 13:05:06;26.97;39917.00;47.00;1004.90;203;404;153.85;3;67.39;20.97
2025-10-07 13:05:07;26.97;40108.00;47.00;1004.87;203;405;156.19;3;67.39;20.97
2025-10-07 13:05:08;26.97;40416.00;47.00;1004.87;203;405;156.19;3;67.39;20.97
2025-10-07 13:05:09;26.98;40146.00;47.00;1004.90;203;405;156.19;3;67.39;20.98
2025-10-07 13:05:10;26.99;40338.00;47.00;1004.90;203;405;156.73;3;67.39;20.99
2025-10-07 13:05:11;26.99;39766.00;47.00;1004.87;203;405;156.73;3;67.39;20.99
2025-10-07 13:05:12;26.99;40455.00;47.00;1004.87;203;405;156.73;3;67.39;20.99
2025-10-07 13:05:13;26.99;40300.00;47.00;1004.87;203;404;155.28;3;67.39;20.99
2025-10-07 13:05:14;27.00;40146.00;47.00;1004.87;203;404;155.28;3;67.38;21.00
2025-10-07 13:05:15;27.00;40184.00;47.00;1004.87;203;404;155.28;3;67.38;21.00
2025-10-07 13:05:16;27.00;40300.00;47.00;1004.90;203;405;156.36;3;67.38;21.00
2025-10-07 13:05:17;27.00;39917.00;47.00;1004.90;203;405;156.36;3;67.38;21.00
2025-10-07 13:05:18;27.01;40455.00;47.00;1004.87;203;405;156.36;3;67.38;21.01
2025-10-07 13:05:19;27.00;39993.00;47.00;1004.87;203;405;157.05;3;67.38;21.00
2025-10-07 13:05:20;27.01;40416.00;47.00;1004.87;203;405;157.05;3;67.38;21.01
2025-10-07 13:05:21;27.02;40031.00;47.00;1004.87;203;405;157.05;3;67.38;21.02
2025-10-07 13:05:22;27.02;40261.00;47.00;1004.87;203;404;153.94;3;67.38;21.02
2025-10-07 13:05:23;27.03;40300.00;47.00;1004.87;203;404;153.94;3;67.38;21.03
2025-10-07 13:05:24;27.03;40377.00;47.00;1004.87;203;404;153.94;3;67.38;21.03
2025-10-07 13:05:25;27.04;39879.00;47.00;1004.87;202;402;149.36;3;67.38;21.04
2025-10-07 13:05:26;27.03;39955.00;47.00;1004.86;202;402;149.36;3;67.38;21.03
2025-10-07 13:05:27;27.04;40146.00;47.00;1004.87;202;402;149.36;3;67.38;21.04
2025-10-07 13:05:28;27.04;40223.00;47.00;1004.87;202;401;148.92;3;67.38;21.04
2025-10-07 13:05:29;27.05;40338.00;47.00;1004.87;202;401;148.92;3;67.38;21.05
2025-10-07 13:05:30;27.05;40031.00;47.00;1004.86;202;401;148.92;3;67.38;21.05
2025-10-07 13:05:31;27.05;39955.00;47.00;1004.86;202;403;151.95;3;67.38;21.05
