timestamp;temperature;gas;humidity;barometer;IAQ;IAQ_S;VOCS;accuracy;humidty_corrected;temp_corrected
2025-10-07 13:46:59;23.07;81758.00;55.00;1004.43;32;28;0.52;1;79.71;17.07
2025-10-07 13:47:00;23.07;81917.00;55.00;1004.41;32;28;0.52;1;79.71;17.07
2025-10-07 13:47:01;23.07;81758.00;55.00;1004.41;32;28;0.52;1;79.71;17.07
2025-10-07 13:47:02;23.07;81599.00;55.00;1004.43;29;27;0.51;1;79.71;17.07
2025-10-07 13:47:03;23.06;81599.00;55.00;1004.41;29;27;0.51;1;79.72;17.06
2025-10-07 13:47:04;23.06;81441.00;55.00;1004.41;29;27;0.51;1;79.72;17.06
2025-10-07 13:47:05;23.07;80814.00;55.00;1004.43;31;27;0.52;1;79.71;17.07
2025-10-07 13:47:06;23.06;80892.00;55.00;1004.43;31;27;0.52;1;79.72;17.06
2025-10-07 13:47:07;23.06;81678.00;55.00;1004.43;31;27;0.52;1;79.72;17.06
2025-10-07 13:47:08;23.06;81599.00;55.00;1004.43;29;26;0.51;1;79.72;17.06
2025-10-07 13:47:09;23.05;81678.00;55.00;1004.37;29;26;0.51;1;79.72;17.05
2025-10-07 13:47:10;23.05;81599.00;55.00;1004.37;29;26;0.51;1;79.72;17.05
2025-10-07 13:47:11;23.05;82238.00;55.00;1004.39;29;26;0.51;1;79.72;17.05
2025-10-07 13:47:12;23.05;81678.00;55.00;1004.39;25;25;0.49;1;79.72;17.05
2025-10-07 13:47:13;23.05;80970.00;55.00;1004.39;25;25;0.49;1;79.72;17.05
2025-10-07 13:47:14;23.05;80970.00;55.00;1004.39;25;25;0.49;1;79.72;17.05
2025-10-07 13:47:15;23.04;81441.00;55.00;1004.39;27;26;0.50;1;79.72;17.04
2025-10-07 13:47:16;23.05;81837.00;55.00;1004.39;27;26;0.50;1;79.72;17.05
2025-10-07 13:47:17;23.04;81678.00;55.00;1004.39;27;26;0.50;1;79.72;17.04
2025-10-07 13:47:18;23.04;81678.00;55.00;1004.39;26;25;0.50;1;79.72;17.04
2025-10-07 13:47:19;23.04;81283.00;55.00;1004.41;26;25;0.50;1;79.72;17.04
2025-10-07 13:47:20;23.04;81599.00;55.00;1004.39;26;25;0.50;1;79.72;17.04
2025-10-07 13:47:21;23.04;81283.00;55.00;1004.41;25;25;0.50;1;79.72;17.04
2025-10-07 13:47:22;23.03;81283.00;55.00;1004.37;25;25;0.50;1;79.72;17.03
2025-10-07 13:47:23;23.03;81048.00;55.00;1004.39;25;25;0.50;1;79.72;17.03
2025-10-07 13:47:24;23.04;81837.00;55.00;1004.37;27;26;0.50;1;79.72;17.04
2025-10-07 13:47:25;23.03;81362.00;55.00;1004.37;27;26;0.50;1;79.72;17.03
2025-10-07 13:47:26;23.03;81758.00;55.00;1004.39;27;26;0.50;1;79.72;17.03
2025-10-07 13:47:27;23.03;81520.00;55.00;1004.39;26;25;0.50;1;79.72;17.03
2025-10-07 13:47:28;23.02;82238.00;55.00;1004.39;26;25;0.50;1;79.72;17.02
2025-10-07 13:47:29;23.03;81678.00;55.00;1004.37;26;25;0.50;1;79.72;17.03
2025-10-07 13:47:30;23.02;81283.00;55.00;1004.39;25;25;0.50;1;79.72;17.02
2025-10-07 13:47:31;23.02;81441.00;55.00;1004.39;25;25;0.50;1;79.72;17.02
2025-10-07 13:47:32;23.02;81126.00;55.00;1004.39;25;25;0.50;1;79.72;17.02
2025-10-07 13:47:33;23.02;81441.00;55.00;1004.39;27;26;0.50;1;79.72;17.02
2025-10-07 13:47:34;23.02;80737.00;55.00;1004.39;27;26;0.50;1;79.72;17.02
2025-10-07 13:47:35;23.02;80970.00;55.00;1004.39;27;26;0.50;1;79.72;17.02
2025-10-07 13:47:36;23.02;81837.00;55.00;1004.39;29;26;0.51;1;79.72;17.02
2025-10-07 13:47:37;23.03;81837.00;55.00;1004.39;29;26;0.51;1;79.72;17.03
2025-10-07 13:47:38;23.03;81520.00;55.00;1004.39;29;26;0.51;1;79.72;17.03
2025-10-07 13:47:39;23.02;80970.00;55.00;1004.37;29;26;0.51;1;79.72;17.02
2025-10-07 13:47:40;23.02;80892.00;55.00;1004.37;29;26;0.51;1;79.72;17.02
2025-10-07 13:47:41;23.03;81837.00;55.00;1004.39;29;26;0.51;1;79.72;17.03
2025-10-07 13:47:42;23.02;81362.00;55.00;1004.39;26;25;0.50;1;79.72;17.02
2025-10-07 13:47:43;23.02;81362.00;55.00;1004.39;26;25;0.50;1;79.72;17.02
2025-10-07 13:47:44;23.02;81678.00;55.00;1004.39;26;25;0.50;1;79.72;17.02
2025-10-07 13:47:45;23.02;80892.00;55.00;1004.39;25;25;0.50;1;79.72;17.02
2025-10-07 13:47:46;23.02;81126.00;55.00;1004.41;25;25;0.50;1;79.72;17.02
2025-10-07 13:47:47;23.02;82480.00;55.00;1004.39;25;25;0.50;1;79.72;17.02
2025-10-07 13:47:48;23.02;81758.00;55.00;1004.41;26;25;0.50;1;79.72;17.02
2025-10-07 13:47:49;23.01;81997.00;55.00;1004.41;26;25;0.50;1;79.73;17.01
2025-10-07 13:47:50;23.02;81441.00;55.00;1004.37;26;25;0.50;1;79.72;17.02
2025-10-07 13:47:51;23.00;81997.00;55.00;1004.37;26;25;0.50;1;79.73;17.00
2025-10-07 13:47:52;23.01;81917.00;55.00;1004.39;26;25;0.50;1;79.73;17.01
2025-10-07 13:47:53;23.00;81205.00;55.00;1004.39;26;25;0.50;1;79.73;17.00
2025-10-07 13:47:54;23.00;81048.00;55.00;1004.41;28;26;0.51;1;79.73;17.00
2025-10-07 13:47:55;23.00;81205.00;55.00;1004.39;28;26;0.51;1;79.73;17.00
2025-10-07 13:47:56;22.99;82077.00;55.00;1004.39;28;26;0.51;1;79.73;16.99
2025-10-07 13:47:57;22.99;82077.00;55.00;1004.41;25;25;0.50;1;79.73;16.99
2025-10-07 13:47:58;22.98;81283.00;55.00;1004.41;25;25;0.50;1;79.73;16.98
2025-10-07 13:47:59;22.97;82157.00;55.00;1004.39;25;25;0.50;1;79.74;16.97
2025-10-07 13:48:00;22.96;81917.00;55.00;1004.41;25;25;0.49;1;79.74;16.96
2025-10-07 13:48:01;22.96;82399.00;55.00;1004.39;25;25;0.49;1;79.74;16.96
2025-10-07 13:48:02;22.95;81599.00;55.00;1004.39;25;25;0.49;1;79.74;16.95
2025-10-07 13:48:03;22.95;81599.00;55.00;1004.41;24;24;0.49;1;79.74;16.95
2025-10-07 13:48:04;22.94;82318.00;55.00;1004.39;24;24;0.49;1;79.74;16.94
2025-10-07 13:48:05;22.93;81599.00;55.00;1004.39;24;24;0.49;1;79.74;16.93
2025-10-07 13:48:06;22.93;82238.00;55.00;1004.41;25;25;0.50;1;79.74;16.93
2025-10-07 13:48:07;22.92;81917.00;55.00;1004.43;25;25;0.50;1;79.75;16.92
2025-10-07 13:48:08;22.92;82886.00;55.00;1004.41;25;25;0.50;1;79.75;16.92
2025-10-07 13:48:09;22.90;81678.00;55.00;1004.43;26;25;0.50;1;79.75;16.90
2025-10-07 13:48:10;22.90;82399.00;55.00;1004.39;26;25;0.50;1;79.75;16.90
2025-10-07 13:48:11;22.89;82642.00;55.00;1004.41;26;25;0.50;1;79.75;16.89
2025-10-07 13:48:12;22.88;81837.00;55.00;1004.41;25;25;0.49;1;79.76;16.88
2025-10-07 13:48:13;22.88;81758.00;55.00;1004.41;25;25;0.49;1;79.76;16.88
2025-10-07 13:48:14;22.88;82805.00;55.00;1004.43;25;25;0.49;1;79.76;16.88
2025-10-07 13:48:15;22.87;82077.00;55.00;1004.43;25;25;0.49;1;79.76;16.87
2025-10-07 13:48:16;22.86;82723.00;55.00;1004.43;25;25;0.49;1;79.76;16.86
2025-10-07 13:48:17;22.86;82723.00;55.00;1004.43;25;25;0.49;1;79.76;16.86
2025-10-07 13:48:18;22.86;81837.00;55.00;1004.44;25;25;0.50;1;79.76;16.86
2025-10-07 13:48:19;22.85;82077.00;55.00;1004.43;25;25;0.50;1;79.76;16.85
2025-10-07 13:48:20;22.85;81758.00;55.00;1004.43;25;25;0.50;1;79.76;16.85
2025-10-07 13:48:21;22.84;81758.00;55.00;1004.44;24;24;0.49;1;79.77;16.84
2025-10-07 13:48:22;22.84;82480.00;55.00;1004.44;24;24;0.49;1;79.77;16.84
2025-10-07 13:48:23;22.84;82157.00;55.00;1004.44;24;24;0.49;1;79.77;16.84
2025-10-07 13:48:24;22.83;82077.00;55.00;1004.41;26;25;0.50;1;79.77;16.83
2025-10-07 13:48:25;22.83;81837.00;55.00;1004.41;26;25;0.50;1;79.77;16.83
2025-10-07 13:48:26;22.83;81997.00;55.00;1004.41;26;25;0.50;1;79.77;16.83
2025-10-07 13:48:27;22.82;82561.00;55.00;1004.41;27;26;0.50;1;79.77;16.82
2025-10-07 13:48:28;22.82;82318.00;55.00;1004.43;27;26;0.50;1;79.77;16.82
2025-10-07 13:48:29;22.83;82077.00;55.00;1004.43;27;26;0.50;1;79.77;16.83
2025-10-07 13:48:30;22.82;82399.00;55.00;1004.41;28;26;0.51;1;79.77;16.82
2025-10-07 13:48:31;22.82;82642.00;55.00;1004.41;28;26;0.51;1;79.77;16.82
2025-10-07 13:48:32;22.82;81997.00;55.00;1004.43;28;26;0.51;1;79.77;16.82
2025-10-07 13:48:33;22.81;81837.00;55.00;1004.41;30;27;0.51;1;79.77;16.81
2025-10-07 13:48:34;22.82;81678.00;55.00;1004.41;30;27;0.51;1;79.77;16.82
2025-10-07 13:48:35;22.82;83050.00;55.00;1004.43;30;27;0.51;1;79.77;16.82
2025-10-07 13:48:36;22.83;82157.00;55.00;1004.43;30;27;0.51;1;79.77;16.83
2025-10-07 13:48:37;22.83;82238.00;55.00;1004.43;30;27;0.51;1;79.77;16.83
2025-10-07 13:48:38;22.83;81917.00;55.00;1004.41;30;27;0.51;1;79.77;16.83
2025-10-07 13:48:39;22.83;81837.00;55.00;1004.41;29;27;0.51;1;79.77;16.83
2025-10-07 13:48:40;22.84;81362.00;55.00;1004.44;29;27;0.51;1;79.77;16.84
2025-10-07 13:48:41;22.84;81205.00;55.00;1004.44;29;27;0.51;1;79.77;16.84
2025-10-07 13:48:42;22.84;81917.00;55.00;1004.44;30;27;0.51;1;79.77;16.84
2025-10-07 13:48:43;22.85;80970.00;55.00;1004.44;30;27;0.51;1;79.76;16.85
2025-10-07 13:48:44;22.85;81205.00;55.00;1004.43;30;27;0.51;1;79.76;16.85
2025-10-07 13:48:45;22.85;80737.00;55.00;1004.43;33;28;0.52;1;79.76;16.85
2025-10-07 13:48:46;22.86;80197.00;55.00;1004.47;33;28;0.52;1;79.76;16.86
2025-10-07 13:48:47;22.86;77320.00;55.00;1004.47;33;28;0.52;1;79.76;16.86
2025-10-07 13:48:48;22.85;72831.00;55.00;1004.43;64;42;0.65;1;79.76;16.85
2025-10-07 13:48:49;22.86;67184.00;55.00;1004.44;64;42;0.65;1;79.76;16.86
2025-10-07 13:48:50;22.86;66545.00;55.00;1004.44;64;42;0.65;1;79.76;16.86
2025-10-07 13:48:51;22.86;66545.00;55.00;1004.44;129;70;0.99;1;79.76;16.86
2025-10-07 13:48:52;22.87;67184.00;55.00;1004.44;129;70;0.99;1;79.76;16.87
2025-10-07 13:48:53;22.87;67291.00;55.00;1004.43;129;70;0.99;1;79.76;16.87
2025-10-07 13:48:54;22.86;66810.00;55.00;1004.43;172;89;1.32;1;79.76;16.86
2025-10-07 13:48:55;22.87;66231.00;55.00;1004.43;172;89;1.32;1;79.76;16.87
2025-10-07 13:48:56;22.87;65867.00;55.00;1004.41;172;89;1.32;1;79.76;16.87
2025-10-07 13:48:57;22.87;57645.00;55.00;1004.41;228;113;1.91;1;79.76;16.87
2025-10-07 13:48:58;22.88;49497.00;55.00;1004.44;228;113;1.91;1;79.76;16.88
2025-10-07 13:48:59;22.87;48864.00;55.00;1004.43;228;113;1.91;1;79.76;16.87
2025-10-07 13:49:00;22.87;47511.00;55.00;1004.43;250;169;4.42;2;79.76;16.87
2025-10-07 13:49:01;22.88;47699.00;55.00;1004.44;250;169;4.42;2;79.76;16.88
2025-10-07 13:49:02;22.88;48137.00;55.00;1004.43;250;169;4.42;2;79.76;16.88
2025-10-07 13:49:03;22.87;49064.00;55.00;1004.43;305;205;7.69;2;79.76;16.87
2025-10-07 13:49:04;22.87;51279.00;55.00;1004.44;305;205;7.69;2;79.76;16.87
2025-10-07 13:49:05;22.88;53876.00;55.00;1004.41;305;205;7.69;2;79.76;16.88
2025-10-07 13:49:06;22.87;54932.00;56.00;1004.43;315;213;8.57;2;81.21;16.87
2025-10-07 13:49:07;22.87;57058.00;55.00;1004.44;315;213;8.57;2;79.76;16.87
2025-10-07 13:49:08;22.86;57923.00;55.00;1004.44;315;213;8.57;2;79.76;16.86
2025-10-07 13:49:09;22.86;58569.00;56.00;1004.43;315;213;8.57;2;81.21;16.86
2025-10-07 13:49:10;22.85;60903.00;55.00;1004.43;306;207;7.93;2;79.76;16.85
2025-10-07 13:49:11;22.85;61845.00;55.00;1004.44;306;207;7.93;2;79.76;16.85
2025-10-07 13:49:12;22.84;61259.00;55.00;1004.47;306;207;7.93;2;79.77;16.84
2025-10-07 13:49:13;22.84;61438.00;55.00;1004.43;289;197;6.78;2;79.77;16.84
2025-10-07 13:49:14;22.83;62628.00;55.00;1004.41;289;197;6.78;2;79.77;16.83
2025-10-07 13:49:15;22.83;63193.00;55.00;1004.41;289;197;6.78;2;79.77;16.83
2025-10-07 13:49:16;22.82;64552.00;55.00;1004.43;269;185;5.66;2;79.77;16.82
2025-10-07 13:49:17;22.82;64602.00;55.00;1004.43;269;185;5.66;2;79.77;16.82
2025-10-07 13:49:18;22.82;65254.00;55.00;1004.43;269;185;5.66;2;79.77;16.82
2025-10-07 13:49:19;22.82;65764.00;55.00;1004.43;249;172;4.64;2;79.77;16.82
2025-10-07 13:49:20;22.83;66440.00;55.00;1004.43;249;172;4.64;2;79.77;16.83
2025-10-07 13:49:21;22.82;66916.00;55.00;1004.41;249;172;4.64;2;79.77;16.82
2025-10-07 13:49:22;22.82;66335.00;55.00;1004.43;229;159;3.81;2;79.77;16.82
2025-10-07 13:49:23;22.83;67023.00;55.00;1004.41;229;159;3.81;2;79.77;16.83
2025-10-07 13:49:24;22.83;67889.00;55.00;1004.41;229;159;3.81;2;79.77;16.83
2025-10-07 13:49:25;22.83;68331.00;55.00;1004.41;212;148;3.21;2;79.77;16.83
2025-10-07 13:49:26;22.83;69061.00;55.00;1004.47;212;148;3.21;2;79.77;16.83
2025-10-07 13:49:27;22.84;69691.00;55.00;1004.47;212;148;3.21;2;79.77;16.84
2025-10-07 13:49:28;22.83;70628.00;55.00;1004.39;194;136;2.69;2;79.77;16.83
2025-10-07 13:49:29;22.83;71106.00;55.00;1004.41;194;136;2.69;2;79.77;16.83
2025-10-07 13:49:30;22.84;71226.00;55.00;1004.47;194;136;2.69;2;79.77;16.84
2025-10-07 13:49:31;22.84;71896.00;55.00;1004.47;177;124;2.25;2;79.77;16.84
2025-10-07 13:49:32;22.84;70568.00;55.00;1004.47;177;124;2.25;2;79.77;16.84
2025-10-07 13:49:33;22.84;69691.00;55.00;1004.44;177;124;2.25;2;79.77;16.84
2025-10-07 13:49:34;22.85;69806.00;55.00;1004.44;170;120;2.11;2;79.76;16.85
2025-10-07 13:49:35;22.85;69004.00;55.00;1004.44;170;120;2.11;2;79.76;16.85
2025-10-07 13:49:36;22.85;68834.00;55.00;1004.44;170;120;2.11;2;79.76;16.85
2025-10-07 13:49:37;22.84;69117.00;55.00;1004.44;168;119;2.07;2;79.77;16.84
2025-10-07 13:49:38;22.84;68722.00;55.00;1004.43;168;119;2.07;2;79.77;16.84
2025-10-07 13:49:39;22.85;68778.00;55.00;1004.43;168;119;2.07;2;79.76;16.85
2025-10-07 13:49:40;22.85;69575.00;55.00;1004.43;167;118;2.04;2;79.76;16.85
2025-10-07 13:49:41;22.85;69922.00;55.00;1004.47;167;118;2.04;2;79.76;16.85
2025-10-07 13:49:42;22.85;69518.00;55.00;1004.43;167;118;2.04;2;79.76;16.85
2025-10-07 13:49:43;22.85;69864.00;55.00;1004.44;164;116;1.98;2;79.76;16.85
2025-10-07 13:49:44;22.86;70332.00;55.00;1004.44;164;116;1.98;2;79.76;16.86
2025-10-07 13:49:45;22.86;70926.00;55.00;1004.44;164;116;1.98;2;79.76;16.86
2025-10-07 13:49:46;22.86;70866.00;55.00;1004.43;157;112;1.86;2;79.76;16.86
2025-10-07 13:49:47;22.86;69981.00;55.00;1004.44;157;112;1.86;2;79.76;16.86
2025-10-07 13:49:48;22.86;67999.00;55.00;1004.44;157;112;1.86;2;79.76;16.86
2025-10-07 13:49:49;22.86;63527.00;55.00;1004.43;165;117;2.01;2;79.76;16.86
2025-10-07 13:49:50;22.85;61169.00;55.00;1004.44;165;117;2.01;2;79.76;16.85
2025-10-07 13:49:51;22.84;58980.00;55.00;1004.44;165;117;2.01;2;79.77;16.84
2025-10-07 13:49:52;22.84;58488.00;55.00;1004.47;202;141;2.89;2;79.77;16.84
2025-10-07 13:49:53;22.84;58692.00;55.00;1004.47;202;141;2.89;2;79.77;16.84
2025-10-07 13:49:54;22.84;59188.00;55.00;1004.47;202;141;2.89;2;79.77;16.84
2025-10-07 13:49:55;22.84;59650.00;55.00;1004.47;227;158;3.73;2;79.77;16.84
2025-10-07 13:49:56;22.84;58528.00;55.00;1004.43;227;158;3.73;2;79.77;16.84
2025-10-07 13:49:57;22.84;57844.00;55.00;1004.44;227;158;3.73;2;79.77;16.84
2025-10-07 13:49:58;22.85;55845.00;55.00;1004.44;250;172;4.64;2;79.76;16.85
2025-10-07 13:49:59;22.85;56750.00;55.00;1004.44;250;172;4.64;2;79.76;16.85
2025-10-07 13:50:00;22.86;57804.00;55.00;1004.44;250;172;4.64;2;79.76;16.86
2025-10-07 13:50:01;22.86;59313.00;55.00;1004.44;261;181;5.29;2;79.76;16.86
2025-10-07 13:50:02;22.86;60119.00;55.00;1004.44;261;181;5.29;2;79.76;16.86
2025-10-07 13:50:03;22.87;61303.00;55.00;1004.44;261;181;5.29;2;79.76;16.87
2025-10-07 13:50:04;22.87;60119.00;55.00;1004.44;259;180;5.21;2;79.76;16.87
2025-10-07 13:50:05;22.87;48414.00;55.00;1004.43;259;180;5.21;2;79.76;16.87
2025-10-07 13:50:06;22.86;35504.00;56.00;1004.43;259;180;5.21;2;81.21;16.86
2025-10-07 13:50:07;22.86;23533.00;56.00;1004.44;446;305;34.54;2;81.21;16.86
2025-10-07 13:50:08;22.86;17440.00;56.00;1004.44;446;305;34.54;2;81.21;16.86
2025-10-07 13:50:09;22.86;15162.00;56.00;1004.47;446;305;34.54;2;81.21;16.86
2025-10-07 13:50:10;22.85;14267.00;56.00;1004.43;500;489;563.68;2;81.21;16.85
2025-10-07 13:50:11;22.85;14209.00;56.00;1004.47;500;489;563.68;2;81.21;16.85
2025-10-07 13:50:12;22.86;14947.00;57.00;1004.44;500;489;563.68;2;82.66;16.86
2025-10-07 13:50:13;22.86;17085.00;57.00;1004.44;500;607;344.64;2;82.66;16.86
2025-10-07 13:50:14;22.86;18306.00;57.00;1004.44;500;607;344.64;2;82.66;16.86
2025-10-07 13:50:15;22.86;18697.00;57.00;1004.47;500;607;344.64;2;82.66;16.86
2025-10-07 13:50:16;22.86;20503.00;57.00;1004.47;500;649;344.64;2;82.66;16.86
2025-10-07 13:50:17;22.86;23273.00;57.00;1004.47;500;649;344.64;2;82.66;16.86
2025-10-07 13:50:18;22.85;24807.00;57.00;1004.44;500;649;344.64;2;82.66;16.85
2025-10-07 13:50:19;22.84;26832.00;57.00;1004.44;500;638;344.64;2;82.67;16.84
2025-10-07 13:50:20;22.85;29237.00;57.00;1004.44;500;638;344.64;2;82.66;16.85
2025-10-07 13:50:21;22.85;31562.00;57.00;1004.44;500;638;344.64;2;82.66;16.85
2025-10-07 13:50:22;22.85;32389.00;57.00;1004.47;500;595;344.64;2;82.66;16.85
2025-10-07 13:50:23;22.85;30936.00;57.00;1004.47;500;595;344.64;2;82.66;16.85
2025-10-07 13:50:24;22.86;29670.00;57.00;1004.47;500;595;344.64;2;82.66;16.86
2025-10-07 13:50:25;22.86;25483.00;57.00;1004.47;500;580;344.64;2;82.66;16.86
2025-10-07 13:50:26;22.86;14957.00;57.00;1004.44;500;580;344.64;2;82.66;16.86
2025-10-07 13:50:27;22.86;12980.00;57.00;1004.47;500;580;344.64;2;82.66;16.86
2025-10-07 13:50:28;22.85;12837.00;57.00;1004.47;500;698;344.64;2;82.66;16.85
2025-10-07 13:50:29;22.86;14716.00;57.00;1004.48;500;698;344.64;2;82.66;16.86
2025-10-07 13:50:30;22.85;14113.00;57.00;1004.44;500;698;344.64;2;82.66;16.85
2025-10-07 13:50:31;22.85;13317.00;57.00;1004.43;500;769;344.64;2;82.66;16.85
2025-10-07 13:50:32;22.85;13093.00;57.00;1004.47;500;769;344.64;2;82.66;16.85
2025-10-07 13:50:33;22.86;14001.00;57.00;1004.47;500;769;344.64;2;82.66;16.86
2025-10-07 13:50:34;22.86;16907.00;57.00;1004.47;500;798;344.64;2;82.66;16.86
2025-10-07 13:50:35;22.86;20911.00;57.00;1004.47;500;798;344.64;2;82.66;16.86
2025-10-07 13:50:36;22.86;25576.00;57.00;1004.47;500;798;344.64;2;82.66;16.86
2025-10-07 13:50:37;22.86;26747.00;57.00;1004.47;500;732;344.64;2;82.66;16.86
2025-10-07 13:50:38;22.87;25907.00;57.00;1004.44;500;732;344.64;2;82.66;16.87
2025-10-07 13:50:39;22.86;24221.00;57.00;1004.44;500;732;344.64;2;82.66;16.86
2025-10-07 13:50:40;22.85;25560.00;57.00;1004.43;500;701;344.64;2;82.66;16.85
2025-10-07 13:50:41;22.86;26935.00;57.00;1004.44;500;701;344.64;2;82.66;16.86
2025-10-07 13:50:42;22.87;26987.00;57.00;1004.44;500;701;344.64;2;82.66;16.87
2025-10-07 13:50:43;22.87;22524.00;57.00;1004.44;500;671;344.64;2;82.66;16.87
2025-10-07 13:50:44;22.87;15532.00;57.00;1004.44;500;671;344.64;2;82.66;16.87
2025-10-07 13:50:45;22.87;13798.00;57.00;1004.44;500;671;344.64;2;82.66;16.87
2025-10-07 13:50:46;22.88;12084.00;58.00;1004.47;500;756;344.64;2;84.11;16.88
2025-10-07 13:50:47;22.87;9557.00;58.00;1004.44;500;756;344.64;2;84.11;16.87
2025-10-07 13:50:48;22.88;10526.00;58.00;1004.47;500;756;344.64;2;84.11;16.88
2025-10-07 13:50:49;22.87;13126.00;58.00;1004.44;500;814;344.64;2;84.11;16.87
2025-10-07 13:50:50;22.86;16291.00;58.00;1004.47;500;814;344.64;2;84.11;16.86
2025-10-07 13:50:51;22.86;16600.00;58.00;1004.47;500;814;344.64;2;84.11;16.86
2025-10-07 13:50:52;22.86;18499.00;58.00;1004.47;500;806;344.64;2;84.11;16.86
2025-10-07 13:50:53;22.86;18697.00;58.00;1004.47;500;806;344.64;2;84.11;16.86
2025-10-07 13:50:54;22.86;19585.00;58.00;1004.47;500;806;344.64;2;84.11;16.86
2025-10-07 13:50:55;22.87;20766.00;58.00;1004.47;500;781;344.64;2;84.11;16.87
2025-10-07 13:50:56;22.87;21249.00;58.00;1004.44;500;781;344.64;2;84.11;16.87
2025-10-07 13:50:57;22.88;20766.00;58.00;1004.47;500;781;344.64;2;84.11;16.88
2025-10-07 13:50:58;22.88;19440.00;58.00;1004.47;500;769;344.64;2;84.11;16.88
2025-10-07 13:50:59;22.88;19422.00;58.00;1004.44;500;769;344.64;2;84.11;16.88
2025-10-07 13:51:00;22.88;19476.00;58.00;1004.44;500;769;344.64;2;84.11;16.88
2025-10-07 13:51:01;22.88;20014.00;58.00;1004.47;500;757;344.64;2;84.11;16.88
2025-10-07 13:51:02;22.89;22238.00;58.00;1004.47;500;757;344.64;2;84.10;16.89
2025-10-07 13:51:03;22.90;23560.00;58.00;1004.44;500;757;344.64;2;84.10;16.90
2025-10-07 13:51:04;22.91;24836.00;58.00;1004.43;500;714;344.64;2;84.10;16.91
2025-10-07 13:51:05;22.91;24661.00;58.00;1004.43;500;714;344.64;2;84.10;16.91
2025-10-07 13:51:06;22.91;24041.00;58.00;1004.43;500;714;344.64;2;84.10;16.91
2025-10-07 13:51:07;22.92;24376.00;58.00;1004.44;500;687;344.64;2;84.10;16.92
2025-10-07 13:51:08;22.92;25907.00;58.00;1004.44;500;687;344.64;2;84.10;16.92
2025-10-07 13:51:09;22.92;27752.00;58.00;1004.43;500;687;344.64;2;84.10;16.92
2025-10-07 13:51:10;22.93;30030.00;58.00;1004.43;500;687;344.64;2;84.09;16.93
2025-10-07 13:51:11;22.93;31539.00;58.00;1004.47;500;636;344.64;2;84.09;16.93
2025-10-07 13:51:12;22.94;33631.00;58.00;1004.43;500;636;344.64;2;84.09;16.94
2025-10-07 13:51:13;22.93;36364.00;58.00;1004.47;500;636;344.64;2;84.09;16.93
2025-10-07 13:51:14;22.94;37036.00;58.00;1004.41;500;570;344.64;2;84.09;16.94
2025-10-07 13:51:15;22.93;32614.00;58.00;1004.44;500;570;344.64;2;84.09;16.93
2025-10-07 13:51:16;22.94;32413.00;58.00;1004.44;500;570;344.64;2;84.09;16.94
2025-10-07 13:51:17;22.94;32844.00;58.00;1004.44;500;543;344.64;2;84.09;16.94
2025-10-07 13:51:18;22.95;34150.00;58.00;1004.43;500;543;344.64;2;84.09;16.95
2025-10-07 13:51:19;22.95;35625.00;58.00;1004.43;500;543;344.64;2;84.09;16.95
2025-10-07 13:51:20;22.95;36301.00;57.00;1004.41;500;510;108.94;2;82.64;16.95
2025-10-07 13:51:21;22.95;38179.00;57.00;1004.43;500;510;108.94;2;82.64;16.95
2025-10-07 13:51:22;22.95;38634.00;57.00;1004.44;500;510;108.94;2;82.64;16.95
2025-10-07 13:51:23;22.95;40184.00;57.00;1004.44;500;474;445.17;2;82.64;16.95
2025-10-07 13:51:24;22.96;40729.00;57.00;1004.44;500;474;445.17;2;82.64;16.96
2025-10-07 13:51:25;22.96;41167.00;57.00;1004.44;500;474;445.17;2;82.64;16.96
2025-10-07 13:51:26;22.96;41288.00;57.00;1004.44;500;439;263.70;2;82.64;16.96
2025-10-07 13:51:27;22.97;41739.00;57.00;1004.43;500;439;263.70;2;82.64;16.97
2025-10-07 13:51:28;22.97;41574.00;57.00;1004.43;500;439;263.70;2;82.64;16.97
2025-10-07 13:51:29;22.97;41864.00;57.00;1004.43;500;414;179.46;2;82.64;16.97
2025-10-07 13:51:30;22.97;41167.00;57.00;1004.43;500;414;179.46;2;82.64;16.97
2025-10-07 13:51:31;22.97;40377.00;57.00;1004.44;500;414;179.46;2;82.64;16.97
2025-10-07 13:51:32;22.97;37767.00;57.00;1004.44;500;407;161.22;2;82.64;16.97
2025-10-07 13:51:33;22.98;38006.00;57.00;1004.44;500;407;161.22;2;82.63;16.98
2025-10-07 13:51:34;22.98;38248.00;57.00;1004.44;500;407;161.22;2;82.63;16.98
2025-10-07 13:51:35;22.98;39101.00;57.00;1004.43;500;403;152.93;2;82.63;16.98
2025-10-07 13:51:36;22.98;40494.00;57.00;1004.43;500;403;152.93;2;82.63;16.98
2025-10-07 13:51:37;22.98;41288.00;57.00;1004.43;500;403;152.93;2;82.63;16.98
2025-10-07 13:51:38;22.98;41047.00;57.00;1004.43;500;390;125.08;2;82.63;16.98
2025-10-07 13:51:39;22.99;41739.00;57.00;1004.43;500;390;125.08;2;82.63;16.99
2025-10-07 13:51:40;22.99;41370.00;57.00;1004.41;500;390;125.08;2;82.63;16.99
2025-10-07 13:51:41;22.99;41864.00;57.00;1004.43;495;379;106.56;2;82.63;16.99
2025-10-07 13:51:42;22.99;42284.00;57.00;1004.44;495;379;106.56;2;82.63;16.99
2025-10-07 13:51:43;22.99;42975.00;57.00;1004.43;495;379;106.56;2;82.63;16.99
2025-10-07 13:51:44;22.99;42844.00;57.00;1004.41;477;367;88.57;2;82.63;16.99
2025-10-07 13:51:45;22.99;43872.00;57.00;1004.43;477;367;88.57;2;82.63;16.99
2025-10-07 13:51:46;23.00;45632.00;57.00;1004.43;477;367;88.57;2;82.63;17.00
2025-10-07 13:51:47;23.00;49179.00;57.00;1004.43;444;343;61.75;2;82.63;17.00
2025-10-07 13:51:48;23.01;52365.00;57.00;1004.43;444;343;61.75;2;82.63;17.01
2025-10-07 13:51:49;23.01;55367.00;57.00;1004.44;444;343;61.75;2;82.63;17.01
2025-10-07 13:51:50;23.01;56712.00;57.00;1004.43;389;302;33.31;2;82.63;17.01
2025-10-07 13:51:51;23.01;56597.00;57.00;1004.41;389;302;33.31;2;82.63;17.01
2025-10-07 13:51:52;23.02;55956.00;57.00;1004.43;389;302;33.31;2;82.62;17.02
2025-10-07 13:51:53;23.02;54682.00;57.00;1004.43;348;272;21.21;2;82.62;17.02
2025-10-07 13:51:54;23.02;53060.00;57.00;1004.41;348;272;21.21;2;82.62;17.02
2025-10-07 13:51:55;23.03;53738.00;57.00;1004.43;348;272;21.21;2;82.62;17.03
2025-10-07 13:51:56;23.04;54470.00;57.00;1004.44;327;257;16.86;2;82.62;17.04
2025-10-07 13:51:57;23.03;56369.00;57.00;1004.41;327;257;16.86;2;82.62;17.03
2025-10-07 13:51:58;23.03;57487.00;57.00;1004.43;327;257;16.86;2;82.62;17.03
2025-10-07 13:51:59;23.04;57963.00;57.00;1004.43;300;237;12.43;2;82.62;17.04
2025-10-07 13:52:00;23.05;58528.00;57.00;1004.43;300;237;12.43;2;82.62;17.05
2025-10-07 13:52:01;23.04;58528.00;57.00;1004.43;300;237;12.43;2;82.62;17.04
2025-10-07 13:52:02;23.05;58447.00;57.00;1004.43;277;220;9.65;2;82.62;17.05
2025-10-07 13:52:03;23.05;57370.00;56.00;1004.43;277;220;9.65;2;81.17;17.05
2025-10-07 13:52:04;23.05;54861.00;56.00;1004.47;277;220;9.65;2;81.17;17.05
2025-10-07 13:52:05;23.05;51185.00;56.00;1004.41;275;219;9.49;2;81.17;17.05
2025-10-07 13:52:06;23.05;50753.00;56.00;1004.44;275;219;9.49;2;81.17;17.05
2025-10-07 13:52:07;23.06;52138.00;56.00;1004.44;275;219;9.49;2;81.16;17.06
2025-10-07 13:52:08;23.06;53980.00;56.00;1004.47;282;225;10.38;2;81.16;17.06
2025-10-07 13:52:09;23.06;54861.00;56.00;1004.44;282;225;10.38;2;81.16;17.06
2025-10-07 13:52:10;23.07;55257.00;56.00;1004.44;282;225;10.38;2;81.16;17.07
2025-10-07 13:52:11;23.07;55440.00;56.00;1004.44;277;222;9.92;2;81.16;17.07
2025-10-07 13:52:12;23.07;55294.00;56.00;1004.43;277;222;9.92;2;81.16;17.07
2025-10-07 13:52:13;23.07;55330.00;56.00;1004.47;277;222;9.92;2;81.16;17.07
2025-10-07 13:52:14;23.07;56407.00;56.00;1004.43;272;219;9.44;2;81.16;17.07
2025-10-07 13:52:15;23.07;56712.00;56.00;1004.47;272;219;9.44;2;81.16;17.07
2025-10-07 13:52:16;23.07;57136.00;56.00;1004.43;272;219;9.44;2;81.16;17.07
2025-10-07 13:52:17;23.08;56445.00;56.00;1004.44;264;214;8.76;2;81.16;17.08
2025-10-07 13:52:18;23.08;56597.00;56.00;1004.44;264;214;8.76;2;81.16;17.08
2025-10-07 13:52:19;23.08;57409.00;56.00;1004.44;264;214;8.76;2;81.16;17.08
2025-10-07 13:52:20;23.08;57487.00;56.00;1004.44;256;208;8.04;2;81.16;17.08
2025-10-07 13:52:21;23.08;56788.00;56.00;1004.44;256;208;8.04;2;81.16;17.08
2025-10-07 13:52:22;23.08;41127.00;56.00;1004.47;256;208;8.04;2;81.16;17.08
2025-10-07 13:52:23;23.07;26866.00;56.00;1004.43;375;303;33.83;2;81.16;17.07
2025-10-07 13:52:24;23.06;19001.00;56.00;1004.44;375;303;33.83;2;81.16;17.06
2025-10-07 13:52:25;23.06;16866.00;56.00;1004.44;375;303;33.83;2;81.16;17.06
2025-10-07 13:52:26;23.06;18195.00;57.00;1004.44;500;462;369.91;2;82.61;17.06
2025-10-07 13:52:27;23.06;19245.00;57.00;1004.44;500;462;369.91;2;82.61;17.06
2025-10-07 13:52:28;23.06;20246.00;57.00;1004.43;500;462;369.91;2;82.61;17.06
2025-10-07 13:52:29;23.07;20786.00;57.00;1004.44;500;540;344.64;2;82.61;17.07
2025-10-07 13:52:30;23.07;21270.00;57.00;1004.43;500;540;344.64;2;82.61;17.07
2025-10-07 13:52:31;23.07;21314.00;57.00;1004.43;500;540;344.64;2;82.61;17.07
2025-10-07 13:52:32;23.08;21015.00;57.00;1004.47;500;588;344.64;2;82.61;17.08
2025-10-07 13:52:33;23.08;21249.00;57.00;1004.44;500;588;344.64;2;82.61;17.08
2025-10-07 13:52:34;23.08;21357.00;57.00;1004.44;500;588;344.64;2;82.61;17.08
2025-10-07 13:52:35;23.09;21335.00;57.00;1004.44;500;620;344.64;2;82.61;17.09
2025-10-07 13:52:36;23.09;21845.00;57.00;1004.44;500;620;344.64;2;82.61;17.09
2025-10-07 13:52:37;23.09;22357.00;57.00;1004.47;500;620;344.64;2;82.61;17.09
2025-10-07 13:52:38;23.10;23221.00;57.00;1004.47;500;629;344.64;2;82.61;17.10
2025-10-07 13:52:39;23.09;24333.00;57.00;1004.44;500;629;344.64;2;82.61;17.09
2025-10-07 13:52:40;23.10;24749.00;57.00;1004.44;500;629;344.64;2;82.61;17.10
2025-10-07 13:52:41;23.10;25360.00;57.00;1004.44;500;623;344.64;2;82.61;17.10
2025-10-07 13:52:42;23.11;25859.00;57.00;1004.43;500;623;344.64;2;82.60;17.11
2025-10-07 13:52:43;23.11;26116.00;57.00;1004.43;500;623;344.64;2;82.60;17.11
2025-10-07 13:52:44;23.12;26561.00;57.00;1004.44;500;610;344.64;2;82.60;17.12
2025-10-07 13:52:45;23.11;26935.00;57.00;1004.44;500;610;344.64;2;82.60;17.11
2025-10-07 13:52:46;23.12;27698.00;57.00;1004.44;500;610;344.64;2;82.60;17.12
2025-10-07 13:52:47;23.12;29016.00;57.00;1004.44;500;590;344.64;2;82.60;17.12
2025-10-07 13:52:48;23.12;30009.00;57.00;1004.44;500;590;344.64;2;82.60;17.12
2025-10-07 13:52:49;23.13;31562.00;57.00;1004.44;500;590;344.64;2;82.60;17.13
2025-10-07 13:52:50;23.12;33418.00;57.00;1004.44;500;553;344.64;2;82.60;17.12
2025-10-07 13:52:51;23.12;35807.00;57.00;1004.43;500;553;344.64;2;82.60;17.12
2025-10-07 13:52:52;23.12;36458.00;57.00;1004.43;500;553;344.64;2;82.60;17.12
2025-10-07 13:52:53;23.13;37632.00;57.00;1004.43;500;508;89.65;2;82.60;17.13
2025-10-07 13:52:54;23.13;37835.00;57.00;1004.43;500;508;89.65;2;82.60;17.13
2025-10-07 13:52:55;23.13;37498.00;57.00;1004.43;500;508;89.65;2;82.60;17.13
2025-10-07 13:52:56;23.13;37599.00;57.00;1004.47;500;476;459.27;2;82.60;17.13
2025-10-07 13:52:57;23.13;39879.00;57.00;1004.44;500;476;459.27;2;82.60;17.13
2025-10-07 13:52:58;23.14;41615.00;57.00;1004.44;500;476;459.27;2;82.60;17.14
2025-10-07 13:52:59;23.14;42888.00;57.00;1004.44;500;433;240.66;2;82.60;17.14
2025-10-07 13:53:00;23.14;44009.00;57.00;1004.44;500;433;240.66;2;82.60;17.14
2025-10-07 13:53:01;23.14;44758.00;57.00;1004.43;500;433;240.66;2;82.60;17.14
2025-10-07 13:53:02;23.14;44522.00;57.00;1004.43;472;398;141.00;2;82.60;17.14
2025-10-07 13:53:03;23.14;44616.00;57.00;1004.43;472;398;141.00;2;82.60;17.14
2025-10-07 13:53:04;23.14;45046.00;57.00;1004.43;472;398;141.00;2;82.60;17.14
2025-10-07 13:53:05;23.14;46082.00;57.00;1004.43;435;368;89.83;2;82.60;17.14
2025-10-07 13:53:06;23.14;45981.00;57.00;1004.43;435;368;89.83;2;82.60;17.14
2025-10-07 13:53:07;23.15;47297.00;57.00;1004.43;435;368;89.83;2;82.59;17.15
2025-10-07 13:53:08;23.15;47672.00;57.00;1004.43;435;368;89.83;2;82.59;17.15
2025-10-07 13:53:09;23.14;47727.00;57.00;1004.43;403;342;60.71;2;82.60;17.14
2025-10-07 13:53:10;23.15;48330.00;56.00;1004.43;403;342;60.71;2;81.14;17.15
2025-10-07 13:53:11;23.15;48808.00;56.00;1004.43;403;342;60.71;2;81.14;17.15
2025-10-07 13:53:12;23.15;49294.00;56.00;1004.44;376;321;44.00;2;81.14;17.15
2025-10-07 13:53:13;23.15;49820.00;56.00;1004.44;376;321;44.00;2;81.14;17.15
2025-10-07 13:53:14;23.15;50448.00;56.00;1004.44;376;321;44.00;2;81.14;17.15
2025-10-07 13:53:15;23.15;50478.00;56.00;1004.44;352;301;32.61;2;81.14;17.15
2025-10-07 13:53:16;23.16;51123.00;56.00;1004.44;352;301;32.61;2;81.14;17.16
2025-10-07 13:53:17;23.16;51977.00;56.00;1004.44;352;301;32.61;2;81.14;17.16
2025-10-07 13:53:18;23.16;53026.00;56.00;1004.44;329;283;24.72;2;81.14;17.16
2025-10-07 13:53:19;23.16;53567.00;56.00;1004.44;329;283;24.72;2;81.14;17.16
2025-10-07 13:53:20;23.16;54224.00;56.00;1004.43;329;283;24.72;2;81.14;17.16
2025-10-07 13:53:21;23.16;55004.00;56.00;1004.43;305;263;18.49;2;81.14;17.16
2025-10-07 13:53:22;23.16;55367.00;56.00;1004.43;305;263;18.49;2;81.14;17.16
2025-10-07 13:53:23;23.16;55550.00;56.00;1004.43;305;263;18.49;2;81.14;17.16
2025-10-07 13:53:24;23.17;56031.00;56.00;1004.43;284;246;14.29;2;81.14;17.17
2025-10-07 13:53:25;23.17;56106.00;56.00;1004.44;284;246;14.29;2;81.14;17.17
2025-10-07 13:53:26;23.17;56218.00;56.00;1004.44;284;246;14.29;2;81.14;17.17
2025-10-07 13:53:27;23.18;57292.00;56.00;1004.44;268;233;11.64;2;81.14;17.18
2025-10-07 13:53:28;23.18;57804.00;56.00;1004.44;268;233;11.64;2;81.14;17.18
2025-10-07 13:53:29;23.17;57487.00;56.00;1004.41;268;233;11.64;2;81.14;17.17
2025-10-07 13:53:30;23.16;58124.00;56.00;1004.43;252;220;9.59;2;81.14;17.16
2025-10-07 13:53:31;23.18;58980.00;56.00;1004.43;252;220;9.59;2;81.14;17.18
2025-10-07 13:53:32;23.18;59105.00;56.00;1004.43;252;220;9.59;2;81.14;17.18
2025-10-07 13:53:33;23.18;59230.00;56.00;1004.43;236;207;7.86;2;81.14;17.18
2025-10-07 13:53:34;23.18;59990.00;56.00;1004.43;236;207;7.86;2;81.14;17.18
2025-10-07 13:53:35;23.18;60640.00;56.00;1004.43;236;207;7.86;2;81.14;17.18
2025-10-07 13:53:36;23.18;60992.00;56.00;1004.43;221;194;6.45;2;81.14;17.18
2025-10-07 13:53:37;23.19;61036.00;56.00;1004.43;221;194;6.45;2;81.14;17.19
2025-10-07 13:53:38;23.19;61303.00;56.00;1004.44;221;194;6.45;2;81.14;17.19
2025-10-07 13:53:39;23.19;61618.00;56.00;1004.43;209;183;5.48;2;81.14;17.19
2025-10-07 13:53:40;23.19;61845.00;56.00;1004.44;209;183;5.48;2;81.14;17.19
2025-10-07 13:53:41;23.20;62027.00;56.00;1004.44;209;183;5.48;2;81.13;17.20
2025-10-07 13:53:42;23.19;63146.00;56.00;1004.44;196;172;4.61;2;81.14;17.19
2025-10-07 13:53:43;23.19;63384.00;56.00;1004.44;196;172;4.61;2;81.14;17.19
2025-10-07 13:53:44;23.20;63479.00;56.00;1004.43;196;172;4.61;2;81.13;17.20
2025-10-07 13:53:45;23.20;63817.00;56.00;1004.43;185;162;4.01;2;81.13;17.20
2025-10-07 13:53:46;23.20;62956.00;56.00;1004.43;185;162;4.01;2;81.13;17.20
2025-10-07 13:53:47;23.20;63720.00;56.00;1004.43;185;162;4.01;2;81.13;17.20
2025-10-07 13:53:48;23.20;57923.00;56.00;1004.43;178;157;3.68;2;81.13;17.20
2025-10-07 13:53:49;23.20;45682.00;56.00;1004.43;178;157;3.68;2;81.13;17.20
2025-10-07 13:53:50;23.20;35031.00;56.00;1004.43;178;157;3.68;2;81.13;17.20
2025-10-07 13:53:51;23.19;31281.00;56.00;1004.41;280;245;14.07;2;81.14;17.19
2025-10-07 13:53:52;23.20;28837.00;56.00;1004.43;280;245;14.07;2;81.13;17.20
2025-10-07 13:53:53;23.20;29016.00;56.00;1004.43;280;245;14.07;2;81.13;17.20
2025-10-07 13:53:54;23.21;30334.00;56.00;1004.43;384;336;55.33;2;81.13;17.21
2025-10-07 13:53:55;23.20;33180.00;56.00;1004.43;384;336;55.33;2;81.13;17.20
2025-10-07 13:53:56;23.19;37332.00;56.00;1004.44;384;336;55.33;2;81.14;17.19
2025-10-07 13:53:57;23.19;39691.00;56.00;1004.43;409;359;78.22;2;81.14;17.19
2025-10-07 13:53:58;23.19;41656.00;56.00;1004.44;409;359;78.22;2;81.14;17.19
2025-10-07 13:53:59;23.19;43019.00;56.00;1004.41;409;359;78.22;2;81.14;17.19
2025-10-07 13:54:00;23.19;43872.00;56.00;1004.41;400;352;70.61;2;81.14;17.19
2025-10-07 13:54:01;23.18;43780.00;56.00;1004.41;400;352;70.61;2;81.14;17.18
2025-10-07 13:54:02;23.19;47217.00;56.00;1004.44;400;352;70.61;2;81.14;17.19
2025-10-07 13:54:03;23.19;47972.00;56.00;1004.44;375;331;51.49;2;81.14;17.19
2025-10-07 13:54:04;23.20;49585.00;56.00;1004.43;375;331;51.49;2;81.13;17.20
2025-10-07 13:54:05;23.19;49585.00;56.00;1004.43;375;331;51.49;2;81.14;17.19
2025-10-07 13:54:06;23.19;49909.00;56.00;1004.43;352;312;38.69;2;81.14;17.19
2025-10-07 13:54:07;23.20;50570.00;56.00;1004.43;352;312;38.69;2;81.13;17.20
2025-10-07 13:54:08;23.19;50388.00;56.00;1004.44;352;312;38.69;2;81.14;17.19
2025-10-07 13:54:09;23.19;52661.00;56.00;1004.43;327;291;27.91;2;81.14;17.19
2025-10-07 13:54:10;23.20;54789.00;56.00;1004.43;327;291;27.91;2;81.13;17.20
2025-10-07 13:54:11;23.20;55076.00;56.00;1004.43;327;291;27.91;2;81.13;17.20
2025-10-07 13:54:12;23.20;55076.00;56.00;1004.43;298;267;19.39;2;81.13;17.20
2025-10-07 13:54:13;23.20;54540.00;56.00;1004.43;298;267;19.39;2;81.13;17.20
2025-10-07 13:54:14;23.20;53635.00;56.00;1004.43;298;267;19.39;2;81.13;17.20
2025-10-07 13:54:15;23.20;55149.00;56.00;1004.43;286;256;16.61;2;81.13;17.20
2025-10-07 13:54:16;23.20;55476.00;56.00;1004.43;286;256;16.61;2;81.13;17.20
2025-10-07 13:54:17;23.20;55771.00;56.00;1004.43;286;256;16.61;2;81.13;17.20
2025-10-07 13:54:18;23.20;57292.00;56.00;1004.43;267;241;13.09;2;81.13;17.20
2025-10-07 13:54:19;23.20;56827.00;56.00;1004.43;267;241;13.09;2;81.13;17.20
2025-10-07 13:54:20;23.19;57883.00;56.00;1004.43;267;241;13.09;2;81.14;17.19
2025-10-07 13:54:21;23.19;57685.00;56.00;1004.43;251;226;10.55;2;81.14;17.19
2025-10-07 13:54:22;23.19;58939.00;56.00;1004.41;251;226;10.55;2;81.14;17.19
2025-10-07 13:54:23;23.19;58366.00;56.00;1004.43;251;226;10.55;2;81.14;17.19
2025-10-07 13:54:24;23.19;56031.00;56.00;1004.43;238;215;8.84;2;81.14;17.19
2025-10-07 13:54:25;23.20;50845.00;56.00;1004.43;238;215;8.84;2;81.13;17.20
2025-10-07 13:54:26;23.20;49614.00;56.00;1004.43;238;215;8.84;2;81.13;17.20
2025-10-07 13:54:27;23.19;48836.00;56.00;1004.44;255;231;11.30;2;81.14;17.19
2025-10-07 13:54:28;23.18;50388.00;57.00;1004.43;255;231;11.30;2;82.59;17.18
2025-10-07 13:54:29;23.16;54224.00;57.00;1004.44;255;231;11.30;2;82.59;17.16
2025-10-07 13:54:30;23.14;55808.00;57.00;1004.43;246;223;10.06;2;82.60;17.14
2025-10-07 13:54:31;23.14;57097.00;57.00;1004.44;246;223;10.06;2;82.60;17.14
2025-10-07 13:54:32;23.13;57606.00;57.00;1004.43;246;223;10.06;2;82.60;17.13
2025-10-07 13:54:33;23.13;59397.00;57.00;1004.43;232;210;8.25;2;82.60;17.13
2025-10-07 13:54:34;23.13;59271.00;57.00;1004.43;232;210;8.25;2;82.60;17.13
2025-10-07 13:54:35;23.13;59820.00;57.00;1004.44;232;210;8.25;2;82.60;17.13
2025-10-07 13:54:36;23.13;60292.00;57.00;1004.44;217;197;6.73;2;82.60;17.13
2025-10-07 13:54:37;23.13;59230.00;57.00;1004.44;217;197;6.73;2;82.60;17.13
2025-10-07 13:54:38;23.13;59439.00;57.00;1004.44;217;197;6.73;2;82.60;17.13
2025-10-07 13:54:39;23.13;59271.00;57.00;1004.44;209;190;6.07;2;82.60;17.13
2025-10-07 13:54:40;23.13;58325.00;57.00;1004.43;209;190;6.07;2;82.60;17.13
2025-10-07 13:54:41;23.14;59735.00;57.00;1004.44;209;190;6.07;2;82.60;17.14
2025-10-07 13:54:42;23.13;59692.00;57.00;1004.41;203;184;5.57;2;82.60;17.13
2025-10-07 13:54:43;23.13;58406.00;57.00;1004.41;203;184;5.57;2;82.60;17.13
2025-10-07 13:54:44;23.13;57923.00;57.00;1004.44;203;184;5.57;2;82.60;17.13
2025-10-07 13:54:45;23.13;59105.00;57.00;1004.43;201;183;5.45;2;82.60;17.13
2025-10-07 13:54:46;23.13;59820.00;57.00;1004.44;201;183;5.45;2;82.60;17.13
2025-10-07 13:54:47;23.13;60162.00;57.00;1004.41;201;183;5.45;2;82.60;17.13
2025-10-07 13:54:48;23.13;60903.00;57.00;1004.44;195;177;4.98;2;82.60;17.13
2025-10-07 13:54:49;23.14;61981.00;57.00;1004.44;195;177;4.98;2;82.60;17.14
2025-10-07 13:54:50;23.14;62027.00;57.00;1004.44;195;177;4.98;2;82.60;17.14
2025-10-07 13:54:51;23.13;61981.00;57.00;1004.44;186;169;4.44;2;82.60;17.13
2025-10-07 13:54:52;23.13;61890.00;57.00;1004.44;186;169;4.44;2;82.60;17.13
2025-10-07 13:54:53;23.13;61981.00;57.00;1004.44;186;169;4.44;2;82.60;17.13
2025-10-07 13:54:54;23.13;61890.00;57.00;1004.41;178;162;4.00;2;82.60;17.13
2025-10-07 13:54:55;23.13;61890.00;57.00;1004.44;178;162;4.00;2;82.60;17.13
2025-10-07 13:54:56;23.13;62027.00;57.00;1004.43;178;162;4.00;2;82.60;17.13
2025-10-07 13:54:57;23.12;62488.00;57.00;1004.43;174;158;3.75;2;82.60;17.12
2025-10-07 13:54:58;23.12;63288.00;57.00;1004.44;174;158;3.75;2;82.60;17.12
2025-10-07 13:54:59;23.12;63098.00;57.00;1004.44;174;158;3.75;2;82.60;17.12
2025-10-07 13:55:00;23.11;64158.00;57.00;1004.44;165;151;3.36;2;82.60;17.11
2025-10-07 13:55:01;23.11;63193.00;57.00;1004.43;165;151;3.36;2;82.60;17.11
2025-10-07 13:55:02;23.11;64207.00;57.00;1004.43;165;151;3.36;2;82.60;17.11
2025-10-07 13:55:03;23.11;64109.00;57.00;1004.43;160;146;3.12;2;82.60;17.11
2025-10-07 13:55:04;23.11;64109.00;57.00;1004.43;160;146;3.12;2;82.60;17.11
2025-10-07 13:55:05;23.10;63527.00;57.00;1004.47;160;146;3.12;2;82.61;17.10
2025-10-07 13:55:06;23.09;63914.00;57.00;1004.44;160;146;3.12;2;82.61;17.09
2025-10-07 13:55:07;23.08;64751.00;57.00;1004.44;157;143;2.98;2;82.61;17.08
2025-10-07 13:55:08;23.07;65304.00;57.00;1004.44;157;143;2.98;2;82.61;17.07
2025-10-07 13:55:09;23.07;65102.00;57.00;1004.43;157;143;2.98;2;82.61;17.07
2025-10-07 13:55:10;23.07;65764.00;57.00;1004.44;151;138;2.77;2;82.61;17.07
2025-10-07 13:55:11;23.07;65764.00;57.00;1004.44;151;138;2.77;2;82.61;17.07
2025-10-07 13:55:12;23.08;65816.00;57.00;1004.44;151;138;2.77;2;82.61;17.08
2025-10-07 13:55:13;23.08;65355.00;57.00;1004.44;145;133;2.56;2;82.61;17.08
2025-10-07 13:55:14;23.08;65102.00;57.00;1004.44;145;133;2.56;2;82.61;17.08
2025-10-07 13:55:15;23.08;66283.00;57.00;1004.44;145;133;2.56;2;82.61;17.08
2025-10-07 13:55:16;23.08;65919.00;57.00;1004.44;140;128;2.38;2;82.61;17.08
2025-10-07 13:55:17;23.09;66388.00;57.00;1004.44;140;128;2.38;2;82.61;17.09
2025-10-07 13:55:18;23.09;66231.00;57.00;1004.43;140;128;2.38;2;82.61;17.09
2025-10-07 13:55:19;23.09;66440.00;57.00;1004.43;137;125;2.27;2;82.61;17.09
2025-10-07 13:55:20;23.09;66863.00;57.00;1004.43;137;125;2.27;2;82.61;17.09
2025-10-07 13:55:21;23.09;67076.00;57.00;1004.44;137;125;2.27;2;82.61;17.09
2025-10-07 13:55:22;23.09;68331.00;57.00;1004.43;132;121;2.14;2;82.61;17.09
2025-10-07 13:55:23;23.09;67291.00;57.00;1004.44;132;121;2.14;2;82.61;17.09
2025-10-07 13:55:24;23.09;68054.00;57.00;1004.44;132;121;2.14;2;82.61;17.09
2025-10-07 13:55:25;23.09;68442.00;57.00;1004.41;126;116;1.97;2;82.61;17.09
2025-10-07 13:55:26;23.09;68891.00;57.00;1004.43;126;116;1.97;2;82.61;17.09
2025-10-07 13:55:27;23.09;67889.00;57.00;1004.44;126;116;1.97;2;82.61;17.09
2025-10-07 13:55:28;23.10;68275.00;57.00;1004.44;123;112;1.88;3;82.61;17.10
2025-10-07 13:55:29;23.09;68891.00;57.00;1004.44;123;112;1.88;3;82.61;17.09
2025-10-07 13:55:30;23.10;68386.00;57.00;1004.44;123;112;1.88;3;82.61;17.10
2025-10-07 13:55:31;23.10;68498.00;56.00;1004.43;119;109;1.79;3;81.16;17.10
2025-10-07 13:55:32;23.10;68610.00;56.00;1004.44;119;109;1.79;3;81.16;17.10
2025-10-07 13:55:33;23.10;69346.00;57.00;1004.44;119;109;1.79;3;82.61;17.10
2025-10-07 13:55:34;23.10;69518.00;56.00;1004.43;115;106;1.70;3;81.16;17.10
2025-10-07 13:55:35;23.09;69575.00;56.00;1004.43;115;106;1.70;3;81.16;17.09
2025-10-07 13:55:36;23.10;69231.00;56.00;1004.44;115;106;1.70;3;81.16;17.10
2025-10-07 13:55:37;23.09;69061.00;56.00;1004.44;113;103;1.64;3;81.16;17.09
2025-10-07 13:55:38;23.09;69174.00;56.00;1004.43;113;103;1.64;3;81.16;17.09
2025-10-07 13:55:39;23.08;70273.00;56.00;1004.44;113;103;1.64;3;81.16;17.08
2025-10-07 13:55:40;23.08;69691.00;56.00;1004.44;108;99;1.53;3;81.16;17.08
2025-10-07 13:55:41;23.08;70156.00;56.00;1004.44;108;99;1.53;3;81.16;17.08
2025-10-07 13:55:42;23.08;69633.00;56.00;1004.44;108;99;1.53;3;81.16;17.08
2025-10-07 13:55:43;23.08;70332.00;56.00;1004.44;106;97;1.50;3;81.16;17.08
2025-10-07 13:55:44;23.08;69864.00;56.00;1004.44;106;97;1.50;3;81.16;17.08
2025-10-07 13:55:45;23.07;69806.00;56.00;1004.43;106;97;1.50;3;81.16;17.07
2025-10-07 13:55:46;23.08;70509.00;56.00;1004.44;104;96;1.47;3;81.16;17.08
2025-10-07 13:55:47;23.08;70806.00;56.00;1004.43;104;96;1.47;3;81.16;17.08
2025-10-07 13:55:48;23.08;70509.00;56.00;1004.43;104;96;1.47;3;81.16;17.08
2025-10-07 13:55:49;23.08;70097.00;56.00;1004.43;101;93;1.41;3;81.16;17.08
2025-10-07 13:55:50;23.08;70687.00;56.00;1004.43;101;93;1.41;3;81.16;17.08
2025-10-07 13:55:51;23.08;70568.00;56.00;1004.44;101;93;1.41;3;81.16;17.08
2025-10-07 13:55:52;23.08;70866.00;56.00;1004.43;99;91;1.37;3;81.16;17.08
2025-10-07 13:55:53;23.08;70866.00;56.00;1004.44;99;91;1.37;3;81.16;17.08
2025-10-07 13:55:54;23.07;71045.00;56.00;1004.41;99;91;1.37;3;81.16;17.07
2025-10-07 13:55:55;23.07;70450.00;56.00;1004.44;98;91;1.35;3;81.16;17.07
2025-10-07 13:55:56;23.08;71651.00;56.00;1004.44;98;91;1.35;3;81.16;17.08
2025-10-07 13:55:57;23.08;71226.00;56.00;1004.43;98;91;1.35;3;81.16;17.08
2025-10-07 13:55:58;23.08;70687.00;56.00;1004.44;98;90;1.34;3;81.16;17.08
2025-10-07 13:55:59;23.08;70687.00;56.00;1004.44;98;90;1.34;3;81.16;17.08
2025-10-07 13:56:00;23.08;71468.00;56.00;1004.44;98;90;1.34;3;81.16;17.08
2025-10-07 13:56:01;23.07;71045.00;56.00;1004.44;95;88;1.29;3;81.16;17.07
2025-10-07 13:56:02;23.07;70687.00;56.00;1004.43;95;88;1.29;3;81.16;17.07
2025-10-07 13:56:03;23.08;71347.00;56.00;1004.44;95;88;1.29;3;81.16;17.08
2025-10-07 13:56:04;23.07;72020.00;56.00;1004.43;93;86;1.25;3;81.16;17.07
2025-10-07 13:56:05;23.07;70985.00;56.00;1004.43;93;86;1.25;3;81.16;17.07
2025-10-07 13:56:06;23.07;71106.00;56.00;1004.43;93;86;1.25;3;81.16;17.07
2025-10-07 13:56:07;23.07;71106.00;56.00;1004.43;92;85;1.25;3;81.16;17.07
2025-10-07 13:56:08;23.07;71590.00;56.00;1004.44;92;85;1.25;3;81.16;17.07
2025-10-07 13:56:09;23.06;72020.00;56.00;1004.43;92;85;1.25;3;81.16;17.06
2025-10-07 13:56:10;23.06;70985.00;56.00;1004.43;91;84;1.22;3;81.16;17.06
2025-10-07 13:56:11;23.06;71287.00;56.00;1004.44;91;84;1.22;3;81.16;17.06
2025-10-07 13:56:12;23.06;71835.00;56.00;1004.43;91;84;1.22;3;81.16;17.06
2025-10-07 13:56:13;23.06;71896.00;56.00;1004.44;90;83;1.20;3;81.16;17.06
2025-10-07 13:56:14;23.06;72081.00;56.00;1004.44;90;83;1.20;3;81.16;17.06
2025-10-07 13:56:15;23.06;71712.00;56.00;1004.44;90;83;1.20;3;81.16;17.06
2025-10-07 13:56:16;23.06;72454.00;56.00;1004.44;88;81;1.17;3;81.16;17.06
2025-10-07 13:56:17;23.06;71590.00;56.00;1004.44;88;81;1.17;3;81.16;17.06
2025-10-07 13:56:18;23.06;71712.00;56.00;1004.44;88;81;1.17;3;81.16;17.06
2025-10-07 13:56:19;23.06;72267.00;56.00;1004.44;87;80;1.16;3;81.16;17.06
2025-10-07 13:56:20;23.06;72329.00;56.00;1004.44;87;80;1.16;3;81.16;17.06
2025-10-07 13:56:21;23.06;72143.00;56.00;1004.44;87;80;1.16;3;81.16;17.06
2025-10-07 13:56:22;23.06;72517.00;56.00;1004.44;86;79;1.14;3;81.16;17.06
2025-10-07 13:56:23;23.05;72143.00;56.00;1004.44;86;79;1.14;3;81.17;17.05
2025-10-07 13:56:24;23.05;72768.00;56.00;1004.39;86;79;1.14;3;81.17;17.05
2025-10-07 13:56:25;23.05;72454.00;56.00;1004.39;85;78;1.12;3;81.17;17.05
2025-10-07 13:56:26;23.05;72329.00;56.00;1004.44;85;78;1.12;3;81.17;17.05
2025-10-07 13:56:27;23.05;72517.00;56.00;1004.44;85;78;1.12;3;81.17;17.05
2025-10-07 13:56:28;23.05;72705.00;56.00;1004.39;83;77;1.10;3;81.17;17.05
2025-10-07 13:56:29;23.05;72579.00;56.00;1004.44;83;77;1.10;3;81.17;17.05
2025-10-07 13:56:30;23.05;72454.00;56.00;1004.39;83;77;1.10;3;81.17;17.05
2025-10-07 13:56:31;23.05;72579.00;56.00;1004.39;81;75;1.07;3;81.17;17.05
2025-10-07 13:56:32;23.05;73084.00;56.00;1004.39;81;75;1.07;3;81.17;17.05
2025-10-07 13:56:33;23.05;72894.00;56.00;1004.44;81;75;1.07;3;81.17;17.05
2025-10-07 13:56:34;23.05;73148.00;56.00;1004.44;81;75;1.07;3;81.17;17.05
2025-10-07 13:56:35;23.05;72392.00;56.00;1004.37;81;75;1.07;3;81.17;17.05
2025-10-07 13:56:36;23.05;72143.00;56.00;1004.39;81;75;1.07;3;81.17;17.05
2025-10-07 13:56:37;23.06;72392.00;56.00;1004.43;82;76;1.08;3;81.16;17.06
2025-10-07 13:56:38;23.06;72392.00;56.00;1004.43;82;76;1.08;3;81.16;17.06
2025-10-07 13:56:39;23.06;73021.00;56.00;1004.44;82;76;1.08;3;81.16;17.06
2025-10-07 13:56:40;23.05;72894.00;56.00;1004.43;82;76;1.08;3;81.17;17.05
2025-10-07 13:56:41;23.05;72831.00;56.00;1004.44;82;76;1.08;3;81.17;17.05
2025-10-07 13:56:42;23.06;73532.00;56.00;1004.43;82;76;1.08;3;81.16;17.06
2025-10-07 13:56:43;23.06;73148.00;56.00;1004.44;81;75;1.07;3;81.16;17.06
2025-10-07 13:56:44;23.06;73084.00;56.00;1004.44;81;75;1.07;3;81.16;17.06
2025-10-07 13:56:45;23.05;72768.00;56.00;1004.43;81;75;1.07;3;81.17;17.05
2025-10-07 13:56:46;23.05;72894.00;56.00;1004.44;81;75;1.07;3;81.17;17.05
2025-10-07 13:56:47;23.05;73532.00;56.00;1004.43;81;75;1.07;3;81.17;17.05
2025-10-07 13:56:48;23.06;73403.00;56.00;1004.43;81;75;1.07;3;81.16;17.06
2025-10-07 13:56:49;23.06;73148.00;56.00;1004.43;80;74;1.05;3;81.16;17.06
2025-10-07 13:56:50;23.06;72642.00;56.00;1004.43;80;74;1.05;3;81.16;17.06
2025-10-07 13:56:51;23.06;72957.00;56.00;1004.43;80;74;1.05;3;81.16;17.06
2025-10-07 13:56:52;23.07;73021.00;56.00;1004.43;80;74;1.05;3;81.16;17.07
2025-10-07 13:56:53;23.06;73212.00;56.00;1004.43;80;74;1.05;3;81.16;17.06
2025-10-07 13:56:54;23.06;73148.00;56.00;1004.43;80;74;1.05;3;81.16;17.06
2025-10-07 13:56:55;23.06;72894.00;56.00;1004.43;79;73;1.04;3;81.16;17.06
2025-10-07 13:56:56;23.06;73403.00;56.00;1004.41;79;73;1.04;3;81.16;17.06
2025-10-07 13:56:57;23.07;73212.00;56.00;1004.43;79;73;1.04;3;81.16;17.07
2025-10-07 13:56:58;23.06;72831.00;56.00;1004.43;79;74;1.04;3;81.16;17.06
2025-10-07 13:56:59;23.07;73403.00;56.00;1004.43;79;74;1.04;3;81.16;17.07
2025-10-07 13:57:00;23.07;73467.00;56.00;1004.43;79;74;1.04;3;81.16;17.07
2025-10-07 13:57:01;23.07;73725.00;56.00;1004.41;78;72;1.02;3;81.16;17.07
2025-10-07 13:57:02;23.06;73212.00;56.00;1004.43;78;72;1.02;3;81.16;17.06
2025-10-07 13:57:03;23.06;73532.00;56.00;1004.43;78;72;1.02;3;81.16;17.06
2025-10-07 13:57:04;23.06;73467.00;56.00;1004.43;78;72;1.02;3;81.16;17.06
2025-10-07 13:57:05;23.06;73021.00;56.00;1004.43;77;71;1.01;3;81.16;17.06
2025-10-07 13:57:06;23.06;73725.00;56.00;1004.44;77;71;1.01;3;81.16;17.06
2025-10-07 13:57:07;23.05;73467.00;56.00;1004.37;77;71;1.01;3;81.17;17.05
2025-10-07 13:57:08;23.05;72957.00;56.00;1004.43;77;71;1.01;3;81.17;17.05
2025-10-07 13:57:09;23.05;72894.00;56.00;1004.39;77;71;1.01;3;81.17;17.05
2025-10-07 13:57:10;23.05;73790.00;56.00;1004.37;77;71;1.01;3;81.17;17.05
2025-10-07 13:57:11;23.05;73467.00;56.00;1004.37;76;70;0.99;3;81.17;17.05
2025-10-07 13:57:12;23.05;73084.00;56.00;1004.37;76;70;0.99;3;81.17;17.05
2025-10-07 13:57:13;23.05;73403.00;55.00;1004.37;76;70;0.99;3;79.72;17.05
2025-10-07 13:57:14;23.05;73596.00;56.00;1004.43;76;71;1.00;3;81.17;17.05
2025-10-07 13:57:15;23.06;74181.00;56.00;1004.39;76;71;1.00;3;81.16;17.06
2025-10-07 13:57:16;23.05;73985.00;56.00;1004.43;76;71;1.00;3;81.17;17.05
2025-10-07 13:57:17;23.06;73275.00;56.00;1004.43;75;70;0.98;3;81.16;17.06
2025-10-07 13:57:18;23.05;73532.00;56.00;1004.39;75;70;0.98;3;81.17;17.05
2025-10-07 13:57:19;23.05;73985.00;55.00;1004.43;75;70;0.98;3;79.72;17.05
2025-10-07 13:57:20;23.06;74050.00;56.00;1004.43;75;69;0.98;3;81.16;17.06
2025-10-07 13:57:21;23.06;74312.00;55.00;1004.43;75;69;0.98;3;79.72;17.06
