timestamp;temperature;gas;humidity;barometer;IAQ;IAQ_S;VOCS;accuracy;humidty_corrected;temp_corrected
2025-10-08 17:36:00;28.86;100673.00;41.00;1000.17;25;25;0.49;0;58.49;22.86
2025-10-08 17:36:01;28.86;100433.00;41.00;1000.17;25;25;0.49;0;58.49;22.86
2025-10-08 17:36:02;28.86;100613.00;41.00;1000.17;25;25;0.49;0;58.49;22.86
2025-10-08 17:36:03;28.86;100193.00;41.00;1000.15;25;25;0.49;0;58.49;22.86
2025-10-08 17:36:04;28.86;100433.00;41.00;1000.17;25;25;0.49;0;58.49;22.86
2025-10-08 17:36:05;28.86;100733.00;41.00;1000.17;25;25;0.49;0;58.49;22.86
2025-10-08 17:36:06;28.85;101280.00;41.00;1000.15;25;25;0.49;0;58.49;22.85
2025-10-08 17:36:07;28.85;100553.00;41.00;1000.15;25;25;0.49;0;58.49;22.85
2025-10-08 17:36:08;28.85;101463.00;41.00;1000.15;25;25;0.49;0;58.49;22.85
2025-10-08 17:36:09;28.86;100553.00;41.00;1000.15;25;25;0.49;0;58.49;22.86
2025-10-08 17:36:10;28.87;98607.00;41.00;1000.13;25;25;0.49;0;58.49;22.87
2025-10-08 17:36:11;28.89;96401.00;41.00;1000.15;25;25;0.49;0;58.49;22.89
2025-10-08 17:36:12;28.93;96126.00;42.00;1000.15;25;25;0.49;0;59.91;22.93
2025-10-08 17:36:13;28.97;95634.00;43.00;1000.17;25;25;0.49;0;61.33;22.97
2025-10-08 17:36:14;28.99;95579.00;43.00;1000.17;25;25;0.49;0;61.32;22.99
2025-10-08 17:36:15;29.00;94825.00;43.00;1000.17;25;25;0.49;0;61.32;23.00
2025-10-08 17:36:16;29.01;94878.00;44.00;1000.17;25;25;0.49;0;62.75;23.01
2025-10-08 17:36:17;29.02;94346.00;44.00;1000.17;25;25;0.49;0;62.74;23.02
2025-10-08 17:36:18;29.02;94346.00;44.00;1000.15;25;25;0.49;0;62.74;23.02
2025-10-08 17:36:19;29.02;94771.00;44.00;1000.17;25;25;0.49;0;62.74;23.02
2025-10-08 17:36:20;29.02;94346.00;44.00;1000.17;25;25;0.49;0;62.74;23.02
2025-10-08 17:36:21;29.03;94771.00;44.00;1000.19;25;25;0.49;0;62.74;23.03
2025-10-08 17:36:22;29.04;94664.00;44.00;1000.17;25;25;0.49;0;62.74;23.04
2025-10-08 17:36:23;29.05;94399.00;44.00;1000.19;25;25;0.49;0;62.74;23.05
2025-10-08 17:36:24;29.05;94825.00;44.00;1000.17;25;25;0.49;0;62.74;23.05
2025-10-08 17:36:25;29.07;94878.00;44.00;1000.17;25;25;0.49;0;62.74;23.07
2025-10-08 17:36:26;29.07;95907.00;44.00;1000.15;25;25;0.49;0;62.74;23.07
2025-10-08 17:36:27;29.08;96071.00;44.00;1000.15;25;25;0.49;0;62.73;23.08
2025-10-08 17:36:28;29.09;95579.00;44.00;1000.17;25;25;0.49;0;62.73;23.09
2025-10-08 17:36:29;29.09;95688.00;44.00;1000.15;25;25;0.49;0;62.73;23.09
2025-10-08 17:36:30;29.11;95417.00;43.00;1000.17;25;25;0.49;0;61.30;23.11
2025-10-08 17:36:31;29.11;96291.00;43.00;1000.17;25;25;0.49;0;61.30;23.11
2025-10-08 17:36:32;29.12;95417.00;43.00;1000.17;25;25;0.49;0;61.30;23.12
2025-10-08 17:36:33;29.12;95688.00;43.00;1000.19;25;25;0.49;0;61.30;23.12
2025-10-08 17:36:34;29.13;96623.00;43.00;1000.17;25;25;0.49;0;61.30;23.13
2025-10-08 17:36:35;29.14;96291.00;43.00;1000.17;25;25;0.49;0;61.30;23.14
2025-10-08 17:36:36;29.14;95852.00;42.00;1000.17;25;25;0.49;0;59.87;23.14
2025-10-08 17:36:37;29.15;95852.00;42.00;1000.19;25;25;0.49;0;59.87;23.15
2025-10-08 17:36:38;29.16;96512.00;42.00;1000.17;25;25;0.49;0;59.87;23.16
2025-10-08 17:36:39;29.17;96846.00;42.00;1000.19;25;25;0.49;0;59.87;23.17
2025-10-08 17:36:40;29.17;96790.00;42.00;1000.17;25;25;0.49;0;59.87;23.17
2025-10-08 17:36:41;29.18;96790.00;42.00;1000.15;25;25;0.49;0;59.87;23.18
2025-10-08 17:36:42;29.19;97294.00;42.00;1000.19;25;25;0.49;0;59.87;23.19
2025-10-08 17:36:43;29.19;96679.00;42.00;1000.17;25;25;0.49;0;59.87;23.19
2025-10-08 17:36:44;29.19;97182.00;42.00;1000.15;25;25;0.49;0;59.87;23.19
2025-10-08 17:36:45;29.20;96346.00;41.00;1000.17;25;25;0.49;0;58.44;23.20
2025-10-08 17:36:46;29.21;96568.00;41.00;1000.19;25;25;0.49;0;58.44;23.21
2025-10-08 17:36:47;29.21;96623.00;41.00;1000.17;25;25;0.49;0;58.44;23.21
2025-10-08 17:36:48;29.21;97463.00;41.00;1000.17;25;25;0.49;0;58.44;23.21
2025-10-08 17:36:49;29.22;97747.00;41.00;1000.15;25;25;0.49;0;58.44;23.22
2025-10-08 17:36:50;29.22;98607.00;41.00;1000.15;25;25;0.49;0;58.44;23.22
2025-10-08 17:36:51;29.22;96401.00;41.00;1000.15;25;25;0.49;0;58.44;23.22
2025-10-08 17:36:52;29.23;96457.00;41.00;1000.17;25;25;0.49;0;58.43;23.23
2025-10-08 17:36:53;29.23;97294.00;41.00;1000.15;25;25;0.49;0;58.43;23.23
2025-10-08 17:36:54;29.23;96679.00;41.00;1000.15;25;25;0.49;0;58.43;23.23
2025-10-08 17:36:55;29.24;96790.00;41.00;1000.15;25;25;0.49;0;58.43;23.24
2025-10-08 17:36:56;29.24;96679.00;41.00;1000.13;25;25;0.49;0;58.43;23.24
2025-10-08 17:36:57;29.24;96457.00;41.00;1000.15;25;25;0.49;0;58.43;23.24
2025-10-08 17:36:58;29.24;96126.00;41.00;1000.13;25;25;0.49;0;58.43;23.24
2025-10-08 17:36:59;29.25;95797.00;41.00;1000.13;25;25;0.49;0;58.43;23.25
2025-10-08 17:37:00;29.25;96790.00;41.00;1000.13;25;25;0.49;0;58.43;23.25
2025-10-08 17:37:01;29.25;96512.00;41.00;1000.17;25;25;0.49;0;58.43;23.25
2025-10-08 17:37:02;29.25;96679.00;41.00;1000.15;25;25;0.49;0;58.43;23.25
2025-10-08 17:37:03;29.25;98146.00;41.00;1000.15;25;25;0.49;0;58.43;23.25
2025-10-08 17:37:04;29.26;96457.00;41.00;1000.13;25;25;0.49;0;58.43;23.26
2025-10-08 17:37:05;29.26;97633.00;41.00;1000.13;25;25;0.49;0;58.43;23.26
2025-10-08 17:37:06;29.26;97350.00;41.00;1000.13;25;25;0.49;0;58.43;23.26
2025-10-08 17:37:07;29.27;96790.00;41.00;1000.13;25;25;0.49;0;58.43;23.27
2025-10-08 17:37:08;29.27;97069.00;41.00;1000.17;25;25;0.49;0;58.43;23.27
2025-10-08 17:37:09;29.27;96846.00;41.00;1000.15;25;25;0.49;0;58.43;23.27
2025-10-08 17:37:10;29.27;98261.00;41.00;1000.13;25;25;0.49;0;58.43;23.27
2025-10-08 17:37:11;29.26;98203.00;41.00;1000.13;25;25;0.49;0;58.43;23.26
2025-10-08 17:37:12;29.26;97238.00;40.00;1000.13;25;25;0.49;0;57.00;23.26
2025-10-08 17:37:13;29.26;98664.00;40.00;1000.15;25;25;0.49;0;57.00;23.26
2025-10-08 17:37:14;29.25;97860.00;40.00;1000.15;25;25;0.49;0;57.01;23.25
2025-10-08 17:37:15;29.26;97860.00;40.00;1000.17;25;25;0.49;0;57.00;23.26
2025-10-08 17:37:16;29.25;98318.00;40.00;1000.17;25;25;0.49;0;57.01;23.25
2025-10-08 17:37:17;29.25;97407.00;40.00;1000.13;25;25;0.49;0;57.01;23.25
2025-10-08 17:37:18;29.24;98491.00;40.00;1000.15;25;25;0.49;0;57.01;23.24
2025-10-08 17:37:19;29.24;97974.00;40.00;1000.15;25;25;0.49;0;57.01;23.24
2025-10-08 17:37:20;29.25;97013.00;41.00;1000.13;25;25;0.49;0;58.43;23.25
2025-10-08 17:37:21;29.25;96790.00;41.00;1000.15;25;25;0.49;0;58.43;23.25
2025-10-08 17:37:22;29.26;98549.00;41.00;1000.15;25;25;0.49;0;58.43;23.26
2025-10-08 17:37:23;29.25;96902.00;41.00;1000.13;25;25;0.49;0;58.43;23.25
2025-10-08 17:37:24;29.26;96291.00;41.00;1000.13;25;25;0.49;0;58.43;23.26
2025-10-08 17:37:25;29.26;96181.00;41.00;1000.13;25;25;0.49;0;58.43;23.26
2025-10-08 17:37:26;29.26;97747.00;41.00;1000.13;25;25;0.49;0;58.43;23.26
2025-10-08 17:37:27;29.26;96512.00;41.00;1000.13;25;25;0.49;0;58.43;23.26
2025-10-08 17:37:28;29.26;97013.00;41.00;1000.15;25;25;0.49;0;58.43;23.26
2025-10-08 17:37:29;29.26;97576.00;41.00;1000.13;25;25;0.49;0;58.43;23.26
2025-10-08 17:37:30;29.27;100433.00;41.00;1000.13;25;25;0.49;0;58.43;23.27
2025-10-08 17:37:31;29.27;97182.00;41.00;1000.15;25;25;0.49;0;58.43;23.27
2025-10-08 17:37:32;29.27;97860.00;41.00;1000.13;25;25;0.49;0;58.43;23.27
2025-10-08 17:37:33;29.27;99188.00;41.00;1000.12;25;25;0.49;0;58.43;23.27
2025-10-08 17:37:34;29.26;97974.00;41.00;1000.12;25;25;0.49;0;58.43;23.26
2025-10-08 17:37:35;29.26;97576.00;41.00;1000.13;25;25;0.49;0;58.43;23.26
2025-10-08 17:37:36;29.26;96679.00;41.00;1000.13;25;25;0.49;0;58.43;23.26
2025-10-08 17:37:37;29.26;97182.00;41.00;1000.13;25;25;0.49;0;58.43;23.26
2025-10-08 17:37:38;29.26;96236.00;41.00;1000.13;25;25;0.49;0;58.43;23.26
2025-10-08 17:37:39;29.25;96236.00;41.00;1000.12;25;25;0.49;0;58.43;23.25
2025-10-08 17:37:40;29.25;97294.00;41.00;1000.13;25;25;0.49;0;58.43;23.25
2025-10-08 17:37:41;29.25;96902.00;41.00;1000.13;25;25;0.49;0;58.43;23.25
2025-10-08 17:37:42;29.25;96902.00;41.00;1000.13;25;25;0.49;0;58.43;23.25
2025-10-08 17:37:43;29.24;96957.00;41.00;1000.13;25;25;0.49;0;58.43;23.24
2025-10-08 17:37:44;29.24;97125.00;41.00;1000.13;25;25;0.49;0;58.43;23.24
2025-10-08 17:37:45;29.24;96457.00;41.00;1000.12;25;25;0.49;1;58.43;23.24
2025-10-08 17:37:46;29.24;97520.00;41.00;1000.13;25;25;0.49;1;58.43;23.24
2025-10-08 17:37:47;29.25;96512.00;41.00;1000.17;25;25;0.49;1;58.43;23.25
2025-10-08 17:37:48;29.25;96679.00;41.00;1000.15;27;25;0.50;1;58.43;23.25
2025-10-08 17:37:49;29.25;96512.00;41.00;1000.13;27;25;0.50;1;58.43;23.25
2025-10-08 17:37:50;29.25;96126.00;41.00;1000.13;27;25;0.50;1;58.43;23.25
2025-10-08 17:37:51;29.25;96568.00;41.00;1000.15;30;27;0.51;1;58.43;23.25
2025-10-08 17:37:52;29.25;96902.00;41.00;1000.13;30;27;0.51;1;58.43;23.25
2025-10-08 17:37:53;29.24;97013.00;41.00;1000.13;30;27;0.51;1;58.43;23.24
2025-10-08 17:37:54;29.24;98607.00;41.00;1000.15;28;26;0.51;1;58.43;23.24
2025-10-08 17:37:55;29.24;97917.00;41.00;1000.13;28;26;0.51;1;58.43;23.24
2025-10-08 17:37:56;29.24;97520.00;41.00;1000.13;28;26;0.51;1;58.43;23.24
2025-10-08 17:37:57;29.25;96346.00;41.00;1000.13;26;25;0.50;1;58.43;23.25
2025-10-08 17:37:58;29.24;97350.00;41.00;1000.15;26;25;0.50;1;58.43;23.24
2025-10-08 17:37:59;29.24;97747.00;41.00;1000.13;26;25;0.50;1;58.43;23.24
2025-10-08 17:38:00;29.24;97803.00;40.00;1000.13;25;25;0.49;1;57.01;23.24
2025-10-08 17:38:01;29.24;98203.00;40.00;1000.13;25;25;0.49;1;57.01;23.24
2025-10-08 17:38:02;29.24;97520.00;40.00;1000.13;25;25;0.49;1;57.01;23.24
2025-10-08 17:38:03;29.25;96623.00;40.00;1000.15;25;25;0.49;1;57.01;23.25
2025-10-08 17:38:04;29.24;96846.00;40.00;1000.13;25;25;0.49;1;57.01;23.24
2025-10-08 17:38:05;29.25;97294.00;40.00;1000.13;25;25;0.49;1;57.01;23.25
2025-10-08 17:38:06;29.24;97520.00;40.00;1000.13;29;26;0.51;1;57.01;23.24
2025-10-08 17:38:07;29.24;97069.00;40.00;1000.13;29;26;0.51;1;57.01;23.24
2025-10-08 17:38:08;29.24;97690.00;40.00;1000.13;29;26;0.51;1;57.01;23.24
2025-10-08 17:38:09;29.24;96734.00;40.00;1000.13;27;26;0.50;1;57.01;23.24
2025-10-08 17:38:10;29.24;97125.00;40.00;1000.13;27;26;0.50;1;57.01;23.24
2025-10-08 17:38:11;29.24;96846.00;40.00;1000.15;27;26;0.50;1;57.01;23.24
2025-10-08 17:38:12;29.24;97463.00;40.00;1000.13;27;25;0.50;1;57.01;23.24
2025-10-08 17:38:13;29.24;97463.00;40.00;1000.13;27;25;0.50;1;57.01;23.24
2025-10-08 17:38:14;29.23;97633.00;40.00;1000.13;27;25;0.50;1;57.01;23.23
2025-10-08 17:38:15;29.24;98780.00;40.00;1000.15;27;26;0.50;1;57.01;23.24
2025-10-08 17:38:16;29.25;97294.00;40.00;1000.15;27;26;0.50;1;57.01;23.25
2025-10-08 17:38:17;29.23;97747.00;40.00;1000.13;27;26;0.50;1;57.01;23.23
2025-10-08 17:38:18;29.23;99896.00;40.00;1000.15;30;27;0.51;1;57.01;23.23
2025-10-08 17:38:19;29.23;96846.00;40.00;1000.15;30;27;0.51;1;57.01;23.23
2025-10-08 17:38:20;29.23;97125.00;40.00;1000.15;30;27;0.51;1;57.01;23.23
2025-10-08 17:38:21;29.23;98433.00;40.00;1000.17;31;27;0.52;1;57.01;23.23
2025-10-08 17:38:22;29.23;98549.00;40.00;1000.13;31;27;0.52;1;57.01;23.23
2025-10-08 17:38:23;29.22;96957.00;40.00;1000.15;31;27;0.52;1;57.01;23.22
2025-10-08 17:38:24;29.22;97463.00;40.00;1000.15;28;26;0.51;1;57.01;23.22
2025-10-08 17:38:25;29.22;97407.00;40.00;1000.13;28;26;0.51;1;57.01;23.22
2025-10-08 17:38:26;29.22;97974.00;40.00;1000.15;28;26;0.51;1;57.01;23.22
2025-10-08 17:38:27;29.22;96902.00;40.00;1000.13;25;25;0.50;1;57.01;23.22
2025-10-08 17:38:28;29.22;97633.00;40.00;1000.15;25;25;0.50;1;57.01;23.22
2025-10-08 17:38:29;29.22;97576.00;40.00;1000.15;25;25;0.50;1;57.01;23.22
2025-10-08 17:38:30;29.22;97520.00;40.00;1000.15;25;25;0.50;1;57.01;23.22
2025-10-08 17:38:31;29.21;97407.00;40.00;1000.17;25;25;0.50;1;57.01;23.21
2025-10-08 17:38:32;29.20;96790.00;40.00;1000.15;25;25;0.50;1;57.01;23.20
2025-10-08 17:38:33;29.20;96401.00;40.00;1000.17;30;27;0.51;1;57.01;23.20
2025-10-08 17:38:34;29.20;96790.00;40.00;1000.15;30;27;0.51;1;57.01;23.20
2025-10-08 17:38:35;29.20;95743.00;41.00;1000.17;30;27;0.51;1;58.44;23.20
2025-10-08 17:38:36;29.18;94932.00;41.00;1000.15;35;29;0.53;1;58.44;23.18
2025-10-08 17:38:37;29.18;93610.00;41.00;1000.15;35;29;0.53;1;58.44;23.18
2025-10-08 17:38:38;29.18;94012.00;41.00;1000.17;35;29;0.53;1;58.44;23.18
2025-10-08 17:38:39;29.18;94329.00;41.00;1000.15;45;33;0.57;1;58.44;23.18
2025-10-08 17:38:40;29.18;93907.00;41.00;1000.17;45;33;0.57;1;58.44;23.18
2025-10-08 17:38:41;29.17;94223.00;41.00;1000.15;45;33;0.57;1;58.44;23.17
2025-10-08 17:38:42;29.18;94968.00;41.00;1000.17;50;36;0.59;1;58.44;23.18
2025-10-08 17:38:43;29.17;94754.00;41.00;1000.15;50;36;0.59;1;58.44;23.17
2025-10-08 17:38:44;29.18;95076.00;41.00;1000.15;50;36;0.59;1;58.44;23.18
2025-10-08 17:38:45;29.18;94968.00;41.00;1000.17;53;37;0.60;1;58.44;23.18
2025-10-08 17:38:46;29.17;94968.00;41.00;1000.17;53;37;0.60;1;58.44;23.17
2025-10-08 17:38:47;29.17;94647.00;41.00;1000.17;53;37;0.60;1;58.44;23.17
2025-10-08 17:38:48;29.17;94754.00;41.00;1000.15;59;40;0.62;1;58.44;23.17
2025-10-08 17:38:49;29.17;93977.00;41.00;1000.17;59;40;0.62;1;58.44;23.17
2025-10-08 17:38:50;29.17;95076.00;41.00;1000.17;59;40;0.62;1;58.44;23.17
2025-10-08 17:38:51;29.17;94082.00;41.00;1000.17;65;42;0.65;1;58.44;23.17
2025-10-08 17:38:52;29.17;93558.00;41.00;1000.17;65;42;0.65;1;58.44;23.17
2025-10-08 17:38:53;29.16;93715.00;40.00;1000.15;65;42;0.65;1;57.02;23.16
2025-10-08 17:38:54;29.16;94134.00;41.00;1000.17;65;42;0.65;1;58.44;23.16
2025-10-08 17:38:55;29.16;95417.00;40.00;1000.15;65;42;0.65;1;57.02;23.16
2025-10-08 17:38:56;29.16;95688.00;40.00;1000.15;65;42;0.65;1;57.02;23.16
2025-10-08 17:38:57;29.16;94664.00;40.00;1000.15;67;43;0.66;1;57.02;23.16
2025-10-08 17:38:58;29.16;94346.00;40.00;1000.15;67;43;0.66;1;57.02;23.16
2025-10-08 17:38:59;29.16;95852.00;40.00;1000.17;67;43;0.66;1;57.02;23.16
2025-10-08 17:39:00;29.14;93489.00;40.00;1000.19;65;42;0.65;1;57.02;23.14
2025-10-08 17:39:01;29.13;81520.00;40.00;1000.17;65;42;0.65;1;57.02;23.13
2025-10-08 17:39:02;29.10;80892.00;40.00;1000.17;65;42;0.65;1;57.03;23.10
2025-10-08 17:39:03;29.09;80274.00;40.00;1000.19;125;68;0.97;1;57.03;23.09
2025-10-08 17:39:04;29.08;75446.00;40.00;1000.21;125;68;0.97;1;57.03;23.08
2025-10-08 17:39:05;29.05;72642.00;40.00;1000.17;125;68;0.97;1;57.04;23.05
2025-10-08 17:39:06;29.04;74246.00;40.00;1000.15;202;102;1.61;1;57.04;23.04
2025-10-08 17:39:07;29.03;75446.00;40.00;1000.17;202;102;1.61;1;57.04;23.03
2025-10-08 17:39:08;29.02;76406.00;40.00;1000.15;202;102;1.61;1;57.04;23.02
2025-10-08 17:39:09;29.01;75650.00;40.00;1000.13;240;119;2.07;1;57.04;23.01
2025-10-08 17:39:10;29.00;75855.00;40.00;1000.13;240;119;2.07;1;57.04;23.00
2025-10-08 17:39:11;29.02;76129.00;41.00;1000.15;240;119;2.07;1;58.47;23.02
2025-10-08 17:39:12;29.03;77107.00;41.00;1000.17;250;128;2.40;1;58.46;23.03
2025-10-08 17:39:13;29.03;78256.00;41.00;1000.15;250;128;2.40;1;58.46;23.03
2025-10-08 17:39:14;29.05;79892.00;41.00;1000.17;250;128;2.40;1;58.46;23.05
2025-10-08 17:39:15;29.05;80274.00;41.00;1000.17;247;127;2.36;1;58.46;23.05
2025-10-08 17:39:16;29.06;80970.00;41.00;1000.17;247;127;2.36;1;58.46;23.06
2025-10-08 17:39:17;29.07;82157.00;41.00;1000.17;247;127;2.36;1;58.46;23.07
2025-10-08 17:39:18;29.08;82968.00;41.00;1000.15;237;123;2.20;1;58.46;23.08
2025-10-08 17:39:19;29.08;83795.00;41.00;1000.15;237;123;2.20;1;58.46;23.08
2025-10-08 17:39:20;29.08;84639.00;41.00;1000.13;237;123;2.20;1;58.46;23.08
2025-10-08 17:39:21;29.08;85500.00;41.00;1000.15;219;114;1.94;1;58.46;23.08
2025-10-08 17:39:22;29.08;86114.00;41.00;1000.13;219;114;1.94;1;58.46;23.08
2025-10-08 17:39:23;29.09;87095.00;41.00;1000.15;219;114;1.94;1;58.46;23.09
2025-10-08 17:39:24;29.09;86736.00;41.00;1000.15;201;106;1.71;1;58.46;23.09
2025-10-08 17:39:25;29.09;87186.00;41.00;1000.17;201;106;1.71;1;58.46;23.09
2025-10-08 17:39:26;29.10;88657.00;41.00;1000.15;201;106;1.71;1;58.45;23.10
2025-10-08 17:39:27;29.10;88007.00;41.00;1000.15;184;98;1.51;1;58.45;23.10
2025-10-08 17:39:28;29.10;89602.00;41.00;1000.15;184;98;1.51;1;58.45;23.10
2025-10-08 17:39:29;29.11;89033.00;41.00;1000.15;184;98;1.51;1;58.45;23.11
2025-10-08 17:39:30;29.11;89317.00;41.00;1000.15;166;90;1.34;1;58.45;23.11
2025-10-08 17:39:31;29.11;90373.00;41.00;1000.15;166;90;1.34;1;58.45;23.11
2025-10-08 17:39:32;29.11;89794.00;41.00;1000.17;166;90;1.34;1;58.45;23.11
2025-10-08 17:39:33;29.12;86114.00;41.00;1000.17;155;85;1.24;1;58.45;23.12
2025-10-08 17:39:34;29.11;82399.00;41.00;1000.15;155;85;1.24;1;58.45;23.11
2025-10-08 17:39:35;29.12;79066.00;41.00;1000.15;155;85;1.24;1;58.45;23.12
2025-10-08 17:39:36;29.12;76755.00;41.00;1000.15;198;105;1.67;1;58.45;23.12
2025-10-08 17:39:37;29.12;74510.00;41.00;1000.15;198;105;1.67;1;58.45;23.12
2025-10-08 17:39:38;29.12;74312.00;41.00;1000.15;198;105;1.67;1;58.45;23.12
2025-10-08 17:39:39;29.13;74510.00;41.00;1000.15;234;121;2.16;1;58.45;23.13
2025-10-08 17:39:40;29.13;75243.00;41.00;1000.19;234;121;2.16;1;58.45;23.13
2025-10-08 17:39:41;29.13;75650.00;41.00;1000.19;234;121;2.16;1;58.45;23.13
2025-10-08 17:39:42;29.13;76129.00;41.00;1000.19;255;132;2.52;1;58.45;23.13
2025-10-08 17:39:43;29.13;77037.00;41.00;1000.19;255;132;2.52;1;58.45;23.13
2025-10-08 17:39:44;29.13;77893.00;41.00;1000.17;255;132;2.52;1;58.45;23.13
2025-10-08 17:39:45;29.14;78402.00;41.00;1000.19;255;132;2.55;1;58.45;23.14
2025-10-08 17:39:46;29.14;80045.00;41.00;1000.17;255;132;2.55;1;58.45;23.14
2025-10-08 17:39:47;29.14;79741.00;41.00;1000.17;255;132;2.55;1;58.45;23.14
2025-10-08 17:39:48;29.14;81283.00;41.00;1000.19;246;128;2.40;1;58.45;23.14
2025-10-08 17:39:49;29.14;82077.00;41.00;1000.17;246;128;2.40;1;58.45;23.14
2025-10-08 17:39:50;29.15;81997.00;41.00;1000.17;246;128;2.40;1;58.45;23.15
2025-10-08 17:39:51;29.14;83297.00;41.00;1000.17;234;122;2.19;1;58.45;23.14
2025-10-08 17:39:52;29.15;83215.00;41.00;1000.17;234;122;2.19;1;58.45;23.15
2025-10-08 17:39:53;29.14;84131.00;41.00;1000.19;234;122;2.19;1;58.45;23.14
2025-10-08 17:39:54;29.14;83963.00;41.00;1000.17;221;116;2.00;1;58.45;23.14
2025-10-08 17:39:55;29.14;82642.00;41.00;1000.15;221;116;2.00;1;58.45;23.14
2025-10-08 17:39:56;29.14;78548.00;41.00;1000.17;221;116;2.00;1;58.45;23.14
2025-10-08 17:39:57;29.15;76060.00;40.00;1000.19;246;128;2.38;1;57.02;23.15
2025-10-08 17:39:58;29.15;76615.00;40.00;1000.19;246;128;2.38;1;57.02;23.15
2025-10-08 17:39:59;29.15;77966.00;41.00;1000.19;246;128;2.38;1;58.45;23.15
2025-10-08 17:40:00;29.15;78038.00;40.00;1000.19;253;132;2.54;1;57.02;23.15
2025-10-08 17:40:01;29.15;72020.00;40.00;1000.17;253;132;2.54;1;57.02;23.15
2025-10-08 17:40:02;29.15;71166.00;40.00;1000.19;253;132;2.54;1;57.02;23.15
2025-10-08 17:40:03;29.15;70391.00;40.00;1000.19;253;132;2.54;1;57.02;23.15
2025-10-08 17:40:04;29.15;70628.00;40.00;1000.19;292;151;3.39;1;57.02;23.15
2025-10-08 17:40:05;29.15;71408.00;40.00;1000.19;292;151;3.39;1;57.02;23.15
2025-10-08 17:40:06;29.15;73661.00;40.00;1000.19;292;151;3.39;1;57.02;23.15
2025-10-08 17:40:07;29.16;74775.00;40.00;1000.17;303;157;3.72;1;57.02;23.16
2025-10-08 17:40:08;29.16;75992.00;40.00;1000.19;303;157;3.72;1;57.02;23.16
2025-10-08 17:40:09;29.16;76198.00;40.00;1000.17;303;157;3.72;1;57.02;23.16
2025-10-08 17:40:10;29.16;76545.00;40.00;1000.17;299;156;3.66;1;57.02;23.16
2025-10-08 17:40:11;29.15;77037.00;40.00;1000.19;299;156;3.66;1;57.02;23.15
2025-10-08 17:40:12;29.16;76896.00;40.00;1000.17;299;156;3.66;1;57.02;23.16
2025-10-08 17:40:13;29.16;71226.00;40.00;1000.17;293;154;3.55;1;57.02;23.16
2025-10-08 17:40:14;29.16;67291.00;40.00;1000.17;293;154;3.55;1;57.02;23.16
2025-10-08 17:40:15;29.16;63146.00;40.00;1000.17;293;154;3.55;1;57.02;23.16
2025-10-08 17:40:16;29.16;61080.00;40.00;1000.17;352;184;5.55;1;57.02;23.16
2025-10-08 17:40:17;29.16;61169.00;40.00;1000.17;352;184;5.55;1;57.02;23.16
2025-10-08 17:40:18;29.16;62119.00;40.00;1000.21;352;184;5.55;1;57.02;23.16
2025-10-08 17:40:19;29.17;62165.00;40.00;1000.19;398;207;7.86;1;57.02;23.17
2025-10-08 17:40:20;29.17;59948.00;40.00;1000.19;398;207;7.86;1;57.02;23.17
2025-10-08 17:40:21;29.16;59862.00;40.00;1000.17;398;207;7.86;1;57.02;23.16
2025-10-08 17:40:22;29.16;60422.00;40.00;1000.17;439;228;10.91;1;57.02;23.16
2025-10-08 17:40:23;29.16;61663.00;40.00;1000.17;439;228;10.91;1;57.02;23.16
2025-10-08 17:40:24;29.16;62165.00;40.00;1000.17;439;228;10.91;1;57.02;23.16
2025-10-08 17:40:25;29.16;64158.00;41.00;1000.17;455;238;12.51;1;58.44;23.16
2025-10-08 17:40:26;29.16;65254.00;41.00;1000.19;455;238;12.51;1;58.44;23.16
2025-10-08 17:40:27;29.16;66598.00;41.00;1000.19;455;238;12.51;1;58.44;23.16
2025-10-08 17:40:28;29.16;68778.00;41.00;1000.19;443;233;11.62;1;58.44;23.16
2025-10-08 17:40:29;29.16;70273.00;41.00;1000.19;443;233;11.62;1;58.44;23.16
2025-10-08 17:40:30;29.16;72392.00;41.00;1000.17;443;233;11.62;1;58.44;23.16
2025-10-08 17:40:31;29.16;72517.00;41.00;1000.17;407;216;9.05;1;58.44;23.16
2025-10-08 17:40:32;29.17;74841.00;41.00;1000.17;407;216;9.05;1;58.44;23.17
2025-10-08 17:40:33;29.17;75446.00;41.00;1000.19;407;216;9.05;1;58.44;23.17
2025-10-08 17:40:34;29.16;76685.00;41.00;1000.17;366;197;6.74;1;58.44;23.16
2025-10-08 17:40:35;29.16;78183.00;41.00;1000.19;366;197;6.74;1;58.44;23.16
2025-10-08 17:40:36;29.17;79817.00;41.00;1000.19;366;197;6.74;1;58.44;23.17
2025-10-08 17:40:37;29.16;79515.00;41.00;1000.17;323;176;4.92;1;58.44;23.16
2025-10-08 17:40:38;29.16;80814.00;41.00;1000.19;323;176;4.92;1;58.44;23.16
2025-10-08 17:40:39;29.15;81837.00;41.00;1000.17;323;176;4.92;1;58.45;23.15
2025-10-08 17:40:40;29.14;82077.00;40.00;1000.19;286;158;3.75;1;57.02;23.14
2025-10-08 17:40:41;29.13;82723.00;41.00;1000.17;286;158;3.75;1;58.45;23.13
2025-10-08 17:40:42;29.10;83629.00;40.00;1000.17;286;158;3.75;1;57.03;23.10
2025-10-08 17:40:43;29.09;84047.00;40.00;1000.17;254;142;2.96;1;57.03;23.09
2025-10-08 17:40:44;29.07;84469.00;40.00;1000.17;254;142;2.96;1;57.03;23.07
2025-10-08 17:40:45;29.06;85762.00;40.00;1000.19;254;142;2.96;1;57.03;23.06
2025-10-08 17:40:46;29.05;86468.00;40.00;1000.17;226;128;2.37;1;57.04;23.05
2025-10-08 17:40:47;29.04;86736.00;40.00;1000.19;226;128;2.37;1;57.04;23.04
2025-10-08 17:40:48;29.03;87367.00;40.00;1000.17;226;128;2.37;1;57.04;23.03
2025-10-08 17:40:49;29.01;87823.00;40.00;1000.19;201;115;1.95;1;57.04;23.01
2025-10-08 17:40:50;29.01;88192.00;40.00;1000.19;201;115;1.95;1;57.04;23.01
2025-10-08 17:40:51;29.01;88192.00;40.00;1000.17;201;115;1.95;1;57.04;23.01
2025-10-08 17:40:52;29.00;89222.00;40.00;1000.17;177;103;1.63;1;57.04;23.00
2025-10-08 17:40:53;29.00;89127.00;40.00;1000.19;177;103;1.63;1;57.04;23.00
2025-10-08 17:40:54;29.00;89602.00;40.00;1000.17;177;103;1.63;1;57.04;23.00
2025-10-08 17:40:55;28.99;89794.00;40.00;1000.17;160;94;1.42;1;57.04;22.99
2025-10-08 17:40:56;28.99;89507.00;40.00;1000.19;160;94;1.42;1;57.04;22.99
2025-10-08 17:40:57;28.99;90373.00;40.00;1000.19;160;94;1.42;1;57.04;22.99
2025-10-08 17:40:58;28.99;90470.00;40.00;1000.17;143;85;1.25;1;57.04;22.99
2025-10-08 17:40:59;28.99;90276.00;40.00;1000.21;143;85;1.25;1;57.04;22.99
2025-10-08 17:41:00;28.98;88939.00;40.00;1000.19;143;85;1.25;1;57.05;22.98
2025-10-08 17:41:01;28.97;88845.00;40.00;1000.19;139;83;1.21;1;57.05;22.97
2025-10-08 17:41:02;28.97;79439.00;40.00;1000.19;139;83;1.21;1;57.05;22.97
2025-10-08 17:41:03;28.97;76337.00;41.00;1000.19;139;83;1.21;1;58.47;22.97
2025-10-08 17:41:04;28.96;73855.00;41.00;1000.17;190;109;1.80;1;58.48;22.96
2025-10-08 17:41:05;28.97;73467.00;41.00;1000.17;190;109;1.80;1;58.47;22.97
2025-10-08 17:41:06;28.96;73275.00;41.00;1000.19;190;109;1.80;1;58.48;22.96
2025-10-08 17:41:07;28.96;74115.00;41.00;1000.19;230;130;2.44;1;58.48;22.96
2025-10-08 17:41:08;28.96;74246.00;41.00;1000.17;230;130;2.44;1;58.48;22.96
2025-10-08 17:41:09;28.95;76406.00;41.00;1000.17;230;130;2.44;1;58.48;22.95
2025-10-08 17:41:10;28.94;78475.00;41.00;1000.21;238;134;2.61;1;58.48;22.94
2025-10-08 17:41:11;28.95;80582.00;41.00;1000.21;238;134;2.61;1;58.48;22.95
2025-10-08 17:41:12;28.95;81599.00;41.00;1000.19;238;134;2.61;1;58.48;22.95
2025-10-08 17:41:13;28.94;83050.00;41.00;1000.19;225;127;2.36;1;58.48;22.94
2025-10-08 17:41:14;28.94;84554.00;41.00;1000.17;225;127;2.36;1;58.48;22.94
2025-10-08 17:41:15;28.94;85414.00;41.00;1000.19;225;127;2.36;1;58.48;22.94
2025-10-08 17:41:16;28.94;86646.00;41.00;1000.19;205;117;2.02;1;58.48;22.94
2025-10-08 17:41:17;28.94;86379.00;41.00;1000.19;205;117;2.02;1;58.48;22.94
2025-10-08 17:41:18;28.94;87458.00;41.00;1000.19;205;117;2.02;1;58.48;22.94
2025-10-08 17:41:19;28.94;87915.00;41.00;1000.19;185;107;1.72;1;58.48;22.94
2025-10-08 17:41:20;28.94;88470.00;41.00;1000.19;185;107;1.72;1;58.48;22.94
2025-10-08 17:41:21;28.93;89317.00;41.00;1000.19;185;107;1.72;1;58.48;22.93
2025-10-08 17:41:22;28.93;89986.00;41.00;1000.21;166;97;1.49;1;58.48;22.93
2025-10-08 17:41:23;28.94;89222.00;41.00;1000.21;166;97;1.49;1;58.48;22.94
2025-10-08 17:41:24;28.93;89507.00;41.00;1000.21;166;97;1.49;1;58.48;22.93
2025-10-08 17:41:25;28.92;85762.00;41.00;1000.19;152;90;1.33;1;58.48;22.92
2025-10-08 17:41:26;28.92;81678.00;41.00;1000.19;152;90;1.33;1;58.48;22.92
2025-10-08 17:41:27;28.92;82561.00;41.00;1000.19;152;90;1.33;1;58.48;22.92
2025-10-08 17:41:28;28.92;82805.00;41.00;1000.19;170;99;1.53;1;58.48;22.92
2025-10-08 17:41:29;28.91;83712.00;41.00;1000.21;170;99;1.53;1;58.48;22.91
2025-10-08 17:41:30;28.91;84131.00;41.00;1000.21;170;99;1.53;1;58.48;22.91
2025-10-08 17:41:31;28.91;83712.00;41.00;1000.21;174;101;1.58;1;58.48;22.91
2025-10-08 17:41:32;28.91;82805.00;41.00;1000.21;174;101;1.58;1;58.48;22.91
2025-10-08 17:41:33;28.91;80659.00;41.00;1000.15;174;101;1.58;1;58.48;22.91
2025-10-08 17:41:34;28.91;78696.00;41.00;1000.17;195;112;1.86;1;58.48;22.91
2025-10-08 17:41:35;28.90;80351.00;41.00;1000.17;195;112;1.86;1;58.48;22.90
2025-10-08 17:41:36;28.89;81917.00;41.00;1000.17;195;112;1.86;1;58.49;22.89
2025-10-08 17:41:37;28.89;83546.00;41.00;1000.19;197;113;1.89;1;58.49;22.89
2025-10-08 17:41:38;28.89;84810.00;41.00;1000.19;197;113;1.89;1;58.49;22.89
2025-10-08 17:41:39;28.88;85587.00;41.00;1000.15;197;113;1.89;1;58.49;22.88
2025-10-08 17:41:40;28.89;85327.00;41.00;1000.17;188;108;1.76;1;58.49;22.89
2025-10-08 17:41:41;28.88;85587.00;41.00;1000.17;188;108;1.76;1;58.49;22.88
2025-10-08 17:41:42;28.88;85327.00;41.00;1000.17;188;108;1.76;1;58.49;22.88
2025-10-08 17:41:43;28.88;86468.00;41.00;1000.17;180;104;1.66;1;58.49;22.88
2025-10-08 17:41:44;28.88;86290.00;41.00;1000.17;180;104;1.66;1;58.49;22.88
2025-10-08 17:41:45;28.88;86290.00;41.00;1000.17;180;104;1.66;1;58.49;22.88
2025-10-08 17:41:46;28.88;87732.00;41.00;1000.17;168;98;1.51;1;58.49;22.88
2025-10-08 17:41:47;28.88;88377.00;41.00;1000.19;168;98;1.51;1;58.49;22.88
2025-10-08 17:41:48;28.88;88845.00;41.00;1000.17;168;98;1.51;1;58.49;22.88
2025-10-08 17:41:49;28.87;88751.00;41.00;1000.17;153;90;1.35;1;58.49;22.87
2025-10-08 17:41:50;28.88;89698.00;41.00;1000.19;153;90;1.35;1;58.49;22.88
2025-10-08 17:41:51;28.87;90276.00;41.00;1000.17;153;90;1.35;1;58.49;22.87
2025-10-08 17:41:52;28.87;90470.00;41.00;1000.17;141;84;1.22;1;58.49;22.87
2025-10-08 17:41:53;28.87;89507.00;41.00;1000.19;141;84;1.22;1;58.49;22.87
2025-10-08 17:41:54;28.87;90082.00;41.00;1000.17;141;84;1.22;1;58.49;22.87
2025-10-08 17:41:55;28.87;89986.00;41.00;1000.17;134;81;1.17;1;58.49;22.87
2025-10-08 17:41:56;28.87;89412.00;41.00;1000.15;134;81;1.17;1;58.49;22.87
2025-10-08 17:41:57;28.87;89698.00;41.00;1000.17;134;81;1.17;1;58.49;22.87
2025-10-08 17:41:58;28.87;89222.00;41.00;1000.17;131;79;1.14;1;58.49;22.87
2025-10-08 17:41:59;28.86;89412.00;41.00;1000.15;131;79;1.14;1;58.49;22.86
2025-10-08 17:42:00;28.87;89412.00;41.00;1000.19;131;79;1.14;1;58.49;22.87
2025-10-08 17:42:01;28.87;88939.00;41.00;1000.15;126;76;1.09;1;58.49;22.87
2025-10-08 17:42:02;28.87;88751.00;41.00;1000.17;126;76;1.09;1;58.49;22.87
2025-10-08 17:42:03;28.87;88564.00;41.00;1000.17;126;76;1.09;1;58.49;22.87
2025-10-08 17:42:04;28.88;88377.00;42.00;1000.17;129;78;1.12;1;59.91;22.88
2025-10-08 17:42:05;28.87;88285.00;42.00;1000.19;129;78;1.12;1;59.92;22.87
2025-10-08 17:42:06;28.87;88657.00;42.00;1000.19;129;78;1.12;1;59.92;22.87
2025-10-08 17:42:07;28.86;88939.00;42.00;1000.17;127;77;1.10;1;59.92;22.86
2025-10-08 17:42:08;28.86;89127.00;42.00;1000.17;127;77;1.10;1;59.92;22.86
2025-10-08 17:42:09;28.85;89507.00;42.00;1000.17;127;77;1.10;1;59.92;22.85
2025-10-08 17:42:10;28.85;89317.00;42.00;1000.19;125;76;1.08;1;59.92;22.85
2025-10-08 17:42:11;28.85;88099.00;42.00;1000.19;125;76;1.08;1;59.92;22.85
2025-10-08 17:42:12;28.85;88007.00;42.00;1000.19;125;76;1.08;1;59.92;22.85
2025-10-08 17:42:13;28.85;87915.00;42.00;1000.19;127;77;1.10;1;59.92;22.85
2025-10-08 17:42:14;28.84;88939.00;42.00;1000.17;127;77;1.10;1;59.92;22.84
2025-10-08 17:42:15;28.83;89033.00;42.00;1000.19;127;77;1.10;1;59.92;22.83
2025-10-08 17:42:16;28.82;89602.00;42.00;1000.17;125;76;1.08;1;59.92;22.82
2025-10-08 17:42:17;28.82;89602.00;42.00;1000.17;125;76;1.08;1;59.92;22.82
2025-10-08 17:42:18;28.82;89986.00;42.00;1000.21;125;76;1.08;1;59.92;22.82
2025-10-08 17:42:19;28.83;90082.00;42.00;1000.19;120;74;1.04;1;59.92;22.83
2025-10-08 17:42:20;28.82;89986.00;42.00;1000.19;120;74;1.04;1;59.92;22.82
2025-10-08 17:42:21;28.82;88845.00;42.00;1000.17;120;74;1.04;1;59.92;22.82
2025-10-08 17:42:22;28.82;89317.00;42.00;1000.17;119;73;1.04;1;59.92;22.82
2025-10-08 17:42:23;28.82;89127.00;42.00;1000.17;119;73;1.04;1;59.92;22.82
2025-10-08 17:42:24;28.82;89794.00;42.00;1000.17;119;73;1.04;1;59.92;22.82
2025-10-08 17:42:25;28.82;89317.00;42.00;1000.19;119;73;1.03;1;59.92;22.82
2025-10-08 17:42:26;28.82;89794.00;42.00;1000.17;119;73;1.03;1;59.92;22.82
2025-10-08 17:42:27;28.82;90763.00;42.00;1000.19;119;73;1.03;1;59.92;22.82
2025-10-08 17:42:28;28.82;89986.00;42.00;1000.19;119;73;1.03;1;59.92;22.82
2025-10-08 17:42:29;28.82;90276.00;42.00;1000.19;116;71;1.01;1;59.92;22.82
2025-10-08 17:42:30;28.82;90665.00;42.00;1000.19;116;71;1.01;1;59.92;22.82
2025-10-08 17:42:31;28.82;90763.00;42.00;1000.21;116;71;1.01;1;59.92;22.82
2025-10-08 17:42:32;28.81;90665.00;42.00;1000.21;111;69;0.97;1;59.93;22.81
2025-10-08 17:42:33;28.81;91157.00;42.00;1000.21;111;69;0.97;1;59.93;22.81
2025-10-08 17:42:34;28.80;91654.00;42.00;1000.19;111;69;0.97;1;59.93;22.80
2025-10-08 17:42:35;28.81;88377.00;42.00;1000.19;105;66;0.93;1;59.93;22.81
2025-10-08 17:42:36;28.81;86290.00;42.00;1000.21;105;66;0.93;1;59.93;22.81
2025-10-08 17:42:37;28.81;86202.00;42.00;1000.21;105;66;0.93;1;59.93;22.81
2025-10-08 17:42:38;28.81;87640.00;42.00;1000.19;119;73;1.03;1;59.93;22.81
2025-10-08 17:42:39;28.81;88751.00;42.00;1000.19;119;73;1.03;1;59.93;22.81
2025-10-08 17:42:40;28.81;89033.00;42.00;1000.19;119;73;1.03;1;59.93;22.81
2025-10-08 17:42:41;28.82;87823.00;42.00;1000.19;119;73;1.03;1;59.92;22.82
2025-10-08 17:42:42;28.82;88285.00;42.00;1000.19;119;73;1.03;1;59.92;22.82
2025-10-08 17:42:43;28.81;88939.00;42.00;1000.19;119;73;1.03;1;59.93;22.81
2025-10-08 17:42:44;28.82;88751.00;42.00;1000.19;119;73;1.03;1;59.92;22.82
2025-10-08 17:42:45;28.82;89794.00;42.00;1000.19;119;73;1.03;1;59.92;22.82
2025-10-08 17:42:46;28.81;89127.00;42.00;1000.19;119;73;1.03;1;59.93;22.81
2025-10-08 17:42:47;28.81;89698.00;42.00;1000.19;118;73;1.03;1;59.93;22.81
2025-10-08 17:42:48;28.81;89033.00;42.00;1000.19;118;73;1.03;1;59.93;22.81
2025-10-08 17:42:49;28.82;88657.00;42.00;1000.17;118;73;1.03;1;59.92;22.82
2025-10-08 17:42:50;28.82;89033.00;42.00;1000.17;119;73;1.04;1;59.92;22.82
2025-10-08 17:42:51;28.81;85938.00;42.00;1000.19;119;73;1.04;1;59.93;22.81
2025-10-08 17:42:52;28.82;84639.00;42.00;1000.19;119;73;1.04;1;59.92;22.82
2025-10-08 17:42:53;28.82;82886.00;42.00;1000.19;134;81;1.16;1;59.92;22.82
2025-10-08 17:42:54;28.82;82157.00;42.00;1000.19;134;81;1.16;1;59.92;22.82
2025-10-08 17:42:55;28.82;82642.00;42.00;1000.19;134;81;1.16;1;59.92;22.82
2025-10-08 17:42:56;28.82;82968.00;42.00;1000.17;149;88;1.30;1;59.92;22.82
2025-10-08 17:42:57;28.82;81758.00;42.00;1000.19;149;88;1.30;1;59.92;22.82
2025-10-08 17:42:58;28.81;79741.00;42.00;1000.17;149;88;1.30;1;59.93;22.81
2025-10-08 17:42:59;28.79;78548.00;42.00;1000.19;173;100;1.57;1;59.93;22.79
2025-10-08 17:43:00;28.79;76685.00;42.00;1000.19;173;100;1.57;1;59.93;22.79
2025-10-08 17:43:01;28.79;75109.00;42.00;1000.21;173;100;1.57;1;59.93;22.79
2025-10-08 17:43:02;28.79;73725.00;42.00;1000.19;211;120;2.11;1;59.93;22.79
2025-10-08 17:43:03;28.79;73725.00;42.00;1000.19;211;120;2.11;1;59.93;22.79
2025-10-08 17:43:04;28.78;73212.00;42.00;1000.19;211;120;2.11;1;59.93;22.78
2025-10-08 17:43:05;28.78;72831.00;42.00;1000.19;242;136;2.68;1;59.93;22.78
2025-10-08 17:43:06;28.78;73148.00;42.00;1000.19;242;136;2.68;1;59.93;22.78
2025-10-08 17:43:07;28.78;69691.00;42.00;1000.19;242;136;2.68;1;59.93;22.78
2025-10-08 17:43:08;28.79;66704.00;42.00;1000.19;281;156;3.66;1;59.93;22.79
2025-10-08 17:43:09;28.79;65001.00;42.00;1000.19;281;156;3.66;1;59.93;22.79
2025-10-08 17:43:10;28.79;63720.00;42.00;1000.19;281;156;3.66;1;59.93;22.79
2025-10-08 17:43:11;28.78;64305.00;42.00;1000.19;330;182;5.43;1;59.93;22.78
2025-10-08 17:43:12;28.78;64751.00;42.00;1000.19;330;182;5.43;1;59.93;22.78
2025-10-08 17:43:13;28.79;66126.00;42.00;1000.19;330;182;5.43;1;59.93;22.79
2025-10-08 17:43:14;28.78;67725.00;42.00;1000.19;349;193;6.40;1;59.93;22.78
2025-10-08 17:43:15;28.78;69460.00;42.00;1000.19;349;193;6.40;1;59.93;22.78
2025-10-08 17:43:16;28.77;69864.00;42.00;1000.19;349;193;6.40;1;59.93;22.77
2025-10-08 17:43:17;28.78;70866.00;42.00;1000.19;347;193;6.41;1;59.93;22.78
2025-10-08 17:43:18;28.78;72143.00;42.00;1000.19;347;193;6.41;1;59.93;22.78
2025-10-08 17:43:19;28.78;72768.00;42.00;1000.21;347;193;6.41;1;59.93;22.78
2025-10-08 17:43:20;28.79;73985.00;42.00;1000.19;329;185;5.64;1;59.93;22.79
2025-10-08 17:43:21;28.78;74444.00;42.00;1000.19;329;185;5.64;1;59.93;22.78
2025-10-08 17:43:22;28.78;74975.00;42.00;1000.19;329;185;5.64;1;59.93;22.78
2025-10-08 17:43:23;28.78;76129.00;42.00;1000.19;312;176;4.97;1;59.93;22.78
2025-10-08 17:43:24;28.78;76966.00;42.00;1000.19;312;176;4.97;1;59.93;22.78
2025-10-08 17:43:25;28.78;77677.00;42.00;1000.19;312;176;4.97;1;59.93;22.78
2025-10-08 17:43:26;28.79;78183.00;42.00;1000.19;288;165;4.17;1;59.93;22.79
2025-10-08 17:43:27;28.79;78183.00;42.00;1000.19;288;165;4.17;1;59.93;22.79
2025-10-08 17:43:28;28.78;79817.00;42.00;1000.19;288;165;4.17;1;59.93;22.78
2025-10-08 17:43:29;28.78;80505.00;42.00;1000.19;264;153;3.46;1;59.93;22.78
2025-10-08 17:43:30;28.78;81678.00;42.00;1000.21;264;153;3.46;1;59.93;22.78
2025-10-08 17:43:31;28.79;81997.00;42.00;1000.21;264;153;3.46;1;59.93;22.79
2025-10-08 17:43:32;28.79;82157.00;42.00;1000.21;240;140;2.86;1;59.93;22.79
2025-10-08 17:43:33;28.79;83546.00;42.00;1000.21;240;140;2.86;1;59.93;22.79
2025-10-08 17:43:34;28.79;84047.00;42.00;1000.19;240;140;2.86;1;59.93;22.79
2025-10-08 17:43:35;28.79;83629.00;41.00;1000.21;215;127;2.33;1;58.50;22.79
2025-10-08 17:43:36;28.79;84725.00;41.00;1000.21;215;127;2.33;1;58.50;22.79
2025-10-08 17:43:37;28.79;85500.00;41.00;1000.19;215;127;2.33;1;58.50;22.79
2025-10-08 17:43:38;28.79;85675.00;41.00;1000.19;195;116;1.98;1;58.50;22.79
2025-10-08 17:43:39;28.80;85414.00;41.00;1000.21;195;116;1.98;1;58.50;22.80
2025-10-08 17:43:40;28.79;86825.00;41.00;1000.21;195;116;1.98;1;58.50;22.79
2025-10-08 17:43:41;28.79;87640.00;41.00;1000.21;176;105;1.69;1;58.50;22.79
2025-10-08 17:43:42;28.79;87276.00;41.00;1000.21;176;105;1.69;1;58.50;22.79
2025-10-08 17:43:43;28.80;88007.00;41.00;1000.21;176;105;1.69;1;58.50;22.80
2025-10-08 17:43:44;28.80;88285.00;41.00;1000.21;159;96;1.47;1;58.50;22.80
2025-10-08 17:43:45;28.79;88564.00;41.00;1000.21;159;96;1.47;1;58.50;22.79
2025-10-08 17:43:46;28.80;89986.00;41.00;1000.19;159;96;1.47;1;58.50;22.80
2025-10-08 17:43:47;28.80;89890.00;41.00;1000.19;144;89;1.31;1;58.50;22.80
2025-10-08 17:43:48;28.80;82318.00;41.00;1000.21;144;89;1.31;1;58.50;22.80
2025-10-08 17:43:49;28.80;74908.00;41.00;1000.21;144;89;1.31;1;58.50;22.80
2025-10-08 17:43:50;28.79;71712.00;41.00;1000.21;193;115;1.95;1;58.50;22.79
2025-10-08 17:43:51;28.79;73275.00;41.00;1000.19;193;115;1.95;1;58.50;22.79
2025-10-08 17:43:52;28.78;75923.00;41.00;1000.19;193;115;1.95;1;58.50;22.78
2025-10-08 17:43:53;28.78;78038.00;41.00;1000.19;213;125;2.29;1;58.50;22.78
2025-10-08 17:43:54;28.78;79289.00;41.00;1000.17;213;125;2.29;1;58.50;22.78
2025-10-08 17:43:55;28.78;80892.00;41.00;1000.19;213;125;2.29;1;58.50;22.78
2025-10-08 17:43:56;28.78;81441.00;41.00;1000.19;209;123;2.22;1;58.50;22.78
2025-10-08 17:43:57;28.78;81599.00;41.00;1000.19;209;123;2.22;1;58.50;22.78
2025-10-08 17:43:58;28.78;82723.00;41.00;1000.19;209;123;2.22;1;58.50;22.78
2025-10-08 17:43:59;28.78;82805.00;41.00;1000.21;202;119;2.09;1;58.50;22.78
2025-10-08 17:44:00;28.78;83546.00;41.00;1000.21;202;119;2.09;1;58.50;22.78
2025-10-08 17:44:01;28.79;83795.00;41.00;1000.19;202;119;2.09;1;58.50;22.79
2025-10-08 17:44:02;28.78;84384.00;41.00;1000.19;191;114;1.92;1;58.50;22.78
2025-10-08 17:44:03;28.79;77534.00;41.00;1000.19;191;114;1.92;1;58.50;22.79
2025-10-08 17:44:04;28.79;75243.00;41.00;1000.19;191;114;1.92;1;58.50;22.79
2025-10-08 17:44:05;28.78;77966.00;41.00;1000.17;207;122;2.18;1;58.50;22.78
2025-10-08 17:44:06;28.76;79968.00;41.00;1000.19;207;122;2.18;1;58.51;22.76
2025-10-08 17:44:07;28.75;81048.00;41.00;1000.19;207;122;2.18;1;58.51;22.75
2025-10-08 17:44:08;28.76;81283.00;41.00;1000.21;206;122;2.17;1;58.51;22.76
2025-10-08 17:44:09;28.75;80197.00;41.00;1000.21;206;122;2.17;1;58.51;22.75
2025-10-08 17:44:10;28.75;78991.00;41.00;1000.21;206;122;2.17;1;58.51;22.75
2025-10-08 17:44:11;28.75;78622.00;41.00;1000.17;215;126;2.32;1;58.51;22.75
2025-10-08 17:44:12;28.75;78843.00;41.00;1000.19;215;126;2.32;1;58.51;22.75
2025-10-08 17:44:13;28.74;78548.00;41.00;1000.19;215;126;2.32;1;58.51;22.74
2025-10-08 17:44:14;28.74;78183.00;41.00;1000.19;221;130;2.44;1;58.51;22.74
2025-10-08 17:44:15;28.74;79665.00;41.00;1000.19;221;130;2.44;1;58.51;22.74
2025-10-08 17:44:16;28.73;79140.00;41.00;1000.19;221;130;2.44;1;58.51;22.73
2025-10-08 17:44:17;28.74;80121.00;41.00;1000.19;220;129;2.43;1;58.51;22.74
2025-10-08 17:44:18;28.73;80892.00;41.00;1000.21;220;129;2.43;1;58.51;22.73
2025-10-08 17:44:19;28.73;81048.00;41.00;1000.19;220;129;2.43;1;58.51;22.73
2025-10-08 17:44:20;28.73;81678.00;41.00;1000.21;215;126;2.33;1;58.51;22.73
2025-10-08 17:44:21;28.73;81599.00;41.00;1000.19;215;126;2.33;1;58.51;22.73
2025-10-08 17:44:22;28.74;80970.00;41.00;1000.19;215;126;2.33;1;58.51;22.74
2025-10-08 17:44:23;28.73;81917.00;41.00;1000.21;210;124;2.24;1;58.51;22.73
2025-10-08 17:44:24;28.73;82399.00;41.00;1000.21;210;124;2.24;1;58.51;22.73
2025-10-08 17:44:25;28.74;81917.00;41.00;1000.21;210;124;2.24;1;58.51;22.74
2025-10-08 17:44:26;28.73;82561.00;41.00;1000.21;206;122;2.17;1;58.51;22.73
2025-10-08 17:44:27;28.73;82805.00;42.00;1000.21;206;122;2.17;1;59.94;22.73
2025-10-08 17:44:28;28.73;82886.00;42.00;1000.19;206;122;2.17;1;59.94;22.73
2025-10-08 17:44:29;28.73;82077.00;42.00;1000.23;203;120;2.11;1;59.94;22.73
2025-10-08 17:44:30;28.71;80659.00;42.00;1000.26;203;120;2.11;1;59.94;22.71
2025-10-08 17:44:31;28.69;79289.00;42.00;1000.26;203;120;2.11;1;59.94;22.69
2025-10-08 17:44:32;28.67;78256.00;42.00;1000.26;210;124;2.24;1;59.95;22.67
2025-10-08 17:44:33;28.67;76545.00;42.00;1000.26;210;124;2.24;1;59.95;22.67
2025-10-08 17:44:34;28.66;75243.00;42.00;1000.26;210;124;2.24;1;59.95;22.66
2025-10-08 17:44:35;28.65;77606.00;42.00;1000.26;223;131;2.49;1;59.95;22.65
2025-10-08 17:44:36;28.65;77966.00;42.00;1000.27;223;131;2.49;1;59.95;22.65
2025-10-08 17:44:37;28.64;79590.00;42.00;1000.26;223;131;2.49;1;59.95;22.64
2025-10-08 17:44:38;28.63;80814.00;41.00;1000.26;220;129;2.42;1;58.53;22.63
2025-10-08 17:44:39;28.62;75855.00;42.00;1000.26;220;129;2.42;1;59.96;22.62
2025-10-08 17:44:40;28.62;68947.00;42.00;1000.27;220;129;2.42;1;59.96;22.62
2025-10-08 17:44:41;28.61;68610.00;42.00;1000.23;263;153;3.48;1;59.96;22.61
2025-10-08 17:44:42;28.61;69460.00;42.00;1000.26;263;153;3.48;1;59.96;22.61
2025-10-08 17:44:43;28.60;72143.00;42.00;1000.27;263;153;3.48;1;59.96;22.60
2025-10-08 17:44:44;28.59;73855.00;42.00;1000.26;271;158;3.76;1;59.96;22.59
2025-10-08 17:44:45;28.58;77320.00;42.00;1000.27;271;158;3.76;1;59.96;22.58
2025-10-08 17:44:46;28.58;78769.00;41.00;1000.28;271;158;3.76;1;58.53;22.58
2025-10-08 17:44:47;28.57;77966.00;41.00;1000.27;271;158;3.76;1;58.54;22.57
2025-10-08 17:44:48;28.56;75582.00;41.00;1000.26;262;153;3.50;1;58.54;22.56
2025-10-08 17:44:49;28.55;75311.00;41.00;1000.27;262;153;3.50;1;58.54;22.55
2025-10-08 17:44:50;28.55;75514.00;41.00;1000.27;262;153;3.50;1;58.54;22.55
2025-10-08 17:44:51;28.54;77391.00;41.00;1000.23;264;155;3.61;1;58.54;22.54
2025-10-08 17:44:52;28.53;78548.00;41.00;1000.28;264;155;3.61;1;58.54;22.53
2025-10-08 17:44:53;28.52;79817.00;41.00;1000.26;264;155;3.61;1;58.54;22.52
2025-10-08 17:44:54;28.52;79968.00;41.00;1000.26;250;148;3.23;1;58.54;22.52
2025-10-08 17:44:55;28.51;79741.00;41.00;1000.26;250;148;3.23;1;58.55;22.51
2025-10-08 17:44:56;28.51;78402.00;41.00;1000.27;250;148;3.23;1;58.55;22.51
2025-10-08 17:44:57;28.51;60076.00;41.00;1000.27;246;146;3.13;1;58.55;22.51
2025-10-08 17:44:58;28.50;49208.00;41.00;1000.27;246;146;3.13;1;58.55;22.50
2025-10-08 17:44:59;28.49;47006.00;41.00;1000.26;246;146;3.13;1;58.55;22.49
2025-10-08 17:45:00;28.48;48219.00;41.00;1000.26;388;225;10.34;1;58.55;22.48
2025-10-08 17:45:01;28.48;40887.00;41.00;1000.27;388;225;10.34;1;58.55;22.48
2025-10-08 17:45:02;28.48;41451.00;41.00;1000.27;388;225;10.34;1;58.55;22.48
2025-10-08 17:45:03;28.48;42541.00;41.00;1000.28;500;299;31.75;1;58.55;22.48
2025-10-08 17:45:04;28.47;45435.00;41.00;1000.23;500;299;31.75;1;58.55;22.47
2025-10-08 17:45:05;28.46;45682.00;41.00;1000.26;500;299;31.75;1;58.55;22.46
2025-10-08 17:45:06;28.46;46032.00;41.00;1000.21;500;335;54.71;1;58.55;22.46
2025-10-08 17:45:07;28.45;41989.00;41.00;1000.26;500;335;54.71;1;58.55;22.45
2025-10-08 17:45:08;28.45;31304.00;41.00;1000.23;500;335;54.71;1;58.55;22.45
2025-10-08 17:45:09;28.44;26312.00;41.00;1000.23;500;419;195.28;1;58.56;22.44
2025-10-08 17:45:10;28.44;27409.00;41.00;1000.26;500;419;195.28;1;58.56;22.44
2025-10-08 17:45:11;28.43;31374.00;42.00;1000.26;500;419;195.28;1;59.99;22.43
2025-10-08 17:45:12;28.43;34205.00;42.00;1000.23;500;477;464.53;1;59.99;22.43
2025-10-08 17:45:13;28.42;38884.00;42.00;1000.23;500;477;464.53;1;59.99;22.42
2025-10-08 17:45:14;28.42;43063.00;42.00;1000.23;500;477;464.53;1;59.99;22.42
2025-10-08 17:45:15;28.42;46032.00;42.00;1000.26;500;466;398.27;1;59.99;22.42
2025-10-08 17:45:16;28.41;49236.00;42.00;1000.26;500;466;398.27;1;59.99;22.41
2025-10-08 17:45:17;28.41;51217.00;42.00;1000.26;500;466;398.27;1;59.99;22.41
2025-10-08 17:45:18;28.41;53533.00;42.00;1000.26;500;430;229.30;2;59.99;22.41
2025-10-08 17:45:19;28.41;54119.00;42.00;1000.26;500;430;229.30;2;59.99;22.41
2025-10-08 17:45:20;28.40;53295.00;42.00;1000.23;500;430;229.30;2;59.99;22.40
2025-10-08 17:45:21;28.40;42584.00;42.00;1000.26;500;412;174.54;2;59.99;22.40
2025-10-08 17:45:22;28.41;29258.00;42.00;1000.23;500;412;174.54;2;59.99;22.41
2025-10-08 17:45:23;28.40;20766.00;42.00;1000.23;500;412;174.54;2;59.99;22.40
2025-10-08 17:45:24;28.40;17556.00;42.00;1000.26;500;536;344.64;2;59.99;22.40
2025-10-08 17:45:25;28.40;16457.00;42.00;1000.26;500;536;344.64;2;59.99;22.40
2025-10-08 17:45:26;28.40;16718.00;42.00;1000.26;500;536;344.64;2;59.99;22.40
2025-10-08 17:45:27;28.39;17809.00;42.00;1000.23;500;656;344.64;2;59.99;22.39
2025-10-08 17:45:28;28.39;18306.00;42.00;1000.23;500;656;344.64;2;59.99;22.39
2025-10-08 17:45:29;28.39;19695.00;42.00;1000.26;500;656;344.64;2;59.99;22.39
2025-10-08 17:45:30;28.39;21554.00;42.00;1000.23;500;713;344.64;2;59.99;22.39
2025-10-08 17:45:31;28.38;24193.00;42.00;1000.23;500;713;344.64;2;59.99;22.38
2025-10-08 17:45:32;28.38;26378.00;42.00;1000.21;500;713;344.64;2;59.99;22.38
2025-10-08 17:45:33;28.38;29380.00;42.00;1000.23;500;701;344.64;2;59.99;22.38
2025-10-08 17:45:34;28.37;33050.00;42.00;1000.23;500;701;344.64;2;60.00;22.37
2025-10-08 17:45:35;28.37;34656.00;42.00;1000.19;500;701;344.64;2;60.00;22.37
2025-10-08 17:45:36;28.36;34944.00;42.00;1000.21;500;655;344.64;2;60.00;22.36
2025-10-08 17:45:37;28.36;37767.00;42.00;1000.21;500;655;344.64;2;60.00;22.36
2025-10-08 17:45:38;28.36;40338.00;42.00;1000.23;500;655;344.64;2;60.00;22.36
2025-10-08 17:45:39;28.35;42931.00;42.00;1000.23;500;595;344.64;2;60.00;22.35
2025-10-08 17:45:40;28.35;44241.00;42.00;1000.21;500;595;344.64;2;60.00;22.35
2025-10-08 17:45:41;28.34;47297.00;42.00;1000.23;500;595;344.64;2;60.00;22.34
2025-10-08 17:45:42;28.34;48864.00;42.00;1000.21;500;534;344.64;2;60.00;22.34
2025-10-08 17:45:43;28.33;50418.00;42.00;1000.21;500;534;344.64;2;60.00;22.33
2025-10-08 17:45:44;28.33;51562.00;42.00;1000.26;500;534;344.64;2;60.00;22.33
2025-10-08 17:45:45;28.33;52826.00;42.00;1000.23;500;477;466.35;2;60.00;22.33
2025-10-08 17:45:46;28.33;53807.00;42.00;1000.21;500;477;466.35;2;60.00;22.33
2025-10-08 17:45:47;28.33;54049.00;42.00;1000.26;500;477;466.35;2;60.00;22.33
2025-10-08 17:45:48;28.33;54825.00;42.00;1000.23;500;429;227.81;2;60.00;22.33
2025-10-08 17:45:49;28.33;55771.00;42.00;1000.26;500;429;227.81;2;60.00;22.33
2025-10-08 17:45:50;28.33;56750.00;42.00;1000.21;500;429;227.81;2;60.00;22.33
2025-10-08 17:45:51;28.33;58003.00;42.00;1000.21;500;388;120.97;2;60.00;22.33
2025-10-08 17:45:52;28.33;52009.00;42.00;1000.21;500;388;120.97;2;60.00;22.33
2025-10-08 17:45:53;28.33;52106.00;42.00;1000.21;500;388;120.97;2;60.00;22.33
2025-10-08 17:45:54;28.33;53194.00;42.00;1000.21;500;374;98.91;2;60.00;22.33
2025-10-08 17:45:55;28.33;54505.00;42.00;1000.23;500;374;98.91;2;60.00;22.33
2025-10-08 17:45:56;28.33;56942.00;42.00;1000.23;500;374;98.91;2;60.00;22.33
2025-10-08 17:45:57;28.33;58204.00;42.00;1000.26;500;350;69.00;2;60.00;22.33
2025-10-08 17:45:58;28.33;59608.00;42.00;1000.26;500;350;69.00;2;60.00;22.33
2025-10-08 17:45:59;28.34;60771.00;42.00;1000.26;500;350;69.00;2;60.00;22.34
2025-10-08 17:46:00;28.34;62257.00;42.00;1000.23;500;323;45.74;2;60.00;22.34
2025-10-08 17:46:01;28.34;62909.00;42.00;1000.23;500;323;45.74;2;60.00;22.34
2025-10-08 17:46:02;28.34;63768.00;42.00;1000.23;500;323;45.74;2;60.00;22.34
2025-10-08 17:46:03;28.34;64109.00;42.00;1000.23;471;298;31.36;2;60.00;22.34
2025-10-08 17:46:04;28.34;65559.00;42.00;1000.23;471;298;31.36;2;60.00;22.34
2025-10-08 17:46:05;28.34;65816.00;42.00;1000.23;471;298;31.36;2;60.00;22.34
2025-10-08 17:46:06;28.33;66651.00;42.00;1000.23;433;276;22.47;2;60.00;22.33
2025-10-08 17:46:07;28.34;67670.00;42.00;1000.23;433;276;22.47;2;60.00;22.34
2025-10-08 17:46:08;28.35;68220.00;42.00;1000.23;433;276;22.47;2;60.00;22.35
2025-10-08 17:46:09;28.34;68610.00;42.00;1000.26;397;255;16.40;2;60.00;22.34
2025-10-08 17:46:10;28.34;69117.00;42.00;1000.23;397;255;16.40;2;60.00;22.34
2025-10-08 17:46:11;28.34;69403.00;42.00;1000.23;397;255;16.40;2;60.00;22.34
2025-10-08 17:46:12;28.34;69691.00;42.00;1000.23;369;239;12.82;2;60.00;22.34
2025-10-08 17:46:13;28.34;69922.00;42.00;1000.23;369;239;12.82;2;60.00;22.34
2025-10-08 17:46:14;28.34;70450.00;42.00;1000.23;369;239;12.82;2;60.00;22.34
2025-10-08 17:46:15;28.34;71166.00;42.00;1000.23;347;226;10.50;2;60.00;22.34
2025-10-08 17:46:16;28.34;71468.00;42.00;1000.23;347;226;10.50;2;60.00;22.34
2025-10-08 17:46:17;28.34;71529.00;42.00;1000.23;347;226;10.50;2;60.00;22.34
2025-10-08 17:46:18;28.34;72642.00;42.00;1000.23;324;213;8.60;2;60.00;22.34
2025-10-08 17:46:19;28.34;72894.00;42.00;1000.23;324;213;8.60;2;60.00;22.34
2025-10-08 17:46:20;28.35;72957.00;42.00;1000.23;324;213;8.60;2;60.00;22.35
2025-10-08 17:46:21;28.35;73855.00;42.00;1000.21;304;201;7.17;2;60.00;22.35
2025-10-08 17:46:22;28.35;74181.00;42.00;1000.26;304;201;7.17;2;60.00;22.35
2025-10-08 17:46:23;28.35;74510.00;42.00;1000.21;304;201;7.17;2;60.00;22.35
2025-10-08 17:46:24;28.35;74510.00;42.00;1000.21;285;190;6.08;2;60.00;22.35
2025-10-08 17:46:25;28.36;69174.00;42.00;1000.26;285;190;6.08;2;60.00;22.36
2025-10-08 17:46:26;28.36;60948.00;42.00;1000.23;285;190;6.08;2;60.00;22.36
2025-10-08 17:46:27;28.35;59397.00;42.00;1000.23;329;218;9.38;2;60.00;22.35
2025-10-08 17:46:28;28.35;58164.00;42.00;1000.26;329;218;9.38;2;60.00;22.35
2025-10-08 17:46:29;28.35;60033.00;42.00;1000.26;329;218;9.38;2;60.00;22.35
2025-10-08 17:46:30;28.35;61259.00;42.00;1000.21;354;235;12.10;2;60.00;22.35
2025-10-08 17:46:31;28.35;61936.00;42.00;1000.26;354;235;12.10;2;60.00;22.35
2025-10-08 17:46:32;28.36;63575.00;42.00;1000.23;354;235;12.10;2;60.00;22.36
2025-10-08 17:46:33;28.36;65355.00;42.00;1000.26;353;236;12.17;2;60.00;22.36
2025-10-08 17:46:34;28.35;66704.00;42.00;1000.23;353;236;12.17;2;60.00;22.35
2025-10-08 17:46:35;28.36;67237.00;42.00;1000.26;353;236;12.17;2;60.00;22.36
2025-10-08 17:46:36;28.36;67023.00;42.00;1000.23;343;230;11.21;2;60.00;22.36
2025-10-08 17:46:37;28.36;68331.00;42.00;1000.23;343;230;11.21;2;60.00;22.36
2025-10-08 17:46:38;28.37;69518.00;42.00;1000.23;343;230;11.21;2;60.00;22.37
2025-10-08 17:46:39;28.36;69231.00;42.00;1000.21;329;222;9.94;2;60.00;22.36
2025-10-08 17:46:40;28.37;70097.00;42.00;1000.23;329;222;9.94;2;60.00;22.37
2025-10-08 17:46:41;28.37;71468.00;42.00;1000.26;329;222;9.94;2;60.00;22.37
2025-10-08 17:46:42;28.37;71835.00;42.00;1000.26;313;213;8.60;2;60.00;22.37
2025-10-08 17:46:43;28.38;72020.00;42.00;1000.26;313;213;8.60;2;59.99;22.38
2025-10-08 17:46:44;28.38;72267.00;42.00;1000.23;313;213;8.60;2;59.99;22.38
2025-10-08 17:46:45;28.38;68947.00;42.00;1000.23;306;209;8.10;2;59.99;22.38
2025-10-08 17:46:46;28.38;69004.00;42.00;1000.23;306;209;8.10;2;59.99;22.38
2025-10-08 17:46:47;28.38;69806.00;42.00;1000.23;306;209;8.10;2;59.99;22.38
2025-10-08 17:46:48;28.38;71774.00;42.00;1000.23;296;203;7.44;2;59.99;22.38
2025-10-08 17:46:49;28.38;72579.00;42.00;1000.23;296;203;7.44;2;59.99;22.38
2025-10-08 17:46:50;28.38;73661.00;42.00;1000.23;296;203;7.44;2;59.99;22.38
2025-10-08 17:46:51;28.38;74444.00;42.00;1000.23;278;192;6.30;2;59.99;22.38
2025-10-08 17:46:52;28.38;75582.00;42.00;1000.23;278;192;6.30;2;59.99;22.38
2025-10-08 17:46:53;28.38;75718.00;42.00;1000.26;278;192;6.30;2;59.99;22.38
2025-10-08 17:46:54;28.38;76755.00;42.00;1000.23;260;181;5.32;2;59.99;22.38
2025-10-08 17:46:55;28.38;77249.00;42.00;1000.23;260;181;5.32;2;59.99;22.38
2025-10-08 17:46:56;28.38;77677.00;42.00;1000.23;260;181;5.32;2;59.99;22.38
2025-10-08 17:46:57;28.38;78402.00;42.00;1000.23;242;169;4.42;2;59.99;22.38
2025-10-08 17:46:58;28.38;78991.00;42.00;1000.23;242;169;4.42;2;59.99;22.38
2025-10-08 17:46:59;28.38;79439.00;42.00;1000.23;242;169;4.42;2;59.99;22.38
2025-10-08 17:47:00;28.38;79590.00;42.00;1000.23;226;158;3.76;2;59.99;22.38
2025-10-08 17:47:01;28.38;79665.00;42.00;1000.23;226;158;3.76;2;59.99;22.38
2025-10-08 17:47:02;28.38;79590.00;42.00;1000.21;226;158;3.76;2;59.99;22.38
2025-10-08 17:47:03;28.39;79665.00;42.00;1000.26;214;150;3.35;2;59.99;22.39
2025-10-08 17:47:04;28.39;79665.00;42.00;1000.26;214;150;3.35;2;59.99;22.39
2025-10-08 17:47:05;28.39;78402.00;42.00;1000.23;214;150;3.35;2;59.99;22.39
2025-10-08 17:47:06;28.39;78256.00;42.00;1000.23;214;150;3.35;2;59.99;22.39
2025-10-08 17:47:07;28.39;76337.00;42.00;1000.23;211;148;3.23;2;59.99;22.39
2025-10-08 17:47:08;28.40;74642.00;42.00;1000.23;211;148;3.23;2;59.99;22.40
2025-10-08 17:47:09;28.40;73855.00;42.00;1000.23;211;148;3.23;2;59.99;22.40
2025-10-08 17:47:10;28.40;72831.00;42.00;1000.21;222;155;3.61;2;59.99;22.40
2025-10-08 17:47:11;28.41;72768.00;42.00;1000.21;222;155;3.61;2;59.99;22.41
2025-10-08 17:47:12;28.41;72454.00;42.00;1000.23;222;155;3.61;2;59.99;22.41
2025-10-08 17:47:13;28.41;72957.00;42.00;1000.23;234;163;4.08;2;59.99;22.41
2025-10-08 17:47:14;28.41;71166.00;42.00;1000.26;234;163;4.08;2;59.99;22.41
2025-10-08 17:47:15;28.41;70568.00;42.00;1000.23;234;163;4.08;2;59.99;22.41
2025-10-08 17:47:16;28.42;68109.00;42.00;1000.23;249;173;4.73;2;59.99;22.42
2025-10-08 17:47:17;28.42;67130.00;42.00;1000.23;249;173;4.73;2;59.99;22.42
2025-10-08 17:47:18;28.43;65971.00;42.00;1000.23;249;173;4.73;2;59.99;22.43
2025-10-08 17:47:19;28.43;66023.00;42.00;1000.21;273;190;6.13;2;59.99;22.43
2025-10-08 17:47:20;28.43;66023.00;42.00;1000.26;273;190;6.13;2;59.99;22.43
2025-10-08 17:47:21;28.43;64158.00;42.00;1000.26;273;190;6.13;2;59.99;22.43
2025-10-08 17:47:22;28.43;66493.00;42.00;1000.23;296;207;7.84;2;59.99;22.43
2025-10-08 17:47:23;28.43;69288.00;42.00;1000.23;296;207;7.84;2;59.99;22.43
2025-10-08 17:47:24;28.44;71590.00;42.00;1000.23;296;207;7.84;2;59.98;22.44
2025-10-08 17:47:25;28.44;72579.00;42.00;1000.23;286;201;7.15;2;59.98;22.44
2025-10-08 17:47:26;28.44;74050.00;42.00;1000.23;286;201;7.15;2;59.98;22.44
2025-10-08 17:47:27;28.44;75582.00;42.00;1000.23;286;201;7.15;2;59.98;22.44
2025-10-08 17:47:28;28.44;76476.00;42.00;1000.21;266;188;5.90;2;59.98;22.44
2025-10-08 17:47:29;28.45;77463.00;42.00;1000.23;266;188;5.90;2;59.98;22.45
2025-10-08 17:47:30;28.45;77893.00;42.00;1000.26;266;188;5.90;2;59.98;22.45
2025-10-08 17:47:31;28.45;78548.00;42.00;1000.26;246;174;4.81;2;59.98;22.45
2025-10-08 17:47:32;28.46;79741.00;42.00;1000.23;246;174;4.81;2;59.98;22.46
2025-10-08 17:47:33;28.46;79968.00;42.00;1000.26;246;174;4.81;2;59.98;22.46
2025-10-08 17:47:34;28.47;80045.00;42.00;1000.26;226;161;3.93;2;59.98;22.47
2025-10-08 17:47:35;28.47;81205.00;42.00;1000.23;226;161;3.93;2;59.98;22.47
2025-10-08 17:47:36;28.47;79364.00;42.00;1000.26;226;161;3.93;2;59.98;22.47
2025-10-08 17:47:37;28.47;76476.00;42.00;1000.23;216;154;3.53;2;59.98;22.47
2025-10-08 17:47:38;28.46;75582.00;42.00;1000.23;216;154;3.53;2;59.98;22.46
2025-10-08 17:47:39;28.46;77107.00;42.00;1000.23;216;154;3.53;2;59.98;22.46
2025-10-08 17:47:40;28.46;76966.00;42.00;1000.23;214;152;3.45;2;59.98;22.46
2025-10-08 17:47:41;28.47;77391.00;42.00;1000.26;214;152;3.45;2;59.98;22.47
2025-10-08 17:47:42;28.46;76966.00;42.00;1000.23;214;152;3.45;2;59.98;22.46
2025-10-08 17:47:43;28.47;77391.00;42.00;1000.23;211;151;3.37;2;59.98;22.47
2025-10-08 17:47:44;28.47;77534.00;42.00;1000.28;211;151;3.37;2;59.98;22.47
2025-10-08 17:47:45;28.47;78038.00;42.00;1000.23;211;151;3.37;2;59.98;22.47
2025-10-08 17:47:46;28.47;77677.00;42.00;1000.28;208;148;3.25;2;59.98;22.47
2025-10-08 17:47:47;28.47;77821.00;42.00;1000.27;208;148;3.25;2;59.98;22.47
2025-10-08 17:47:48;28.47;78622.00;42.00;1000.28;208;148;3.25;2;59.98;22.47
2025-10-08 17:47:49;28.48;78329.00;42.00;1000.27;205;146;3.15;2;59.98;22.48
2025-10-08 17:47:50;28.48;78991.00;42.00;1000.27;205;146;3.15;2;59.98;22.48
2025-10-08 17:47:51;28.48;78843.00;42.00;1000.27;205;146;3.15;2;59.98;22.48
2025-10-08 17:47:52;28.48;79968.00;42.00;1000.27;201;144;3.03;2;59.98;22.48
2025-10-08 17:47:53;28.48;80814.00;42.00;1000.27;201;144;3.03;2;59.98;22.48
2025-10-08 17:47:54;28.49;81441.00;42.00;1000.26;201;144;3.03;2;59.98;22.49
2025-10-08 17:47:55;28.49;82238.00;42.00;1000.26;188;135;2.64;2;59.98;22.49
2025-10-08 17:47:56;28.49;83215.00;42.00;1000.27;188;135;2.64;2;59.98;22.49
2025-10-08 17:47:57;28.49;83463.00;42.00;1000.26;188;135;2.64;2;59.98;22.49
2025-10-08 17:47:58;28.49;83879.00;42.00;1000.28;176;127;2.34;2;59.98;22.49
2025-10-08 17:47:59;28.49;84982.00;42.00;1000.27;176;127;2.34;2;59.98;22.49
2025-10-08 17:48:00;28.49;85414.00;42.00;1000.27;176;127;2.34;2;59.98;22.49
2025-10-08 17:48:01;28.50;85240.00;42.00;1000.27;164;119;2.08;2;59.97;22.50
2025-10-08 17:48:02;28.50;85762.00;42.00;1000.27;164;119;2.08;2;59.97;22.50
2025-10-08 17:48:03;28.50;85240.00;42.00;1000.26;164;119;2.08;2;59.97;22.50
2025-10-08 17:48:04;28.50;85675.00;42.00;1000.27;154;112;1.87;2;59.97;22.50
2025-10-08 17:48:05;28.50;85675.00;42.00;1000.27;154;112;1.87;2;59.97;22.50
2025-10-08 17:48:06;28.50;85850.00;42.00;1000.27;154;112;1.87;2;59.97;22.50
2025-10-08 17:48:07;28.50;86646.00;42.00;1000.27;144;105;1.69;2;59.97;22.50
2025-10-08 17:48:08;28.50;87005.00;42.00;1000.27;144;105;1.69;2;59.97;22.50
2025-10-08 17:48:09;28.51;86736.00;42.00;1000.27;144;105;1.69;2;59.97;22.51
2025-10-08 17:48:10;28.51;87823.00;42.00;1000.26;135;99;1.55;2;59.97;22.51
2025-10-08 17:48:11;28.51;88007.00;42.00;1000.27;135;99;1.55;2;59.97;22.51
2025-10-08 17:48:12;28.51;87732.00;42.00;1000.28;135;99;1.55;2;59.97;22.51
2025-10-08 17:48:13;28.51;88099.00;42.00;1000.28;128;94;1.43;2;59.97;22.51
2025-10-08 17:48:14;28.52;87915.00;42.00;1000.28;128;94;1.43;2;59.97;22.52
2025-10-08 17:48:15;28.51;88007.00;42.00;1000.28;128;94;1.43;2;59.97;22.51
2025-10-08 17:48:16;28.52;88285.00;42.00;1000.28;119;88;1.30;2;59.97;22.52
2025-10-08 17:48:17;28.51;88099.00;42.00;1000.28;119;88;1.30;2;59.97;22.51
2025-10-08 17:48:18;28.52;87186.00;42.00;1000.28;119;88;1.30;2;59.97;22.52
2025-10-08 17:48:19;28.52;87005.00;42.00;1000.28;117;87;1.28;2;59.97;22.52
2025-10-08 17:48:20;28.52;86915.00;42.00;1000.27;117;87;1.28;2;59.97;22.52
2025-10-08 17:48:21;28.52;87549.00;42.00;1000.27;117;87;1.28;2;59.97;22.52
2025-10-08 17:48:22;28.52;87915.00;42.00;1000.27;119;88;1.31;2;59.97;22.52
2025-10-08 17:48:23;28.52;87367.00;42.00;1000.28;119;88;1.31;2;59.97;22.52
2025-10-08 17:48:24;28.52;87823.00;42.00;1000.27;119;88;1.31;2;59.97;22.52
2025-10-08 17:48:25;28.52;87549.00;42.00;1000.27;116;86;1.27;2;59.97;22.52
2025-10-08 17:48:26;28.53;87823.00;42.00;1000.27;116;86;1.27;2;59.97;22.53
2025-10-08 17:48:27;28.52;88470.00;42.00;1000.26;116;86;1.27;2;59.97;22.52
2025-10-08 17:48:28;28.53;88007.00;42.00;1000.28;116;86;1.26;3;59.97;22.53
2025-10-08 17:48:29;28.53;87367.00;42.00;1000.27;116;86;1.26;3;59.97;22.53
2025-10-08 17:48:30;28.53;88285.00;42.00;1000.27;116;86;1.26;3;59.97;22.53
2025-10-08 17:48:31;28.53;87915.00;42.00;1000.27;115;85;1.25;3;59.97;22.53
2025-10-08 17:48:32;28.53;88285.00;42.00;1000.27;115;85;1.25;3;59.97;22.53
2025-10-08 17:48:33;28.50;87367.00;42.00;1000.28;115;85;1.25;3;59.97;22.50
2025-10-08 17:48:34;28.49;83712.00;42.00;1000.30;119;88;1.31;3;59.98;22.49
2025-10-08 17:48:35;28.48;81678.00;42.00;1000.33;119;88;1.31;3;59.98;22.48
2025-10-08 17:48:36;28.47;81441.00;42.00;1000.33;119;88;1.31;3;59.98;22.47
2025-10-08 17:48:37;28.47;81758.00;42.00;1000.28;134;99;1.53;3;59.98;22.47
2025-10-08 17:48:38;28.46;83050.00;42.00;1000.28;134;99;1.53;3;59.98;22.46
2025-10-08 17:48:39;28.46;84215.00;42.00;1000.30;134;99;1.53;3;59.98;22.46
2025-10-08 17:48:40;28.46;85068.00;42.00;1000.28;136;99;1.55;3;59.98;22.46
2025-10-08 17:48:41;28.46;85587.00;42.00;1000.30;136;99;1.55;3;59.98;22.46
2025-10-08 17:48:42;28.45;86290.00;42.00;1000.30;136;99;1.55;3;59.98;22.45
2025-10-08 17:48:43;28.45;87005.00;42.00;1000.30;131;97;1.48;3;59.98;22.45
2025-10-08 17:48:44;28.45;87640.00;42.00;1000.30;131;97;1.48;3;59.98;22.45
2025-10-08 17:48:45;28.45;88657.00;42.00;1000.28;131;97;1.48;3;59.98;22.45
2025-10-08 17:48:46;28.45;89127.00;42.00;1000.30;121;90;1.34;3;59.98;22.45
2025-10-08 17:48:47;28.45;89222.00;42.00;1000.30;121;90;1.34;3;59.98;22.45
2025-10-08 17:48:48;28.45;89986.00;42.00;1000.30;121;90;1.34;3;59.98;22.45
2025-10-08 17:48:49;28.44;89794.00;42.00;1000.28;114;85;1.24;3;59.98;22.44
2025-10-08 17:48:50;28.45;89986.00;42.00;1000.30;114;85;1.24;3;59.98;22.45
2025-10-08 17:48:51;28.45;90082.00;42.00;1000.33;114;85;1.24;3;59.98;22.45
2025-10-08 17:48:52;28.45;90665.00;42.00;1000.30;105;79;1.13;3;59.98;22.45
2025-10-08 17:48:53;28.44;91256.00;42.00;1000.28;105;79;1.13;3;59.98;22.44
2025-10-08 17:48:54;28.45;91058.00;42.00;1000.28;105;79;1.13;3;59.98;22.45
2025-10-08 17:48:55;28.45;91554.00;42.00;1000.28;96;73;1.03;3;59.98;22.45
2025-10-08 17:48:56;28.43;92665.00;42.00;1000.28;96;73;1.03;3;59.99;22.43
2025-10-08 17:48:57;28.43;91955.00;42.00;1000.30;96;73;1.03;3;59.99;22.43
2025-10-08 17:48:58;28.43;92665.00;42.00;1000.30;88;67;0.95;3;59.99;22.43
2025-10-08 17:48:59;28.42;93075.00;42.00;1000.30;88;67;0.95;3;59.99;22.42
2025-10-08 17:49:00;28.41;93282.00;42.00;1000.30;88;67;0.95;3;59.99;22.41
2025-10-08 17:49:01;28.40;94012.00;42.00;1000.28;81;63;0.89;3;59.99;22.40
2025-10-08 17:49:02;28.40;93075.00;42.00;1000.30;81;63;0.89;3;59.99;22.40
2025-10-08 17:49:03;28.40;94435.00;42.00;1000.28;81;63;0.89;3;59.99;22.40
2025-10-08 17:49:04;28.40;94223.00;42.00;1000.28;75;59;0.84;3;59.99;22.40
2025-10-08 17:49:05;28.40;94223.00;42.00;1000.30;75;59;0.84;3;59.99;22.40
2025-10-08 17:49:06;28.40;94435.00;42.00;1000.30;75;59;0.84;3;59.99;22.40
2025-10-08 17:49:07;28.38;94647.00;42.00;1000.30;69;54;0.78;3;59.99;22.38
2025-10-08 17:49:08;28.37;95183.00;42.00;1000.28;69;54;0.78;3;60.00;22.37
2025-10-08 17:49:09;28.36;95183.00;42.00;1000.30;69;54;0.78;3;60.00;22.36
2025-10-08 17:49:10;28.36;93489.00;42.00;1000.30;67;53;0.77;3;60.00;22.36
2025-10-08 17:49:11;28.35;94647.00;42.00;1000.30;67;53;0.77;3;60.00;22.35
2025-10-08 17:49:12;28.34;94754.00;42.00;1000.30;67;53;0.77;3;60.00;22.34
2025-10-08 17:49:13;28.34;94647.00;42.00;1000.30;66;53;0.76;3;60.00;22.34
2025-10-08 17:49:14;28.34;93715.00;42.00;1000.33;66;53;0.76;3;60.00;22.34
2025-10-08 17:49:15;28.34;94647.00;42.00;1000.33;66;53;0.76;3;60.00;22.34
2025-10-08 17:49:16;28.33;93506.00;42.00;1000.33;66;52;0.76;3;60.00;22.33
2025-10-08 17:49:17;28.33;93819.00;42.00;1000.33;66;52;0.76;3;60.00;22.33
2025-10-08 17:49:18;28.33;94754.00;42.00;1000.33;66;52;0.76;3;60.00;22.33
2025-10-08 17:49:19;28.33;93454.00;42.00;1000.28;66;52;0.76;3;60.00;22.33
2025-10-08 17:49:20;28.33;93558.00;42.00;1000.28;66;52;0.76;3;60.00;22.33
2025-10-08 17:49:21;28.33;93977.00;42.00;1000.30;66;52;0.76;3;60.00;22.33
2025-10-08 17:49:22;28.32;80351.00;42.00;1000.33;101;76;1.08;3;60.00;22.32
2025-10-08 17:49:23;28.32;34628.00;42.00;1000.33;101;76;1.08;3;60.00;22.32
2025-10-08 17:49:24;28.31;14831.00;42.00;1000.33;101;76;1.08;3;60.00;22.31
2025-10-08 17:49:25;28.31;14533.00;42.00;1000.34;101;76;1.08;3;60.00;22.31
2025-10-08 17:49:26;28.31;15884.00;42.00;1000.34;500;360;80.21;2;60.00;22.31
2025-10-08 17:49:27;28.31;14325.00;42.00;1000.33;500;360;80.21;2;60.00;22.31
2025-10-08 17:49:28;28.31;12105.00;42.00;1000.33;500;360;80.21;2;60.00;22.31
2025-10-08 17:49:29;28.31;14768.00;42.00;1000.33;500;585;344.64;2;60.00;22.31
2025-10-08 17:49:30;28.31;17855.00;42.00;1000.30;500;585;344.64;2;60.00;22.31
2025-10-08 17:49:31;28.30;19315.00;42.00;1000.30;500;585;344.64;2;60.01;22.30
2025-10-08 17:49:32;28.31;21621.00;42.00;1000.34;500;667;344.64;2;60.00;22.31
2025-10-08 17:49:33;28.31;23586.00;42.00;1000.30;500;667;344.64;2;60.00;22.31
2025-10-08 17:49:34;28.31;25514.00;42.00;1000.33;500;667;344.64;2;60.00;22.31
2025-10-08 17:49:35;28.30;29796.00;42.00;1000.30;500;679;344.64;2;60.01;22.30
2025-10-08 17:49:36;28.29;31922.00;42.00;1000.28;500;679;344.64;2;60.01;22.29
2025-10-08 17:49:37;28.29;34857.00;42.00;1000.28;500;679;344.64;2;60.01;22.29
2025-10-08 17:49:38;28.29;37733.00;42.00;1000.28;500;639;344.64;2;60.01;22.29
2025-10-08 17:49:39;28.28;39955.00;42.00;1000.28;500;639;344.64;2;60.01;22.28
2025-10-08 17:49:40;28.28;40927.00;42.00;1000.28;500;639;344.64;2;60.01;22.28
2025-10-08 17:49:41;28.28;42844.00;42.00;1000.30;500;586;344.64;2;60.01;22.28
2025-10-08 17:49:42;28.28;43689.00;42.00;1000.28;500;586;344.64;2;60.01;22.28
2025-10-08 17:49:43;28.29;44241.00;42.00;1000.28;500;586;344.64;2;60.01;22.29
2025-10-08 17:49:44;28.29;45094.00;42.00;1000.28;500;537;344.64;2;60.01;22.29
2025-10-08 17:49:45;28.29;47191.00;42.00;1000.30;500;537;344.64;2;60.01;22.29
2025-10-08 17:49:46;28.30;48082.00;42.00;1000.30;500;537;344.64;2;60.01;22.30
2025-10-08 17:49:47;28.30;49909.00;42.00;1000.28;500;491;576.46;2;60.01;22.30
2025-10-08 17:49:48;28.31;50388.00;42.00;1000.28;500;491;576.46;2;60.00;22.31
2025-10-08 17:49:49;28.31;51373.00;42.00;1000.28;500;491;576.46;2;60.00;22.31
2025-10-08 17:49:50;28.31;52300.00;42.00;1000.30;500;449;304.82;2;60.00;22.31
2025-10-08 17:49:51;28.31;53329.00;42.00;1000.30;500;449;304.82;2;60.00;22.31
2025-10-08 17:49:52;28.31;54294.00;42.00;1000.30;500;449;304.82;2;60.00;22.31
2025-10-08 17:49:53;28.32;54753.00;42.00;1000.28;500;411;171.66;2;60.00;22.32
2025-10-08 17:49:54;28.32;55623.00;42.00;1000.28;500;411;171.66;2;60.00;22.32
2025-10-08 17:49:55;28.32;56559.00;42.00;1000.28;500;411;171.66;2;60.00;22.32
2025-10-08 17:49:56;28.32;57252.00;42.00;1000.28;500;377;102.59;2;60.00;22.32
2025-10-08 17:49:57;28.33;57645.00;42.00;1000.30;500;377;102.59;2;60.00;22.33
2025-10-08 17:49:58;28.34;58406.00;42.00;1000.30;500;377;102.59;2;60.00;22.34
2025-10-08 17:49:59;28.33;59271.00;42.00;1000.28;483;350;68.18;2;60.00;22.33
2025-10-08 17:50:00;28.34;59735.00;42.00;1000.30;483;350;68.18;2;60.00;22.34
2025-10-08 17:50:01;28.34;60249.00;42.00;1000.28;483;350;68.18;2;60.00;22.34
2025-10-08 17:50:02;28.35;60771.00;42.00;1000.28;447;325;47.24;2;60.00;22.35
2025-10-08 17:50:03;28.35;61438.00;42.00;1000.30;447;325;47.24;2;60.00;22.35
2025-10-08 17:50:04;28.35;62073.00;42.00;1000.30;447;325;47.24;2;60.00;22.35
2025-10-08 17:50:05;28.35;61981.00;42.00;1000.28;416;305;34.59;2;60.00;22.35
2025-10-08 17:50:06;28.35;62488.00;42.00;1000.28;416;305;34.59;2;60.00;22.35
2025-10-08 17:50:07;28.36;62628.00;42.00;1000.28;416;305;34.59;2;60.00;22.36
2025-10-08 17:50:08;28.36;62862.00;42.00;1000.28;393;289;27.32;2;60.00;22.36
2025-10-08 17:50:09;28.36;63004.00;42.00;1000.30;393;289;27.32;2;60.00;22.36
2025-10-08 17:50:10;28.37;63146.00;42.00;1000.30;393;289;27.32;2;60.00;22.37
2025-10-08 17:50:11;28.37;63720.00;42.00;1000.30;375;277;22.77;2;60.00;22.37
2025-10-08 17:50:12;28.38;64951.00;42.00;1000.28;375;277;22.77;2;59.99;22.38
2025-10-08 17:50:13;28.38;66074.00;42.00;1000.28;375;277;22.77;2;59.99;22.38
2025-10-08 17:50:14;28.38;66970.00;42.00;1000.28;351;261;17.90;2;59.99;22.38
2025-10-08 17:50:15;28.38;67944.00;42.00;1000.30;351;261;17.90;2;59.99;22.38
2025-10-08 17:50:16;28.38;68947.00;42.00;1000.28;351;261;17.90;2;59.99;22.38
2025-10-08 17:50:17;28.38;69346.00;42.00;1000.28;326;244;13.81;2;59.99;22.38
2025-10-08 17:50:18;28.38;69806.00;42.00;1000.28;326;244;13.81;2;59.99;22.38
2025-10-08 17:50:19;28.38;70391.00;42.00;1000.28;326;244;13.81;2;59.99;22.38
2025-10-08 17:50:20;28.37;70628.00;42.00;1000.30;305;229;11.00;2;60.00;22.37
2025-10-08 17:50:21;28.38;70926.00;42.00;1000.30;305;229;11.00;2;59.99;22.38
2025-10-08 17:50:22;28.37;71835.00;42.00;1000.28;305;229;11.00;2;60.00;22.37
2025-10-08 17:50:23;28.37;71712.00;42.00;1000.27;285;215;8.94;2;60.00;22.37
2025-10-08 17:50:24;28.37;71896.00;42.00;1000.30;285;215;8.94;2;60.00;22.37
2025-10-08 17:50:25;28.38;71958.00;42.00;1000.30;285;215;8.94;2;59.99;22.38
2025-10-08 17:50:26;28.37;72329.00;42.00;1000.28;270;205;7.70;2;60.00;22.37
2025-10-08 17:50:27;28.37;72579.00;42.00;1000.30;270;205;7.70;2;60.00;22.37
2025-10-08 17:50:28;28.37;73148.00;42.00;1000.30;270;205;7.70;2;60.00;22.37
2025-10-08 17:50:29;28.38;73532.00;42.00;1000.30;256;196;6.67;2;59.99;22.38
2025-10-08 17:50:30;28.37;74576.00;42.00;1000.28;256;196;6.67;2;60.00;22.37
2025-10-08 17:50:31;28.37;74181.00;42.00;1000.27;256;196;6.67;2;60.00;22.37
2025-10-08 17:50:32;28.37;74708.00;42.00;1000.28;245;187;5.87;2;60.00;22.37
2025-10-08 17:50:33;28.36;74775.00;42.00;1000.28;245;187;5.87;2;60.00;22.36
2025-10-08 17:50:34;28.36;75176.00;42.00;1000.28;245;187;5.87;2;60.00;22.36
2025-10-08 17:50:35;28.36;75378.00;42.00;1000.30;234;179;5.20;2;60.00;22.36
2025-10-08 17:50:36;28.36;75650.00;42.00;1000.30;234;179;5.20;2;60.00;22.36
2025-10-08 17:50:37;28.36;76615.00;42.00;1000.30;234;179;5.20;2;60.00;22.36
2025-10-08 17:50:38;28.36;76755.00;42.00;1000.28;225;172;4.68;2;60.00;22.36
2025-10-08 17:50:39;28.35;76129.00;42.00;1000.30;225;172;4.68;2;60.00;22.35
2025-10-08 17:50:40;28.36;76755.00;42.00;1000.30;225;172;4.68;2;60.00;22.36
2025-10-08 17:50:41;28.35;77966.00;42.00;1000.30;214;165;4.16;2;60.00;22.35
2025-10-08 17:50:42;28.35;78038.00;42.00;1000.28;214;165;4.16;2;60.00;22.35
2025-10-08 17:50:43;28.35;78183.00;42.00;1000.30;214;165;4.16;2;60.00;22.35
2025-10-08 17:50:44;28.35;77966.00;42.00;1000.28;205;158;3.76;2;60.00;22.35
2025-10-08 17:50:45;28.35;78622.00;42.00;1000.28;205;158;3.76;2;60.00;22.35
2025-10-08 17:50:46;28.34;79364.00;42.00;1000.28;205;158;3.76;2;60.00;22.34
2025-10-08 17:50:47;28.34;79364.00;42.00;1000.28;196;151;3.39;2;60.00;22.34
2025-10-08 17:50:48;28.34;79817.00;42.00;1000.30;196;151;3.39;2;60.00;22.34
2025-10-08 17:50:49;28.33;80814.00;42.00;1000.28;196;151;3.39;2;60.00;22.33
2025-10-08 17:50:50;28.32;81599.00;42.00;1000.30;184;142;2.95;2;60.00;22.32
2025-10-08 17:50:51;28.31;82805.00;42.00;1000.30;184;142;2.95;2;60.00;22.31
2025-10-08 17:50:52;28.30;83132.00;42.00;1000.30;184;142;2.95;2;60.01;22.30
2025-10-08 17:50:53;28.29;82968.00;42.00;1000.28;171;133;2.57;2;60.01;22.29
2025-10-08 17:50:54;28.29;83380.00;42.00;1000.30;171;133;2.57;2;60.01;22.29
2025-10-08 17:50:55;28.28;83712.00;42.00;1000.30;171;133;2.57;2;60.01;22.28
2025-10-08 17:50:56;28.27;83629.00;42.00;1000.33;161;126;2.30;2;60.01;22.27
2025-10-08 17:50:57;28.28;83712.00;42.00;1000.33;161;126;2.30;2;60.01;22.28
2025-10-08 17:50:58;28.28;84810.00;42.00;1000.33;161;126;2.30;2;60.01;22.28
2025-10-08 17:50:59;28.28;84215.00;42.00;1000.33;154;120;2.11;2;60.01;22.28
2025-10-08 17:51:00;28.27;84725.00;42.00;1000.30;154;120;2.11;2;60.01;22.27
2025-10-08 17:51:01;28.27;83795.00;42.00;1000.33;154;120;2.11;2;60.01;22.27
2025-10-08 17:51:02;28.27;84469.00;42.00;1000.33;147;115;1.96;2;60.01;22.27
2025-10-08 17:51:03;28.27;84469.00;42.00;1000.30;147;115;1.96;2;60.01;22.27
2025-10-08 17:51:04;28.27;84384.00;42.00;1000.34;147;115;1.96;2;60.01;22.27
2025-10-08 17:51:05;28.27;84639.00;42.00;1000.30;142;111;1.86;2;60.01;22.27
2025-10-08 17:51:06;28.27;84982.00;42.00;1000.30;142;111;1.86;2;60.01;22.27
2025-10-08 17:51:07;28.27;85500.00;42.00;1000.30;142;111;1.86;2;60.01;22.27
2025-10-08 17:51:08;28.25;85414.00;42.00;1000.26;137;107;1.74;2;60.01;22.25
2025-10-08 17:51:09;28.25;85938.00;42.00;1000.33;137;107;1.74;2;60.01;22.25
2025-10-08 17:51:10;28.25;86379.00;42.00;1000.33;137;107;1.74;2;60.01;22.25
2025-10-08 17:51:11;28.25;86290.00;42.00;1000.28;130;102;1.61;2;60.01;22.25
2025-10-08 17:51:12;28.24;87005.00;42.00;1000.28;130;102;1.61;2;60.02;22.24
2025-10-08 17:51:13;28.23;87549.00;42.00;1000.28;130;102;1.61;2;60.02;22.23
2025-10-08 17:51:14;28.23;87640.00;42.00;1000.28;123;97;1.49;2;60.02;22.23
2025-10-08 17:51:15;28.23;88285.00;42.00;1000.28;123;97;1.49;2;60.02;22.23
2025-10-08 17:51:16;28.22;88285.00;42.00;1000.30;123;97;1.49;2;60.02;22.22
2025-10-08 17:51:17;28.22;88845.00;42.00;1000.30;115;92;1.37;2;60.02;22.22
2025-10-08 17:51:18;28.21;88657.00;42.00;1000.30;115;92;1.37;2;60.02;22.21
2025-10-08 17:51:19;28.21;89222.00;42.00;1000.30;115;92;1.37;2;60.02;22.21
2025-10-08 17:51:20;28.21;89317.00;42.00;1000.27;110;87;1.29;2;60.02;22.21
2025-10-08 17:51:21;28.21;89222.00;42.00;1000.27;110;87;1.29;2;60.02;22.21
2025-10-08 17:51:22;28.21;89317.00;42.00;1000.28;110;87;1.29;2;60.02;22.21
2025-10-08 17:51:23;28.20;90082.00;42.00;1000.28;104;84;1.21;2;60.02;22.20
2025-10-08 17:51:24;28.19;89794.00;42.00;1000.30;104;84;1.21;2;60.02;22.19
2025-10-08 17:51:25;28.19;90082.00;42.00;1000.28;104;84;1.21;2;60.02;22.19
2025-10-08 17:51:26;28.18;90862.00;42.00;1000.30;99;80;1.15;2;60.03;22.18
2025-10-08 17:51:27;28.17;90960.00;42.00;1000.27;99;80;1.15;2;60.03;22.17
2025-10-08 17:51:28;28.15;92767.00;42.00;1000.30;99;80;1.15;2;60.03;22.15
2025-10-08 17:51:29;28.14;92359.00;42.00;1000.30;91;74;1.05;3;60.03;22.14
2025-10-08 17:51:30;28.12;93593.00;42.00;1000.30;91;74;1.05;3;60.04;22.12
2025-10-08 17:51:31;28.09;94012.00;42.00;1000.28;91;74;1.05;3;60.04;22.09
2025-10-08 17:51:32;28.08;93489.00;42.00;1000.30;83;68;0.96;3;60.04;22.08
2025-10-08 17:51:33;28.07;93489.00;42.00;1000.30;83;68;0.96;3;60.04;22.07
2025-10-08 17:51:34;28.06;93593.00;42.00;1000.33;83;68;0.96;3;60.04;22.06
2025-10-08 17:51:35;28.05;93698.00;42.00;1000.33;77;63;0.89;3;60.05;22.05
2025-10-08 17:51:36;28.05;93593.00;42.00;1000.33;77;63;0.89;3;60.05;22.05
2025-10-08 17:51:37;28.03;93698.00;42.00;1000.28;77;63;0.89;3;60.05;22.03
2025-10-08 17:51:38;28.03;94329.00;42.00;1000.28;72;59;0.84;3;60.05;22.03
2025-10-08 17:51:39;28.02;94435.00;42.00;1000.28;72;59;0.84;3;60.05;22.02
2025-10-08 17:51:40;28.02;94861.00;42.00;1000.30;72;59;0.84;3;60.05;22.02
2025-10-08 17:51:41;28.02;95076.00;42.00;1000.28;72;59;0.84;3;60.05;22.02
2025-10-08 17:51:42;28.02;94223.00;42.00;1000.27;66;55;0.79;3;60.05;22.02
2025-10-08 17:51:43;28.01;94329.00;42.00;1000.28;66;55;0.79;3;60.05;22.01
2025-10-08 17:51:44;28.01;93558.00;42.00;1000.30;66;55;0.79;3;60.05;22.01
2025-10-08 17:51:45;28.01;94968.00;42.00;1000.28;66;55;0.79;3;60.05;22.01
2025-10-08 17:51:46;28.01;94647.00;42.00;1000.28;66;55;0.79;3;60.05;22.01
2025-10-08 17:51:47;28.01;93454.00;42.00;1000.30;66;55;0.79;3;60.05;22.01
2025-10-08 17:51:48;28.00;93454.00;42.00;1000.30;67;56;0.79;3;60.05;22.00
2025-10-08 17:51:49;27.99;93715.00;42.00;1000.28;67;56;0.79;3;60.06;21.99
2025-10-08 17:51:50;27.99;93767.00;42.00;1000.30;67;56;0.79;3;60.06;21.99
2025-10-08 17:51:51;27.98;93715.00;42.00;1000.30;66;55;0.79;3;60.06;21.98
2025-10-08 17:51:52;27.98;94399.00;42.00;1000.28;66;55;0.79;3;60.06;21.98
2025-10-08 17:51:53;27.96;94134.00;42.00;1000.30;66;55;0.79;3;60.06;21.96
2025-10-08 17:51:54;27.96;93872.00;42.00;1000.28;65;54;0.78;3;60.06;21.96
2025-10-08 17:51:55;27.93;94611.00;42.00;1000.27;65;54;0.78;3;60.07;21.93
2025-10-08 17:51:56;27.92;95093.00;42.00;1000.30;65;54;0.78;3;60.07;21.92
2025-10-08 17:51:57;27.91;94029.00;42.00;1000.30;62;52;0.76;3;60.07;21.91
2025-10-08 17:51:58;27.90;94985.00;42.00;1000.28;62;52;0.76;3;60.07;21.90
2025-10-08 17:51:59;27.89;94293.00;42.00;1000.28;62;52;0.76;3;60.07;21.89
2025-10-08 17:52:00;27.88;93767.00;42.00;1000.30;62;53;0.76;3;60.07;21.88
2025-10-08 17:52:01;27.88;94825.00;42.00;1000.28;62;53;0.76;3;60.07;21.88
2025-10-08 17:52:02;27.87;94664.00;42.00;1000.28;62;53;0.76;3;60.08;21.87
2025-10-08 17:52:03;27.87;94611.00;42.00;1000.28;62;52;0.75;3;60.08;21.87
2025-10-08 17:52:04;27.87;94611.00;42.00;1000.30;62;52;0.75;3;60.08;21.87
2025-10-08 17:52:05;27.87;94452.00;42.00;1000.28;62;52;0.75;3;60.08;21.87
2025-10-08 17:52:06;27.85;95579.00;42.00;1000.28;62;52;0.75;3;60.08;21.85
2025-10-08 17:52:07;27.85;95363.00;42.00;1000.30;62;52;0.75;3;60.08;21.85
2025-10-08 17:52:08;27.85;96181.00;42.00;1000.27;62;52;0.75;3;60.08;21.85
2025-10-08 17:52:09;27.85;96623.00;42.00;1000.28;59;50;0.73;3;60.08;21.85
2025-10-08 17:52:10;27.85;96016.00;42.00;1000.28;59;50;0.73;3;60.08;21.85
2025-10-08 17:52:11;27.84;96790.00;42.00;1000.30;59;50;0.73;3;60.08;21.84
2025-10-08 17:52:12;27.84;96734.00;42.00;1000.30;55;47;0.70;3;60.08;21.84
2025-10-08 17:52:13;27.83;96568.00;42.00;1000.30;55;47;0.70;3;60.08;21.83
2025-10-08 17:52:14;27.83;97013.00;42.00;1000.28;55;47;0.70;3;60.08;21.83
2025-10-08 17:52:15;27.83;97294.00;42.00;1000.28;53;46;0.68;3;60.08;21.83
2025-10-08 17:52:16;27.82;97520.00;42.00;1000.28;53;46;0.68;3;60.08;21.82
2025-10-08 17:52:17;27.82;97463.00;42.00;1000.30;53;46;0.68;3;60.08;21.82
2025-10-08 17:52:18;27.82;98146.00;42.00;1000.30;50;43;0.66;3;60.08;21.82
2025-10-08 17:52:19;27.82;97747.00;42.00;1000.30;50;43;0.66;3;60.08;21.82
2025-10-08 17:52:20;27.81;97350.00;42.00;1000.27;50;43;0.66;3;60.08;21.81
2025-10-08 17:52:21;27.81;97576.00;42.00;1000.27;48;42;0.65;3;60.08;21.81
2025-10-08 17:52:22;27.81;97463.00;42.00;1000.33;48;42;0.65;3;60.08;21.81
2025-10-08 17:52:23;27.81;97576.00;42.00;1000.30;48;42;0.65;3;60.08;21.81
2025-10-08 17:52:24;27.81;97747.00;42.00;1000.27;46;41;0.63;3;60.08;21.81
2025-10-08 17:52:25;27.81;97917.00;42.00;1000.27;46;41;0.63;3;60.08;21.81
2025-10-08 17:52:26;27.80;99659.00;42.00;1000.28;46;41;0.63;3;60.09;21.80
2025-10-08 17:52:27;27.80;98955.00;42.00;1000.27;44;39;0.61;3;60.09;21.80
2025-10-08 17:52:28;27.79;99188.00;42.00;1000.27;44;39;0.61;3;60.09;21.79
2025-10-08 17:52:29;27.79;99071.00;42.00;1000.27;44;39;0.61;3;60.09;21.79
2025-10-08 17:52:30;27.78;98203.00;42.00;1000.28;42;37;0.60;3;60.09;21.78
2025-10-08 17:52:31;27.78;99071.00;42.00;1000.28;42;37;0.60;3;60.09;21.78
2025-10-08 17:52:32;27.77;100613.00;42.00;1000.27;42;37;0.60;3;60.09;21.77
2025-10-08 17:52:33;27.77;98897.00;42.00;1000.27;36;33;0.56;3;60.09;21.77
2025-10-08 17:52:34;27.77;99600.00;42.00;1000.28;36;33;0.56;3;60.09;21.77
2025-10-08 17:52:35;27.76;99955.00;42.00;1000.27;36;33;0.56;3;60.09;21.76
2025-10-08 17:52:36;27.75;100014.00;42.00;1000.28;34;32;0.55;3;60.09;21.75
2025-10-08 17:52:37;27.74;99013.00;42.00;1000.28;34;32;0.55;3;60.10;21.74
2025-10-08 17:52:38;27.73;100074.00;42.00;1000.28;34;32;0.55;3;60.10;21.73
2025-10-08 17:52:39;27.73;100193.00;42.00;1000.28;32;30;0.54;3;60.10;21.73
2025-10-08 17:52:40;27.72;101097.00;42.00;1000.30;32;30;0.54;3;60.10;21.72
2025-10-08 17:52:41;27.70;100613.00;42.00;1000.28;32;30;0.54;3;60.10;21.70
2025-10-08 17:52:42;27.70;101463.00;42.00;1000.28;27;26;0.51;3;60.10;21.70
2025-10-08 17:52:43;27.69;101036.00;42.00;1000.28;27;26;0.51;3;60.10;21.69
2025-10-08 17:52:44;27.67;101524.00;42.00;1000.28;27;26;0.51;3;60.11;21.67
2025-10-08 17:52:45;27.66;101893.00;42.00;1000.30;25;25;0.49;2;60.11;21.66
2025-10-08 17:52:46;27.65;101709.00;42.00;1000.28;25;25;0.49;2;60.11;21.65
2025-10-08 17:52:47;27.64;101463.00;42.00;1000.28;25;25;0.49;2;60.11;21.64
2025-10-08 17:52:48;27.64;101524.00;42.00;1000.30;25;25;0.49;2;60.11;21.64
2025-10-08 17:52:49;27.64;101893.00;42.00;1000.30;25;25;0.49;2;60.11;21.64
2025-10-08 17:52:50;27.63;101955.00;42.00;1000.28;25;25;0.49;2;60.11;21.63
2025-10-08 17:52:51;27.62;102203.00;42.00;1000.30;24;24;0.49;2;60.12;21.62
2025-10-08 17:52:52;27.61;101832.00;42.00;1000.28;24;24;0.49;2;60.12;21.61
2025-10-08 17:52:53;27.61;101709.00;42.00;1000.30;24;24;0.49;2;60.12;21.61
2025-10-08 17:52:54;27.60;103207.00;42.00;1000.30;21;22;0.48;2;60.12;21.60
2025-10-08 17:52:55;27.60;103334.00;42.00;1000.28;21;22;0.48;2;60.12;21.60
2025-10-08 17:52:56;27.59;102203.00;42.00;1000.27;21;22;0.48;2;60.12;21.59
2025-10-08 17:52:57;27.59;103270.00;42.00;1000.27;18;19;0.46;2;60.12;21.59
2025-10-08 17:52:58;27.58;103334.00;42.00;1000.27;18;19;0.46;2;60.12;21.58
2025-10-08 17:52:59;27.58;102515.00;42.00;1000.28;18;19;0.46;2;60.12;21.58
2025-10-08 17:53:00;27.58;103461.00;42.00;1000.30;15;17;0.44;2;60.12;21.58
2025-10-08 17:53:01;27.58;104037.00;42.00;1000.28;15;17;0.44;2;60.12;21.58
2025-10-08 17:53:02;27.57;104685.00;42.00;1000.27;15;17;0.44;2;60.12;21.57
2025-10-08 17:53:03;27.56;104037.00;42.00;1000.28;12;15;0.43;2;60.13;21.56
2025-10-08 17:53:04;27.57;104490.00;42.00;1000.28;12;15;0.43;2;60.12;21.57
2025-10-08 17:53:05;27.56;104360.00;42.00;1000.28;12;15;0.43;2;60.13;21.56
2025-10-08 17:53:06;27.56;104946.00;42.00;1000.27;12;15;0.43;2;60.13;21.56
2025-10-08 17:53:07;27.55;104881.00;42.00;1000.27;12;15;0.43;2;60.13;21.55
2025-10-08 17:53:08;27.54;105078.00;42.00;1000.28;12;15;0.43;2;60.13;21.54
2025-10-08 17:53:09;27.54;104881.00;42.00;1000.30;11;15;0.43;2;60.13;21.54
2025-10-08 17:53:10;27.53;105539.00;42.00;1000.30;11;15;0.43;2;60.13;21.53
2025-10-08 17:53:11;27.53;105872.00;42.00;1000.28;11;15;0.43;2;60.13;21.53
2025-10-08 17:53:12;27.53;105738.00;42.00;1000.28;9;12;0.41;2;60.13;21.53
2025-10-08 17:53:13;27.52;105938.00;42.00;1000.28;9;12;0.41;2;60.13;21.52
2025-10-08 17:53:14;27.52;106139.00;42.00;1000.30;9;12;0.41;2;60.13;21.52
2025-10-08 17:53:15;27.52;106206.00;42.00;1000.30;8;12;0.41;2;60.13;21.52
2025-10-08 17:53:16;27.52;105539.00;42.00;1000.30;8;12;0.41;2;60.13;21.52
2025-10-08 17:53:17;27.52;105938.00;42.00;1000.30;8;12;0.41;2;60.13;21.52
2025-10-08 17:53:18;27.52;105473.00;42.00;1000.30;8;12;0.41;2;60.13;21.52
2025-10-08 17:53:19;27.51;104425.00;42.00;1000.30;8;12;0.41;2;60.13;21.51
2025-10-08 17:53:20;27.51;105539.00;42.00;1000.30;8;12;0.41;2;60.13;21.51
2025-10-08 17:53:21;27.51;104490.00;42.00;1000.27;10;13;0.42;2;60.13;21.51
2025-10-08 17:53:22;27.51;105473.00;42.00;1000.30;10;13;0.42;2;60.13;21.51
2025-10-08 17:53:23;27.51;105209.00;43.00;1000.28;10;13;0.42;2;61.56;21.51
