timestamp;temperature;gas;humidity;barometer;IAQ;IAQ_S;VOCS;accuracy;humidty_corrected;temp_corrected
2025-10-09 16:49:24;28.55;86379.00;42.00;1004.80;25;25;0.49;0;59.97;22.55
2025-10-09 16:49:25;28.53;86736.00;42.00;1004.82;25;25;0.49;0;59.97;22.53
2025-10-09 16:49:26;28.51;87186.00;42.00;1004.82;25;25;0.49;0;59.97;22.51
2025-10-09 16:49:27;28.51;85850.00;42.00;1004.80;25;25;0.49;0;59.97;22.51
2025-10-09 16:49:28;28.52;85938.00;42.00;1004.80;25;25;0.49;0;59.97;22.52
2025-10-09 16:49:29;28.53;86114.00;42.00;1004.82;25;25;0.49;0;59.97;22.53
2025-10-09 16:49:30;28.53;86290.00;42.00;1004.82;25;25;0.49;0;59.97;22.53
2025-10-09 16:49:31;28.54;86468.00;42.00;1004.82;25;25;0.49;0;59.97;22.54
2025-10-09 16:49:32;28.55;86825.00;42.00;1004.82;25;25;0.49;0;59.97;22.55
2025-10-09 16:49:33;28.55;86379.00;42.00;1004.82;25;25;0.49;0;59.97;22.55
2025-10-09 16:49:34;28.55;86557.00;42.00;1004.82;25;25;0.49;0;59.97;22.55
2025-10-09 16:49:35;28.56;87095.00;42.00;1004.80;25;25;0.49;0;59.96;22.56
2025-10-09 16:49:36;28.56;86202.00;41.00;1004.80;25;25;0.49;0;58.54;22.56
2025-10-09 16:49:37;28.57;86379.00;41.00;1004.80;25;25;0.49;0;58.54;22.57
2025-10-09 16:49:38;28.59;86915.00;41.00;1004.80;25;25;0.49;0;58.53;22.59
2025-10-09 16:49:39;28.58;86557.00;41.00;1004.80;25;25;0.49;0;58.53;22.58
2025-10-09 16:49:40;28.59;86468.00;41.00;1004.82;25;25;0.49;0;58.53;22.59
2025-10-09 16:49:41;28.60;86915.00;41.00;1004.80;25;25;0.49;0;58.53;22.60
2025-10-09 16:49:42;28.61;87095.00;41.00;1004.82;25;25;0.49;0;58.53;22.61
2025-10-09 16:49:43;28.61;87095.00;41.00;1004.80;25;25;0.49;0;58.53;22.61
2025-10-09 16:49:44;28.62;87005.00;41.00;1004.80;25;25;0.49;0;58.53;22.62
2025-10-09 16:49:45;28.63;86915.00;41.00;1004.82;25;25;0.49;0;58.53;22.63
2025-10-09 16:49:46;28.63;86379.00;41.00;1004.82;25;25;0.49;0;58.53;22.63
2025-10-09 16:49:47;28.64;86114.00;41.00;1004.82;25;25;0.49;0;58.52;22.64
2025-10-09 16:49:48;28.65;86290.00;41.00;1004.83;25;25;0.49;0;58.52;22.65
2025-10-09 16:49:49;28.65;86114.00;41.00;1004.82;25;25;0.49;0;58.52;22.65
2025-10-09 16:49:50;28.65;85500.00;41.00;1004.82;25;25;0.49;0;58.52;22.65
2025-10-09 16:49:51;28.66;85762.00;41.00;1004.80;25;25;0.49;0;58.52;22.66
2025-10-09 16:49:52;28.67;85850.00;41.00;1004.83;25;25;0.49;0;58.52;22.67
2025-10-09 16:49:53;28.68;85500.00;41.00;1004.82;25;25;0.49;0;58.52;22.68
2025-10-09 16:49:54;28.68;85850.00;41.00;1004.80;25;25;0.49;0;58.52;22.68
2025-10-09 16:49:55;28.70;85762.00;41.00;1004.83;25;25;0.49;0;58.52;22.70
2025-10-09 16:49:56;28.67;85850.00;41.00;1004.80;25;25;0.49;0;58.52;22.67
2025-10-09 16:49:57;28.62;86557.00;41.00;1004.82;25;25;0.49;0;58.53;22.62
2025-10-09 16:49:58;28.63;86290.00;41.00;1004.83;25;25;0.49;0;58.53;22.63
2025-10-09 16:49:59;28.65;85762.00;41.00;1004.83;25;25;0.49;0;58.52;22.65
2025-10-09 16:50:00;28.66;86468.00;41.00;1004.82;25;25;0.49;0;58.52;22.66
2025-10-09 16:50:01;28.66;86202.00;41.00;1004.80;25;25;0.49;0;58.52;22.66
2025-10-09 16:50:02;28.68;86114.00;41.00;1004.82;25;25;0.49;0;58.52;22.68
2025-10-09 16:50:03;28.68;86736.00;41.00;1004.82;25;25;0.49;0;58.52;22.68
2025-10-09 16:50:04;28.69;86025.00;41.00;1004.86;25;25;0.49;0;58.52;22.69
2025-10-09 16:50:05;28.70;86646.00;41.00;1004.83;25;25;0.49;0;58.52;22.70
2025-10-09 16:50:06;28.71;86557.00;41.00;1004.83;25;25;0.49;0;58.51;22.71
2025-10-09 16:50:07;28.71;86646.00;41.00;1004.86;25;25;0.49;0;58.51;22.71
2025-10-09 16:50:08;28.72;86379.00;41.00;1004.83;25;25;0.49;0;58.51;22.72
2025-10-09 16:50:09;28.72;86468.00;41.00;1004.83;25;25;0.49;0;58.51;22.72
2025-10-09 16:50:10;28.74;86468.00;41.00;1004.86;25;25;0.49;0;58.51;22.74
2025-10-09 16:50:11;28.74;86646.00;41.00;1004.86;25;25;0.49;0;58.51;22.74
2025-10-09 16:50:12;28.75;86290.00;41.00;1004.86;25;25;0.49;0;58.51;22.75
2025-10-09 16:50:13;28.75;85587.00;41.00;1004.83;25;25;0.49;0;58.51;22.75
2025-10-09 16:50:14;28.77;86025.00;41.00;1004.86;25;25;0.49;0;58.50;22.77
2025-10-09 16:50:15;28.78;85850.00;41.00;1004.86;25;25;0.49;0;58.50;22.78
2025-10-09 16:50:16;28.79;86114.00;41.00;1004.86;25;25;0.49;0;58.50;22.79
2025-10-09 16:50:17;28.79;85500.00;41.00;1004.86;25;25;0.49;0;58.50;22.79
2025-10-09 16:50:18;28.80;85240.00;41.00;1004.83;25;25;0.49;0;58.50;22.80
2025-10-09 16:50:19;28.81;84982.00;41.00;1004.86;25;25;0.49;0;58.50;22.81
2025-10-09 16:50:20;28.81;84982.00;41.00;1004.83;25;25;0.49;0;58.50;22.81
2025-10-09 16:50:21;28.82;85154.00;41.00;1004.83;25;25;0.49;0;58.50;22.82
2025-10-09 16:50:22;28.83;85240.00;41.00;1004.86;25;25;0.49;0;58.50;22.83
2025-10-09 16:50:23;28.83;84896.00;41.00;1004.83;25;25;0.49;0;58.50;22.83
2025-10-09 16:50:24;28.84;84469.00;41.00;1004.83;25;25;0.49;0;58.49;22.84
2025-10-09 16:50:25;28.84;84639.00;41.00;1004.83;25;25;0.49;0;58.49;22.84
2025-10-09 16:50:26;28.85;84047.00;41.00;1004.82;25;25;0.49;0;58.49;22.85
2025-10-09 16:50:27;28.85;84639.00;41.00;1004.83;25;25;0.49;0;58.49;22.85
2025-10-09 16:50:28;28.86;83963.00;41.00;1004.83;25;25;0.49;0;58.49;22.86
2025-10-09 16:50:29;28.86;84131.00;41.00;1004.83;25;25;0.49;0;58.49;22.86
2025-10-09 16:50:30;28.86;84047.00;41.00;1004.83;25;25;0.49;0;58.49;22.86
2025-10-09 16:50:31;28.87;83879.00;41.00;1004.83;25;25;0.49;0;58.49;22.87
2025-10-09 16:50:32;28.88;83712.00;41.00;1004.83;25;25;0.49;0;58.49;22.88
2025-10-09 16:50:33;28.89;83132.00;41.00;1004.86;25;25;0.49;0;58.49;22.89
2025-10-09 16:50:34;28.90;82968.00;41.00;1004.83;25;25;0.49;0;58.48;22.90
2025-10-09 16:50:35;28.90;83215.00;41.00;1004.83;25;25;0.49;0;58.48;22.90
2025-10-09 16:50:36;28.91;82723.00;41.00;1004.86;25;25;0.49;0;58.48;22.91
2025-10-09 16:50:37;28.92;82399.00;41.00;1004.86;25;25;0.49;0;58.48;22.92
2025-10-09 16:50:38;28.94;82886.00;41.00;1004.87;25;25;0.49;0;58.48;22.94
2025-10-09 16:50:39;28.94;82077.00;41.00;1004.87;25;25;0.49;0;58.48;22.94
2025-10-09 16:50:40;28.95;83297.00;41.00;1004.87;25;25;0.49;0;58.48;22.95
2025-10-09 16:50:41;28.95;82077.00;41.00;1004.86;25;25;0.49;0;58.48;22.95
2025-10-09 16:50:42;28.96;82399.00;41.00;1004.86;25;25;0.49;0;58.48;22.96
2025-10-09 16:50:43;28.96;82157.00;41.00;1004.86;25;25;0.49;0;58.48;22.96
2025-10-09 16:50:44;28.97;81126.00;41.00;1004.87;25;25;0.49;0;58.47;22.97
2025-10-09 16:50:45;28.98;81441.00;41.00;1004.86;25;25;0.49;0;58.47;22.98
2025-10-09 16:50:46;28.98;81126.00;41.00;1004.86;25;25;0.49;0;58.47;22.98
2025-10-09 16:50:47;28.99;81283.00;41.00;1004.86;25;25;0.49;0;58.47;22.99
2025-10-09 16:50:48;29.00;80892.00;41.00;1004.86;25;25;0.49;0;58.47;23.00
2025-10-09 16:50:49;29.00;81362.00;41.00;1004.87;25;25;0.49;0;58.47;23.00
2025-10-09 16:50:50;29.01;81126.00;41.00;1004.87;25;25;0.49;0;58.47;23.01
2025-10-09 16:50:51;29.02;81283.00;41.00;1004.87;25;25;0.49;0;58.47;23.02
2025-10-09 16:50:52;29.02;80197.00;41.00;1004.86;25;25;0.49;0;58.47;23.02
2025-10-09 16:50:53;29.02;80121.00;41.00;1004.86;25;25;0.49;0;58.47;23.02
2025-10-09 16:50:54;28.96;80351.00;41.00;1004.87;25;25;0.49;0;58.48;22.96
2025-10-09 16:50:55;28.96;80428.00;41.00;1004.87;25;25;0.49;0;58.48;22.96
2025-10-09 16:50:56;28.97;79741.00;41.00;1004.90;25;25;0.49;0;58.47;22.97
2025-10-09 16:50:57;28.98;79892.00;41.00;1004.87;25;25;0.49;0;58.47;22.98
2025-10-09 16:50:58;28.99;79817.00;41.00;1004.90;25;25;0.49;0;58.47;22.99
2025-10-09 16:50:59;29.00;79590.00;41.00;1004.87;25;25;0.49;0;58.47;23.00
2025-10-09 16:51:00;29.00;79515.00;41.00;1004.87;25;25;0.49;0;58.47;23.00
2025-10-09 16:51:01;29.01;79892.00;41.00;1004.90;25;25;0.49;0;58.47;23.01
2025-10-09 16:51:02;29.02;79439.00;41.00;1004.90;25;25;0.49;0;58.47;23.02
2025-10-09 16:51:03;29.01;80197.00;41.00;1004.91;25;25;0.49;0;58.47;23.01
2025-10-09 16:51:04;29.01;80197.00;41.00;1004.87;25;25;0.49;0;58.47;23.01
2025-10-09 16:51:05;29.00;79741.00;41.00;1004.86;25;25;0.49;0;58.47;23.00
2025-10-09 16:51:06;29.01;79817.00;41.00;1004.90;25;25;0.49;0;58.47;23.01
2025-10-09 16:51:07;29.01;79968.00;41.00;1004.87;25;25;0.49;0;58.47;23.01
2025-10-09 16:51:08;29.01;79590.00;41.00;1004.90;25;25;0.49;0;58.47;23.01
2025-10-09 16:51:09;29.01;79665.00;41.00;1004.90;25;25;0.49;0;58.47;23.01
2025-10-09 16:51:10;29.02;79741.00;41.00;1004.87;25;25;0.49;0;58.47;23.02
2025-10-09 16:51:11;29.03;80351.00;41.00;1004.87;25;25;0.49;0;58.46;23.03
2025-10-09 16:51:12;29.03;79590.00;41.00;1004.90;25;25;0.49;0;58.46;23.03
2025-10-09 16:51:13;29.04;80582.00;41.00;1004.87;25;25;0.49;0;58.46;23.04
2025-10-09 16:51:14;29.05;79892.00;41.00;1004.87;25;25;0.49;0;58.46;23.05
2025-10-09 16:51:15;29.05;79817.00;41.00;1004.90;25;25;0.49;0;58.46;23.05
2025-10-09 16:51:16;29.05;80274.00;41.00;1004.87;25;25;0.49;0;58.46;23.05
2025-10-09 16:51:17;29.06;79968.00;41.00;1004.87;25;25;0.49;0;58.46;23.06
2025-10-09 16:51:18;29.07;79968.00;40.00;1004.90;25;25;0.49;0;57.03;23.07
2025-10-09 16:51:19;29.07;79968.00;40.00;1004.90;25;25;0.49;0;57.03;23.07
2025-10-09 16:51:20;29.08;79968.00;40.00;1004.87;25;25;0.49;0;57.03;23.08
2025-10-09 16:51:21;29.08;79665.00;40.00;1004.90;25;25;0.49;0;57.03;23.08
2025-10-09 16:51:22;29.09;79665.00;40.00;1004.90;25;25;0.49;0;57.03;23.09
2025-10-09 16:51:23;29.10;80197.00;40.00;1004.90;25;25;0.49;0;57.03;23.10
2025-10-09 16:51:24;29.11;79364.00;40.00;1004.87;25;25;0.49;0;57.03;23.11
2025-10-09 16:51:25;29.11;79741.00;40.00;1004.90;25;25;0.49;0;57.03;23.11
2025-10-09 16:51:26;29.12;79289.00;40.00;1004.90;25;25;0.49;0;57.03;23.12
2025-10-09 16:51:27;29.12;80274.00;40.00;1004.87;25;25;0.49;0;57.03;23.12
2025-10-09 16:51:28;29.13;79215.00;40.00;1004.94;25;25;0.49;0;57.02;23.13
2025-10-09 16:51:29;29.13;79364.00;40.00;1004.94;25;25;0.49;0;57.02;23.13
2025-10-09 16:51:30;29.14;79439.00;40.00;1004.91;25;25;0.49;0;57.02;23.14
2025-10-09 16:51:31;29.15;78843.00;40.00;1004.94;25;25;0.49;0;57.02;23.15
2025-10-09 16:51:32;29.15;79066.00;40.00;1004.94;25;25;0.49;0;57.02;23.15
2025-10-09 16:51:33;29.15;79741.00;40.00;1004.94;25;25;0.49;0;57.02;23.15
2025-10-09 16:51:34;29.16;79439.00;40.00;1004.91;25;25;0.49;0;57.02;23.16
2025-10-09 16:51:35;29.16;78696.00;40.00;1004.94;25;25;0.49;0;57.02;23.16
2025-10-09 16:51:36;29.17;79215.00;40.00;1004.94;25;25;0.49;0;57.02;23.17
2025-10-09 16:51:37;29.18;79215.00;40.00;1004.91;25;25;0.49;1;57.02;23.18
2025-10-09 16:51:38;29.18;79215.00;40.00;1004.94;25;25;0.49;1;57.02;23.18
2025-10-09 16:51:39;29.19;78696.00;40.00;1004.94;25;25;0.49;1;57.01;23.19
2025-10-09 16:51:40;29.20;77966.00;40.00;1004.94;29;26;0.51;1;57.01;23.20
2025-10-09 16:51:41;29.19;79066.00;40.00;1004.91;29;26;0.51;1;57.01;23.19
2025-10-09 16:51:42;29.20;78038.00;40.00;1004.91;29;26;0.51;1;57.01;23.20
2025-10-09 16:51:43;29.20;78038.00;40.00;1004.91;34;29;0.53;1;57.01;23.20
2025-10-09 16:51:44;29.21;78038.00;40.00;1004.94;34;29;0.53;1;57.01;23.21
2025-10-09 16:51:45;29.22;79741.00;40.00;1004.94;34;29;0.53;1;57.01;23.22
2025-10-09 16:51:46;29.22;78183.00;40.00;1004.94;30;27;0.52;1;57.01;23.22
2025-10-09 16:51:47;29.22;78475.00;40.00;1004.91;30;27;0.52;1;57.01;23.22
2025-10-09 16:51:48;29.22;77749.00;40.00;1004.91;30;27;0.52;1;57.01;23.22
2025-10-09 16:51:49;29.22;77534.00;40.00;1004.91;37;30;0.54;1;57.01;23.22
2025-10-09 16:51:50;29.22;77966.00;40.00;1004.90;37;30;0.54;1;57.01;23.22
2025-10-09 16:51:51;29.23;77749.00;40.00;1004.91;37;30;0.54;1;57.01;23.23
2025-10-09 16:51:52;29.23;78038.00;40.00;1004.91;39;31;0.55;1;57.01;23.23
2025-10-09 16:51:53;29.24;78475.00;40.00;1004.91;39;31;0.55;1;57.01;23.24
2025-10-09 16:51:54;29.24;77966.00;40.00;1004.91;39;31;0.55;1;57.01;23.24
2025-10-09 16:51:55;29.24;77893.00;40.00;1004.91;42;32;0.56;1;57.01;23.24
2025-10-09 16:51:56;29.24;77749.00;40.00;1004.94;42;32;0.56;1;57.01;23.24
2025-10-09 16:51:57;29.25;77107.00;40.00;1004.94;42;32;0.56;1;57.01;23.25
2025-10-09 16:51:58;29.26;77821.00;40.00;1004.94;45;34;0.57;1;57.00;23.26
2025-10-09 16:51:59;29.26;78110.00;40.00;1004.91;45;34;0.57;1;57.00;23.26
2025-10-09 16:52:00;29.27;78038.00;40.00;1004.94;45;34;0.57;1;57.00;23.27
2025-10-09 16:52:01;29.27;77893.00;40.00;1004.91;46;34;0.57;1;57.00;23.27
2025-10-09 16:52:02;29.27;77893.00;40.00;1004.94;46;34;0.57;1;57.00;23.27
2025-10-09 16:52:03;29.28;77249.00;40.00;1004.91;46;34;0.57;1;57.00;23.28
2025-10-09 16:52:04;29.28;77677.00;40.00;1004.91;49;35;0.58;1;57.00;23.28
2025-10-09 16:52:05;29.28;77893.00;40.00;1004.91;49;35;0.58;1;57.00;23.28
2025-10-09 16:52:06;29.29;77821.00;40.00;1004.94;49;35;0.58;1;57.00;23.29
2025-10-09 16:52:07;29.30;77534.00;40.00;1004.94;49;35;0.58;1;57.00;23.30
2025-10-09 16:52:08;29.30;77107.00;40.00;1004.94;49;35;0.58;1;57.00;23.30
2025-10-09 16:52:09;29.30;77677.00;40.00;1004.94;49;35;0.58;1;57.00;23.30
2025-10-09 16:52:10;29.29;77966.00;40.00;1004.94;51;36;0.59;1;57.00;23.29
2025-10-09 16:52:11;29.28;78475.00;40.00;1004.94;51;36;0.59;1;57.00;23.28
2025-10-09 16:52:12;29.29;77178.00;40.00;1004.94;51;36;0.59;1;57.00;23.29
2025-10-09 16:52:13;29.29;78696.00;40.00;1004.94;53;37;0.60;1;57.00;23.29
2025-10-09 16:52:14;29.29;79289.00;40.00;1004.94;53;37;0.60;1;57.00;23.29
2025-10-09 16:52:15;29.31;77463.00;40.00;1004.91;53;37;0.60;1;57.00;23.31
2025-10-09 16:52:16;29.31;77178.00;40.00;1004.94;52;36;0.59;1;57.00;23.31
2025-10-09 16:52:17;29.31;77037.00;40.00;1004.94;52;36;0.59;1;57.00;23.31
2025-10-09 16:52:18;29.31;76755.00;40.00;1004.91;52;36;0.59;1;57.00;23.31
2025-10-09 16:52:19;29.32;78183.00;40.00;1004.91;56;38;0.61;1;57.00;23.32
2025-10-09 16:52:20;29.32;76825.00;40.00;1004.91;56;38;0.61;1;57.00;23.32
2025-10-09 16:52:21;29.32;76337.00;40.00;1004.91;56;38;0.61;1;57.00;23.32
2025-10-09 16:52:22;29.33;76545.00;40.00;1004.91;57;39;0.61;1;56.99;23.33
2025-10-09 16:52:23;29.33;76406.00;40.00;1004.91;57;39;0.61;1;56.99;23.33
2025-10-09 16:52:24;29.33;76406.00;40.00;1004.90;57;39;0.61;1;56.99;23.33
2025-10-09 16:52:25;29.33;75923.00;40.00;1004.91;61;40;0.63;1;56.99;23.33
2025-10-09 16:52:26;29.34;75992.00;40.00;1004.95;61;40;0.63;1;56.99;23.34
2025-10-09 16:52:27;29.35;75718.00;40.00;1004.95;61;40;0.63;1;56.99;23.35
2025-10-09 16:52:28;29.35;77249.00;40.00;1004.94;69;44;0.67;1;56.99;23.35
2025-10-09 16:52:29;29.35;75311.00;40.00;1004.94;69;44;0.67;1;56.99;23.35
2025-10-09 16:52:30;29.36;74775.00;40.00;1004.94;69;44;0.67;1;56.99;23.36
2025-10-09 16:52:31;29.36;74444.00;40.00;1004.91;75;47;0.69;1;56.99;23.36
2025-10-09 16:52:32;29.36;74708.00;40.00;1004.91;75;47;0.69;1;56.99;23.36
2025-10-09 16:52:33;29.37;74510.00;40.00;1004.90;75;47;0.69;1;56.99;23.37
2025-10-09 16:52:34;29.37;74312.00;40.00;1004.91;82;49;0.72;1;56.99;23.37
2025-10-09 16:52:35;29.37;74181.00;40.00;1004.94;82;49;0.72;1;56.99;23.37
2025-10-09 16:52:36;29.37;75514.00;40.00;1004.94;82;49;0.72;1;56.99;23.37
2025-10-09 16:52:37;29.37;74115.00;40.00;1004.90;91;53;0.77;1;56.99;23.37
2025-10-09 16:52:38;29.37;73725.00;40.00;1004.91;91;53;0.77;1;56.99;23.37
2025-10-09 16:52:39;29.38;74181.00;40.00;1004.91;91;53;0.77;1;56.99;23.38
2025-10-09 16:52:40;29.37;74050.00;40.00;1004.91;95;55;0.79;1;56.99;23.37
2025-10-09 16:52:41;29.39;73021.00;40.00;1004.94;95;55;0.79;1;56.98;23.39
2025-10-09 16:52:42;29.38;73339.00;40.00;1004.90;95;55;0.79;1;56.99;23.38
2025-10-09 16:52:43;29.39;73212.00;40.00;1004.91;99;57;0.81;1;56.98;23.39
2025-10-09 16:52:44;29.39;73212.00;40.00;1004.91;99;57;0.81;1;56.98;23.39
2025-10-09 16:52:45;29.40;73148.00;40.00;1004.91;99;57;0.81;1;56.98;23.40
2025-10-09 16:52:46;29.40;72143.00;40.00;1004.90;104;59;0.84;1;56.98;23.40
2025-10-09 16:52:47;29.40;72579.00;40.00;1004.94;104;59;0.84;1;56.98;23.40
2025-10-09 16:52:48;29.40;73275.00;40.00;1004.91;104;59;0.84;1;56.98;23.40
2025-10-09 16:52:49;29.41;72642.00;40.00;1004.91;113;63;0.89;1;56.98;23.41
2025-10-09 16:52:50;29.42;71835.00;40.00;1004.91;113;63;0.89;1;56.98;23.42
2025-10-09 16:52:51;29.43;72020.00;40.00;1004.94;113;63;0.89;1;56.98;23.43
2025-10-09 16:52:52;29.43;72205.00;40.00;1004.91;123;68;0.95;1;56.98;23.43
2025-10-09 16:52:53;29.42;72642.00;40.00;1004.90;123;68;0.95;1;56.98;23.42
2025-10-09 16:52:54;29.43;71529.00;40.00;1004.91;123;68;0.95;1;56.98;23.43
2025-10-09 16:52:55;29.43;71468.00;40.00;1004.91;124;68;0.96;1;56.98;23.43
2025-10-09 16:52:56;29.42;71835.00;40.00;1004.90;124;68;0.96;1;56.98;23.42
2025-10-09 16:52:57;29.42;71408.00;40.00;1004.90;124;68;0.96;1;56.98;23.42
2025-10-09 16:52:58;29.42;71835.00;40.00;1004.90;126;69;0.98;1;56.98;23.42
2025-10-09 16:52:59;29.42;70926.00;40.00;1004.91;126;69;0.98;1;56.98;23.42
2025-10-09 16:53:00;29.42;73084.00;40.00;1004.90;126;69;0.98;1;56.98;23.42
2025-10-09 16:53:01;29.41;71835.00;40.00;1004.91;124;68;0.96;1;56.98;23.41
2025-10-09 16:53:02;29.42;71166.00;40.00;1004.90;124;68;0.96;1;56.98;23.42
2025-10-09 16:53:03;29.42;72081.00;40.00;1004.91;124;68;0.96;1;56.98;23.42
2025-10-09 16:53:04;29.43;72267.00;40.00;1004.94;128;70;0.98;1;56.98;23.43
2025-10-09 16:53:05;29.43;72454.00;40.00;1004.94;128;70;0.98;1;56.98;23.43
2025-10-09 16:53:06;29.43;72267.00;40.00;1004.91;128;70;0.98;1;56.98;23.43
2025-10-09 16:53:07;29.44;72454.00;40.00;1004.91;127;69;0.98;1;56.98;23.44
2025-10-09 16:53:08;29.44;72081.00;40.00;1004.91;127;69;0.98;1;56.98;23.44
2025-10-09 16:53:09;29.44;72517.00;40.00;1004.91;127;69;0.98;1;56.98;23.44
2025-10-09 16:53:10;29.44;73084.00;40.00;1004.91;124;68;0.96;1;56.98;23.44
2025-10-09 16:53:11;29.44;72267.00;40.00;1004.91;124;68;0.96;1;56.98;23.44
2025-10-09 16:53:12;29.45;72329.00;40.00;1004.91;124;68;0.96;1;56.98;23.45
2025-10-09 16:53:13;29.45;72454.00;40.00;1004.91;126;69;0.97;1;56.98;23.45
2025-10-09 16:53:14;29.46;72329.00;40.00;1004.91;126;69;0.97;1;56.97;23.46
2025-10-09 16:53:15;29.46;72205.00;40.00;1004.91;126;69;0.97;1;56.97;23.46
2025-10-09 16:53:16;29.47;71774.00;40.00;1004.91;129;70;0.99;1;56.97;23.47
2025-10-09 16:53:17;29.47;72205.00;40.00;1004.94;129;70;0.99;1;56.97;23.47
2025-10-09 16:53:18;29.47;72705.00;40.00;1004.94;129;70;0.99;1;56.97;23.47
2025-10-09 16:53:19;29.48;72267.00;40.00;1004.94;128;70;0.99;1;56.97;23.48
2025-10-09 16:53:20;29.48;73084.00;40.00;1004.94;128;70;0.99;1;56.97;23.48
2025-10-09 16:53:21;29.48;71712.00;40.00;1004.91;128;70;0.99;1;56.97;23.48
2025-10-09 16:53:22;29.48;72081.00;40.00;1004.91;129;70;0.99;1;56.97;23.48
2025-10-09 16:53:23;29.49;72081.00;40.00;1004.91;129;70;0.99;1;56.97;23.49
2025-10-09 16:53:24;29.49;73532.00;40.00;1004.91;129;70;0.99;1;56.97;23.49
2025-10-09 16:53:25;29.49;71468.00;40.00;1004.94;132;71;1.01;1;56.97;23.49
2025-10-09 16:53:26;29.49;72705.00;40.00;1004.94;132;71;1.01;1;56.97;23.49
2025-10-09 16:53:27;29.49;71529.00;40.00;1004.94;132;71;1.01;1;56.97;23.49
2025-10-09 16:53:28;29.50;71958.00;40.00;1004.91;130;70;1.00;1;56.97;23.50
2025-10-09 16:53:29;29.50;72705.00;40.00;1004.91;130;70;1.00;1;56.97;23.50
2025-10-09 16:53:30;29.50;72768.00;40.00;1004.91;130;70;1.00;1;56.97;23.50
2025-10-09 16:53:31;29.50;72205.00;40.00;1004.90;124;68;0.96;1;56.97;23.50
2025-10-09 16:53:32;29.50;73084.00;40.00;1004.91;124;68;0.96;1;56.97;23.50
2025-10-09 16:53:33;29.50;71651.00;40.00;1004.90;124;68;0.96;1;56.97;23.50
2025-10-09 16:53:34;29.51;71590.00;40.00;1004.90;128;70;0.99;1;56.97;23.51
2025-10-09 16:53:35;29.51;71408.00;40.00;1004.94;128;70;0.99;1;56.97;23.51
2025-10-09 16:53:36;29.51;70926.00;40.00;1004.94;128;70;0.99;1;56.97;23.51
2025-10-09 16:53:37;29.51;72642.00;40.00;1004.91;130;70;1.00;1;56.97;23.51
2025-10-09 16:53:38;29.51;71347.00;40.00;1004.91;130;70;1.00;1;56.97;23.51
2025-10-09 16:53:39;29.52;71651.00;40.00;1004.91;130;70;1.00;1;56.97;23.52
2025-10-09 16:53:40;29.52;70568.00;40.00;1004.90;142;76;1.08;1;56.97;23.52
2025-10-09 16:53:41;29.52;70687.00;40.00;1004.90;142;76;1.08;1;56.97;23.52
2025-10-09 16:53:42;29.52;69460.00;40.00;1004.90;142;76;1.08;1;56.97;23.52
2025-10-09 16:53:43;29.52;69460.00;40.00;1004.90;152;80;1.15;1;56.97;23.52
2025-10-09 16:53:44;29.52;70568.00;40.00;1004.90;152;80;1.15;1;56.97;23.52
2025-10-09 16:53:45;29.52;69575.00;40.00;1004.90;152;80;1.15;1;56.97;23.52
2025-10-09 16:53:46;29.52;69633.00;40.00;1004.90;157;82;1.19;1;56.97;23.52
2025-10-09 16:53:47;29.52;68834.00;40.00;1004.90;157;82;1.19;1;56.97;23.52
2025-10-09 16:53:48;29.52;69575.00;40.00;1004.90;157;82;1.19;1;56.97;23.52
2025-10-09 16:53:49;29.52;69346.00;40.00;1004.90;162;85;1.24;1;56.97;23.52
2025-10-09 16:53:50;29.52;69288.00;40.00;1004.91;162;85;1.24;1;56.97;23.52
2025-10-09 16:53:51;29.52;69231.00;40.00;1004.90;162;85;1.24;1;56.97;23.52
2025-10-09 16:53:52;29.52;68442.00;40.00;1004.91;162;85;1.24;1;56.97;23.52
2025-10-09 16:53:53;29.53;68947.00;40.00;1004.90;170;88;1.31;1;56.96;23.53
2025-10-09 16:53:54;29.52;68891.00;40.00;1004.90;170;88;1.31;1;56.97;23.52
2025-10-09 16:53:55;29.52;67834.00;40.00;1004.91;170;88;1.31;1;56.97;23.52
2025-10-09 16:53:56;29.52;69004.00;40.00;1004.91;179;92;1.38;1;56.97;23.52
2025-10-09 16:53:57;29.53;68442.00;40.00;1004.90;179;92;1.38;1;56.96;23.53
2025-10-09 16:53:58;29.53;68109.00;40.00;1004.90;179;92;1.38;1;56.96;23.53
2025-10-09 16:53:59;29.52;68554.00;40.00;1004.91;184;94;1.43;1;56.97;23.52
2025-10-09 16:54:00;29.53;68109.00;40.00;1004.91;184;94;1.43;1;56.96;23.53
2025-10-09 16:54:01;29.53;69117.00;40.00;1004.91;184;94;1.43;1;56.96;23.53
2025-10-09 16:54:02;29.53;68666.00;40.00;1004.91;182;93;1.41;1;56.96;23.53
2025-10-09 16:54:03;29.53;68331.00;40.00;1004.91;182;93;1.41;1;56.96;23.53
2025-10-09 16:54:04;29.54;68164.00;40.00;1004.90;182;93;1.41;1;56.96;23.54
2025-10-09 16:54:05;29.53;67616.00;40.00;1004.91;185;95;1.44;1;56.96;23.53
2025-10-09 16:54:06;29.53;68554.00;40.00;1004.91;185;95;1.44;1;56.96;23.53
2025-10-09 16:54:07;29.54;67999.00;40.00;1004.90;185;95;1.44;1;56.96;23.54
2025-10-09 16:54:08;29.54;69288.00;40.00;1004.91;188;96;1.47;1;56.96;23.54
2025-10-09 16:54:09;29.54;67780.00;40.00;1004.90;188;96;1.47;1;56.96;23.54
2025-10-09 16:54:10;29.54;69403.00;40.00;1004.90;188;96;1.47;1;56.96;23.54
2025-10-09 16:54:11;29.54;68331.00;40.00;1004.91;183;94;1.42;1;56.96;23.54
2025-10-09 16:54:12;29.54;69061.00;40.00;1004.90;183;94;1.42;1;56.96;23.54
2025-10-09 16:54:13;29.54;67944.00;40.00;1004.90;183;94;1.42;1;56.96;23.54
2025-10-09 16:54:14;29.54;68109.00;40.00;1004.91;187;95;1.46;1;56.96;23.54
2025-10-09 16:54:15;29.53;67834.00;40.00;1004.94;187;95;1.46;1;56.96;23.53
2025-10-09 16:54:16;29.52;69061.00;40.00;1004.91;187;95;1.46;1;56.97;23.52
2025-10-09 16:54:17;29.52;67944.00;40.00;1004.91;184;94;1.43;1;56.97;23.52
2025-10-09 16:54:18;29.52;67889.00;40.00;1004.94;184;94;1.43;1;56.97;23.52
2025-10-09 16:54:19;29.51;67725.00;40.00;1004.91;184;94;1.43;1;56.97;23.51
2025-10-09 16:54:20;29.51;67453.00;40.00;1004.91;188;96;1.47;1;56.97;23.51
2025-10-09 16:54:21;29.51;68498.00;40.00;1004.90;188;96;1.47;1;56.97;23.51
2025-10-09 16:54:22;29.51;68610.00;40.00;1004.90;188;96;1.47;1;56.97;23.51
2025-10-09 16:54:23;29.51;67184.00;40.00;1004.94;187;96;1.46;1;56.97;23.51
2025-10-09 16:54:24;29.51;68386.00;40.00;1004.94;187;96;1.46;1;56.97;23.51
2025-10-09 16:54:25;29.51;67130.00;40.00;1004.91;187;96;1.46;1;56.97;23.51
2025-10-09 16:54:26;29.52;67507.00;40.00;1004.91;190;97;1.49;1;56.97;23.52
2025-10-09 16:54:27;29.52;67184.00;40.00;1004.91;190;97;1.49;1;56.97;23.52
2025-10-09 16:54:28;29.52;67725.00;40.00;1004.91;190;97;1.49;1;56.97;23.52
2025-10-09 16:54:29;29.52;67889.00;40.00;1004.94;193;98;1.51;1;56.97;23.52
2025-10-09 16:54:30;29.53;67670.00;40.00;1004.91;193;98;1.51;1;56.96;23.53
2025-10-09 16:54:31;29.53;67130.00;40.00;1004.94;193;98;1.51;1;56.96;23.53
2025-10-09 16:54:32;29.53;66757.00;40.00;1004.94;200;101;1.59;1;56.96;23.53
2025-10-09 16:54:33;29.53;67345.00;40.00;1004.94;200;101;1.59;1;56.96;23.53
2025-10-09 16:54:34;29.53;66335.00;40.00;1004.94;200;101;1.59;1;56.96;23.53
2025-10-09 16:54:35;29.53;66704.00;40.00;1004.90;207;104;1.67;1;56.96;23.53
2025-10-09 16:54:36;29.53;68054.00;40.00;1004.91;207;104;1.67;1;56.96;23.53
2025-10-09 16:54:37;29.53;67345.00;40.00;1004.94;207;104;1.67;1;56.96;23.53
2025-10-09 16:54:38;29.53;67130.00;40.00;1004.91;212;106;1.72;1;56.96;23.53
2025-10-09 16:54:39;29.53;67834.00;40.00;1004.94;212;106;1.72;1;56.96;23.53
2025-10-09 16:54:40;29.53;67345.00;40.00;1004.94;212;106;1.72;1;56.96;23.53
2025-10-09 16:54:41;29.54;67616.00;40.00;1004.94;209;105;1.69;1;56.96;23.54
2025-10-09 16:54:42;29.54;66970.00;40.00;1004.91;209;105;1.69;1;56.96;23.54
2025-10-09 16:54:43;29.54;67399.00;40.00;1004.91;209;105;1.69;1;56.96;23.54
2025-10-09 16:54:44;29.53;66598.00;40.00;1004.91;208;105;1.68;1;56.96;23.53
2025-10-09 16:54:45;29.53;66598.00;40.00;1004.91;208;105;1.68;1;56.96;23.53
2025-10-09 16:54:46;29.54;67780.00;40.00;1004.90;208;105;1.68;1;56.96;23.54
2025-10-09 16:54:47;29.54;67130.00;40.00;1004.91;205;103;1.64;1;56.96;23.54
2025-10-09 16:54:48;29.55;67616.00;40.00;1004.91;205;103;1.64;1;56.96;23.55
2025-10-09 16:54:49;29.53;67889.00;40.00;1004.91;205;103;1.64;1;56.96;23.53
2025-10-09 16:54:50;29.53;67453.00;40.00;1004.94;203;103;1.62;1;56.96;23.53
2025-10-09 16:54:51;29.53;67507.00;40.00;1004.91;203;103;1.62;1;56.96;23.53
2025-10-09 16:54:52;29.53;66704.00;40.00;1004.91;203;103;1.62;1;56.96;23.53
2025-10-09 16:54:53;29.53;66440.00;40.00;1004.91;207;104;1.66;1;56.96;23.53
2025-10-09 16:54:54;29.54;66493.00;40.00;1004.90;207;104;1.66;1;56.96;23.54
2025-10-09 16:54:55;29.55;66598.00;40.00;1004.91;207;104;1.66;1;56.96;23.55
2025-10-09 16:54:56;29.55;66179.00;40.00;1004.91;212;106;1.72;1;56.96;23.55
2025-10-09 16:54:57;29.55;65816.00;40.00;1004.91;212;106;1.72;1;56.96;23.55
2025-10-09 16:54:58;29.55;65816.00;40.00;1004.91;212;106;1.72;1;56.96;23.55
2025-10-09 16:54:59;29.55;65355.00;40.00;1004.91;217;109;1.78;1;56.96;23.55
2025-10-09 16:55:00;29.55;66074.00;40.00;1004.91;217;109;1.78;1;56.96;23.55
2025-10-09 16:55:01;29.56;67291.00;40.00;1004.90;217;109;1.78;1;56.96;23.56
2025-10-09 16:55:02;29.56;65764.00;40.00;1004.90;218;109;1.79;1;56.96;23.56
2025-10-09 16:55:03;29.56;66074.00;40.00;1004.95;218;109;1.79;1;56.96;23.56
2025-10-09 16:55:04;29.56;65919.00;40.00;1004.90;218;109;1.79;1;56.96;23.56
2025-10-09 16:55:05;29.56;65355.00;40.00;1004.90;218;109;1.79;1;56.96;23.56
2025-10-09 16:55:06;29.56;66388.00;40.00;1004.90;218;109;1.79;1;56.96;23.56
2025-10-09 16:55:07;29.57;65052.00;40.00;1004.90;218;109;1.79;1;56.96;23.57
2025-10-09 16:55:08;29.56;66023.00;40.00;1004.90;220;110;1.81;1;56.96;23.56
2025-10-09 16:55:09;29.56;66704.00;40.00;1004.90;220;110;1.81;1;56.96;23.56
2025-10-09 16:55:10;29.56;66598.00;40.00;1004.94;220;110;1.81;1;56.96;23.56
2025-10-09 16:55:11;29.57;65867.00;40.00;1004.95;224;112;1.86;1;56.96;23.57
2025-10-09 16:55:12;29.57;65867.00;40.00;1004.95;224;112;1.86;1;56.96;23.57
2025-10-09 16:55:13;29.58;65153.00;40.00;1004.94;224;112;1.86;1;56.96;23.58
2025-10-09 16:55:14;29.57;65355.00;40.00;1004.94;219;110;1.81;1;56.96;23.57
2025-10-09 16:55:15;29.57;66283.00;40.00;1004.94;219;110;1.81;1;56.96;23.57
2025-10-09 16:55:16;29.58;65764.00;40.00;1004.91;219;110;1.81;1;56.96;23.58
2025-10-09 16:55:17;29.59;66074.00;40.00;1004.95;224;112;1.87;1;56.95;23.59
2025-10-09 16:55:18;29.59;66704.00;40.00;1004.94;224;112;1.87;1;56.95;23.59
2025-10-09 16:55:19;29.59;66704.00;40.00;1004.94;224;112;1.87;1;56.95;23.59
2025-10-09 16:55:20;29.59;67130.00;40.00;1004.94;228;114;1.92;1;56.95;23.59
2025-10-09 16:55:21;29.59;67023.00;40.00;1004.91;228;114;1.92;1;56.95;23.59
2025-10-09 16:55:22;29.59;66335.00;40.00;1004.94;228;114;1.92;1;56.95;23.59
2025-10-09 16:55:23;29.59;65867.00;40.00;1004.94;225;112;1.87;1;56.95;23.59
2025-10-09 16:55:24;29.59;67023.00;40.00;1004.94;225;112;1.87;1;56.95;23.59
2025-10-09 16:55:25;29.60;66493.00;40.00;1004.91;225;112;1.87;1;56.95;23.60
2025-10-09 16:55:26;29.60;66810.00;40.00;1004.91;220;110;1.82;1;56.95;23.60
2025-10-09 16:55:27;29.60;66757.00;40.00;1004.91;220;110;1.82;1;56.95;23.60
2025-10-09 16:55:28;29.60;67130.00;40.00;1004.91;220;110;1.82;1;56.95;23.60
2025-10-09 16:55:29;29.59;66126.00;40.00;1004.91;222;111;1.84;1;56.95;23.59
2025-10-09 16:55:30;29.59;66545.00;40.00;1004.94;222;111;1.84;1;56.95;23.59
2025-10-09 16:55:31;29.59;65867.00;40.00;1004.94;222;111;1.84;1;56.95;23.59
2025-10-09 16:55:32;29.59;66074.00;40.00;1004.94;223;111;1.84;1;56.95;23.59
2025-10-09 16:55:33;29.59;66970.00;40.00;1004.94;223;111;1.84;1;56.95;23.59
2025-10-09 16:55:34;29.59;66863.00;40.00;1004.94;223;111;1.84;1;56.95;23.59
2025-10-09 16:55:35;29.59;66545.00;40.00;1004.94;226;113;1.89;1;56.95;23.59
2025-10-09 16:55:36;29.60;66493.00;40.00;1004.94;226;113;1.89;1;56.95;23.60
2025-10-09 16:55:37;29.60;65764.00;40.00;1004.91;226;113;1.89;1;56.95;23.60
2025-10-09 16:55:38;29.61;65919.00;40.00;1004.94;227;113;1.91;1;56.95;23.61
2025-10-09 16:55:39;29.61;66023.00;40.00;1004.91;227;113;1.91;1;56.95;23.61
2025-10-09 16:55:40;29.62;66704.00;40.00;1004.91;227;113;1.91;1;56.95;23.62
2025-10-09 16:55:41;29.62;65406.00;40.00;1004.91;221;110;1.83;1;56.95;23.62
2025-10-09 16:55:42;29.62;66493.00;40.00;1004.91;221;110;1.83;1;56.95;23.62
2025-10-09 16:55:43;29.63;66651.00;40.00;1004.94;221;110;1.83;1;56.95;23.63
2025-10-09 16:55:44;29.64;66388.00;40.00;1004.94;220;110;1.82;1;56.95;23.64
2025-10-09 16:55:45;29.64;66179.00;40.00;1004.91;220;110;1.82;1;56.95;23.64
2025-10-09 16:55:46;29.64;66179.00;40.00;1004.91;220;110;1.82;1;56.95;23.64
2025-10-09 16:55:47;29.64;65457.00;40.00;1004.90;226;113;1.89;1;56.95;23.64
2025-10-09 16:55:48;29.65;66074.00;40.00;1004.94;226;113;1.89;1;56.95;23.65
2025-10-09 16:55:49;29.65;65971.00;40.00;1004.94;226;113;1.89;1;56.95;23.65
2025-10-09 16:55:50;29.66;65254.00;40.00;1004.91;227;113;1.90;1;56.94;23.66
2025-10-09 16:55:51;29.67;66651.00;40.00;1004.94;227;113;1.90;1;56.94;23.67
2025-10-09 16:55:52;29.67;65764.00;40.00;1004.94;227;113;1.90;1;56.94;23.67
2025-10-09 16:55:53;29.67;65971.00;40.00;1004.94;223;111;1.85;1;56.94;23.67
2025-10-09 16:55:54;29.67;66545.00;40.00;1004.91;223;111;1.85;1;56.94;23.67
2025-10-09 16:55:55;29.68;65355.00;40.00;1004.94;223;111;1.85;1;56.94;23.68
2025-10-09 16:55:56;29.67;64951.00;40.00;1004.91;229;114;1.92;1;56.94;23.67
2025-10-09 16:55:57;29.68;65867.00;40.00;1004.91;229;114;1.92;1;56.94;23.68
2025-10-09 16:55:58;29.68;65867.00;40.00;1004.90;229;114;1.92;1;56.94;23.68
2025-10-09 16:55:59;29.68;65662.00;39.00;1004.90;232;115;1.96;1;55.52;23.68
2025-10-09 16:56:00;29.69;65559.00;39.00;1004.91;232;115;1.96;1;55.52;23.69
2025-10-09 16:56:01;29.69;65001.00;39.00;1004.91;232;115;1.96;1;55.52;23.69
2025-10-09 16:56:02;29.70;65203.00;39.00;1004.91;238;118;2.04;1;55.51;23.70
2025-10-09 16:56:03;29.70;65816.00;40.00;1004.91;238;118;2.04;1;56.94;23.70
2025-10-09 16:56:04;29.71;64207.00;39.00;1004.94;238;118;2.04;1;55.51;23.71
2025-10-09 16:56:05;29.71;65816.00;39.00;1004.94;236;117;2.01;1;55.51;23.71
2025-10-09 16:56:06;29.71;64651.00;39.00;1004.91;236;117;2.01;1;55.51;23.71
2025-10-09 16:56:07;29.71;65052.00;39.00;1004.91;236;117;2.01;1;55.51;23.71
2025-10-09 16:56:08;29.71;64552.00;39.00;1004.91;241;119;2.08;1;55.51;23.71
2025-10-09 16:56:09;29.71;65610.00;39.00;1004.91;241;119;2.08;1;55.51;23.71
2025-10-09 16:56:10;29.71;64801.00;39.00;1004.91;241;119;2.08;1;55.51;23.71
2025-10-09 16:56:11;29.71;65001.00;39.00;1004.91;241;119;2.09;1;55.51;23.71
2025-10-09 16:56:12;29.71;64951.00;39.00;1004.91;241;119;2.09;1;55.51;23.71
2025-10-09 16:56:13;29.72;64602.00;39.00;1004.90;241;119;2.09;1;55.51;23.72
2025-10-09 16:56:14;29.72;64951.00;39.00;1004.90;243;120;2.10;1;55.51;23.72
2025-10-09 16:56:15;29.72;64453.00;39.00;1004.90;243;120;2.10;1;55.51;23.72
2025-10-09 16:56:16;29.73;64060.00;39.00;1004.90;243;120;2.10;1;55.51;23.73
2025-10-09 16:56:17;29.73;63575.00;39.00;1004.91;243;120;2.10;1;55.51;23.73
2025-10-09 16:56:18;29.73;63817.00;39.00;1004.91;250;123;2.23;1;55.51;23.73
2025-10-09 16:56:19;29.74;63768.00;39.00;1004.91;250;123;2.23;1;55.51;23.74
2025-10-09 16:56:20;29.74;63865.00;39.00;1004.91;250;123;2.23;1;55.51;23.74
2025-10-09 16:56:21;29.74;64651.00;39.00;1004.91;252;125;2.29;1;55.51;23.74
2025-10-09 16:56:22;29.74;63384.00;39.00;1004.90;252;125;2.29;1;55.51;23.74
2025-10-09 16:56:23;29.75;63865.00;39.00;1004.90;252;125;2.29;1;55.51;23.75
2025-10-09 16:56:24;29.74;64552.00;39.00;1004.90;254;127;2.34;1;55.51;23.74
2025-10-09 16:56:25;29.74;62956.00;39.00;1004.90;254;127;2.34;1;55.51;23.74
2025-10-09 16:56:26;29.74;63004.00;39.00;1004.91;254;127;2.34;1;55.51;23.74
2025-10-09 16:56:27;29.75;62535.00;39.00;1004.91;259;130;2.46;1;55.51;23.75
2025-10-09 16:56:28;29.75;63672.00;39.00;1004.90;259;130;2.46;1;55.51;23.75
2025-10-09 16:56:29;29.74;62721.00;39.00;1004.90;259;130;2.46;1;55.51;23.74
2025-10-09 16:56:30;29.74;62768.00;39.00;1004.90;264;133;2.57;1;55.51;23.74
2025-10-09 16:56:31;29.75;63768.00;39.00;1004.91;264;133;2.57;1;55.51;23.75
2025-10-09 16:56:32;29.75;63336.00;39.00;1004.91;264;133;2.57;1;55.51;23.75
2025-10-09 16:56:33;29.75;63288.00;39.00;1004.91;264;133;2.59;1;55.51;23.75
2025-10-09 16:56:34;29.75;62909.00;39.00;1004.91;264;133;2.59;1;55.51;23.75
2025-10-09 16:56:35;29.75;63914.00;39.00;1004.87;264;133;2.59;1;55.51;23.75
2025-10-09 16:56:36;29.74;63004.00;39.00;1004.91;260;132;2.55;1;55.51;23.74
2025-10-09 16:56:37;29.75;63575.00;39.00;1004.91;260;132;2.55;1;55.51;23.75
2025-10-09 16:56:38;29.75;62909.00;39.00;1004.91;260;132;2.55;1;55.51;23.75
2025-10-09 16:56:39;29.75;63241.00;39.00;1004.90;263;134;2.62;1;55.51;23.75
2025-10-09 16:56:40;29.76;62349.00;39.00;1004.91;263;134;2.62;1;55.51;23.76
2025-10-09 16:56:41;29.76;62535.00;39.00;1004.91;263;134;2.62;1;55.51;23.76
2025-10-09 16:56:42;29.76;63865.00;39.00;1004.90;266;136;2.71;1;55.51;23.76
2025-10-09 16:56:43;29.76;62165.00;39.00;1004.91;266;136;2.71;1;55.51;23.76
2025-10-09 16:56:44;29.76;63193.00;39.00;1004.90;266;136;2.71;1;55.51;23.76
2025-10-09 16:56:45;29.77;63146.00;39.00;1004.91;270;139;2.82;1;55.50;23.77
2025-10-09 16:56:46;29.77;63431.00;39.00;1004.90;270;139;2.82;1;55.50;23.77
2025-10-09 16:56:47;29.77;62768.00;39.00;1004.91;270;139;2.82;1;55.50;23.77
2025-10-09 16:56:48;29.76;62303.00;39.00;1004.90;269;139;2.83;1;55.51;23.76
2025-10-09 16:56:49;29.77;62815.00;39.00;1004.91;269;139;2.83;1;55.50;23.77
2025-10-09 16:56:50;29.77;63431.00;39.00;1004.91;269;139;2.83;1;55.50;23.77
2025-10-09 16:56:51;29.77;63384.00;39.00;1004.95;265;138;2.78;1;55.50;23.77
2025-10-09 16:56:52;29.76;63914.00;39.00;1004.95;265;138;2.78;1;55.51;23.76
2025-10-09 16:56:53;29.75;64851.00;39.00;1004.94;265;138;2.78;1;55.51;23.75
2025-10-09 16:56:54;29.74;65355.00;39.00;1004.95;254;134;2.60;1;55.51;23.74
2025-10-09 16:56:55;29.74;65559.00;39.00;1004.98;254;134;2.60;1;55.51;23.74
2025-10-09 16:56:56;29.74;66757.00;39.00;1004.95;254;134;2.60;1;55.51;23.74
2025-10-09 16:56:57;29.74;65713.00;39.00;1004.98;243;128;2.40;1;55.51;23.74
2025-10-09 16:56:58;29.73;66231.00;39.00;1004.95;243;128;2.40;1;55.51;23.73
2025-10-09 16:56:59;29.73;66283.00;39.00;1004.95;243;128;2.40;1;55.51;23.73
2025-10-09 16:57:00;29.72;66810.00;39.00;1004.98;233;123;2.23;1;55.51;23.72
2025-10-09 16:57:01;29.73;65919.00;39.00;1004.98;233;123;2.23;1;55.51;23.73
2025-10-09 16:57:02;29.73;66074.00;39.00;1004.98;233;123;2.23;1;55.51;23.73
2025-10-09 16:57:03;29.73;66810.00;39.00;1004.98;222;118;2.06;1;55.51;23.73
2025-10-09 16:57:04;29.73;65816.00;39.00;1004.98;222;118;2.06;1;55.51;23.73
2025-10-09 16:57:05;29.73;65001.00;39.00;1004.98;222;118;2.06;1;55.51;23.73
2025-10-09 16:57:06;29.73;64851.00;39.00;1004.98;225;120;2.11;1;55.51;23.73
2025-10-09 16:57:07;29.73;64305.00;39.00;1004.98;225;120;2.11;1;55.51;23.73
2025-10-09 16:57:08;29.73;64801.00;39.00;1004.98;225;120;2.11;1;55.51;23.73
2025-10-09 16:57:09;29.73;64060.00;39.00;1004.95;228;121;2.15;1;55.51;23.73
2025-10-09 16:57:10;29.73;65559.00;39.00;1004.95;228;121;2.15;1;55.51;23.73
2025-10-09 16:57:11;29.73;64502.00;39.00;1004.95;228;121;2.15;1;55.51;23.73
2025-10-09 16:57:12;29.71;66023.00;39.00;1004.95;231;123;2.21;1;55.51;23.71
2025-10-09 16:57:13;29.72;65867.00;39.00;1004.95;231;123;2.21;1;55.51;23.72
2025-10-09 16:57:14;29.72;64901.00;39.00;1004.98;231;123;2.21;1;55.51;23.72
2025-10-09 16:57:15;29.72;64851.00;39.00;1004.95;229;122;2.17;1;55.51;23.72
2025-10-09 16:57:16;29.72;65713.00;39.00;1004.98;229;122;2.17;1;55.51;23.72
2025-10-09 16:57:17;29.71;64207.00;39.00;1004.98;229;122;2.17;1;55.51;23.71
2025-10-09 16:57:18;29.71;65254.00;39.00;1004.98;234;124;2.25;1;55.51;23.71
2025-10-09 16:57:19;29.71;65052.00;39.00;1004.98;234;124;2.25;1;55.51;23.71
2025-10-09 16:57:20;29.71;64602.00;39.00;1004.95;234;124;2.25;1;55.51;23.71
2025-10-09 16:57:21;29.71;65867.00;39.00;1004.98;229;122;2.17;1;55.51;23.71
2025-10-09 16:57:22;29.71;66335.00;39.00;1004.98;229;122;2.17;1;55.51;23.71
2025-10-09 16:57:23;29.71;65508.00;39.00;1005.00;229;122;2.17;1;55.51;23.71
2025-10-09 16:57:24;29.70;65457.00;39.00;1004.95;231;123;2.19;1;55.51;23.70
2025-10-09 16:57:25;29.71;65457.00;39.00;1004.95;231;123;2.19;1;55.51;23.71
2025-10-09 16:57:26;29.71;64951.00;39.00;1004.98;231;123;2.19;1;55.51;23.71
2025-10-09 16:57:27;29.70;65102.00;39.00;1005.00;232;123;2.21;1;55.51;23.70
2025-10-09 16:57:28;29.70;64851.00;39.00;1004.95;232;123;2.21;1;55.51;23.70
2025-10-09 16:57:29;29.70;64851.00;39.00;1004.95;232;123;2.21;1;55.51;23.70
2025-10-09 16:57:30;29.70;64701.00;39.00;1004.98;237;126;2.30;1;55.51;23.70
2025-10-09 16:57:31;29.70;63768.00;39.00;1004.98;237;126;2.30;1;55.51;23.70
2025-10-09 16:57:32;29.70;65355.00;39.00;1004.95;237;126;2.30;1;55.51;23.70
2025-10-09 16:57:33;29.70;65508.00;39.00;1004.98;234;124;2.26;1;55.51;23.70
2025-10-09 16:57:34;29.70;65254.00;39.00;1004.95;234;124;2.26;1;55.51;23.70
2025-10-09 16:57:35;29.69;64109.00;39.00;1004.98;234;124;2.26;1;55.52;23.69
2025-10-09 16:57:36;29.69;65052.00;39.00;1004.98;232;123;2.21;1;55.52;23.69
2025-10-09 16:57:37;29.69;65304.00;39.00;1004.98;232;123;2.21;1;55.52;23.69
2025-10-09 16:57:38;29.69;65153.00;39.00;1005.00;232;123;2.21;1;55.52;23.69
2025-10-09 16:57:39;29.68;65203.00;39.00;1004.95;229;122;2.17;1;55.52;23.68
2025-10-09 16:57:40;29.69;64701.00;39.00;1004.98;229;122;2.17;1;55.52;23.69
2025-10-09 16:57:41;29.68;64305.00;39.00;1004.95;229;122;2.17;1;55.52;23.68
2025-10-09 16:57:42;29.68;66283.00;39.00;1004.98;231;122;2.19;1;55.52;23.68
2025-10-09 16:57:43;29.68;65254.00;39.00;1004.98;231;122;2.19;1;55.52;23.68
2025-10-09 16:57:44;29.68;65559.00;39.00;1004.98;231;122;2.19;1;55.52;23.68
2025-10-09 16:57:45;29.67;66651.00;39.00;1004.98;229;122;2.17;1;55.52;23.67
2025-10-09 16:57:46;29.67;66335.00;39.00;1005.00;229;122;2.17;1;55.52;23.67
2025-10-09 16:57:47;29.67;65867.00;39.00;1005.00;229;122;2.17;1;55.52;23.67
2025-10-09 16:57:48;29.67;65662.00;39.00;1005.00;227;121;2.14;1;55.52;23.67
2025-10-09 16:57:49;29.67;66545.00;39.00;1004.98;227;121;2.14;1;55.52;23.67
2025-10-09 16:57:50;29.66;65662.00;39.00;1004.98;227;121;2.14;1;55.52;23.66
2025-10-09 16:57:51;29.66;67399.00;39.00;1005.00;221;118;2.04;1;55.52;23.66
2025-10-09 16:57:52;29.66;67023.00;39.00;1004.98;221;118;2.04;1;55.52;23.66
2025-10-09 16:57:53;29.66;66231.00;39.00;1004.98;221;118;2.04;1;55.52;23.66
2025-10-09 16:57:54;29.65;66283.00;39.00;1004.98;216;116;1.98;1;55.52;23.65
2025-10-09 16:57:55;29.65;67345.00;39.00;1005.00;216;116;1.98;1;55.52;23.65
2025-10-09 16:57:56;29.65;66598.00;39.00;1005.00;216;116;1.98;1;55.52;23.65
2025-10-09 16:57:57;29.65;66231.00;39.00;1004.98;212;114;1.92;1;55.52;23.65
2025-10-09 16:57:58;29.64;66651.00;39.00;1004.98;212;114;1.92;1;55.52;23.64
2025-10-09 16:57:59;29.64;67237.00;39.00;1004.98;212;114;1.92;1;55.52;23.64
2025-10-09 16:58:00;29.64;68778.00;39.00;1004.98;208;112;1.86;1;55.52;23.64
2025-10-09 16:58:01;29.64;67345.00;39.00;1005.00;208;112;1.86;1;55.52;23.64
2025-10-09 16:58:02;29.63;67562.00;39.00;1005.00;208;112;1.86;1;55.52;23.63
2025-10-09 16:58:03;29.63;66440.00;39.00;1005.00;201;109;1.78;1;55.52;23.63
2025-10-09 16:58:04;29.63;66598.00;39.00;1004.98;201;109;1.78;1;55.52;23.63
2025-10-09 16:58:05;29.62;67562.00;39.00;1004.98;201;109;1.78;1;55.53;23.62
2025-10-09 16:58:06;29.62;67725.00;39.00;1004.98;200;108;1.76;1;55.53;23.62
2025-10-09 16:58:07;29.62;69174.00;39.00;1004.98;200;108;1.76;1;55.53;23.62
2025-10-09 16:58:08;29.61;68891.00;39.00;1005.00;200;108;1.76;1;55.53;23.61
2025-10-09 16:58:09;29.61;69518.00;39.00;1005.00;189;103;1.63;1;55.53;23.61
2025-10-09 16:58:10;29.61;69575.00;39.00;1005.01;189;103;1.63;1;55.53;23.61
2025-10-09 16:58:11;29.60;70509.00;39.00;1004.98;189;103;1.63;1;55.53;23.60
2025-10-09 16:58:12;29.60;70273.00;39.00;1004.98;182;100;1.55;1;55.53;23.60
2025-10-09 16:58:13;29.60;69346.00;39.00;1005.00;182;100;1.55;1;55.53;23.60
2025-10-09 16:58:14;29.59;70215.00;39.00;1005.00;182;100;1.55;1;55.53;23.59
2025-10-09 16:58:15;29.59;71106.00;39.00;1005.01;174;95;1.46;1;55.53;23.59
2025-10-09 16:58:16;29.58;70509.00;39.00;1005.00;174;95;1.46;1;55.53;23.58
2025-10-09 16:58:17;29.58;70926.00;39.00;1005.00;174;95;1.46;1;55.53;23.58
2025-10-09 16:58:18;29.57;70985.00;39.00;1005.00;169;93;1.40;1;55.53;23.57
2025-10-09 16:58:19;29.58;69691.00;39.00;1005.01;169;93;1.40;1;55.53;23.58
2025-10-09 16:58:20;29.57;70391.00;39.00;1005.01;169;93;1.40;1;55.53;23.57
2025-10-09 16:58:21;29.56;71166.00;39.00;1004.95;160;89;1.32;1;55.54;23.56
2025-10-09 16:58:22;29.56;71774.00;39.00;1004.95;160;89;1.32;1;55.54;23.56
2025-10-09 16:58:23;29.56;71896.00;39.00;1004.98;160;89;1.32;1;55.54;23.56
2025-10-09 16:58:24;29.56;70568.00;39.00;1004.98;153;86;1.26;1;55.54;23.56
2025-10-09 16:58:25;29.56;71774.00;39.00;1004.98;153;86;1.26;1;55.54;23.56
2025-10-09 16:58:26;29.55;72642.00;39.00;1005.00;153;86;1.26;1;55.54;23.55
2025-10-09 16:58:27;29.55;72454.00;39.00;1004.98;146;82;1.19;1;55.54;23.55
2025-10-09 16:58:28;29.54;71529.00;39.00;1004.95;146;82;1.19;1;55.54;23.54
2025-10-09 16:58:29;29.54;72081.00;39.00;1004.98;146;82;1.19;1;55.54;23.54
2025-10-09 16:58:30;29.54;71712.00;39.00;1004.98;143;81;1.16;1;55.54;23.54
2025-10-09 16:58:31;29.53;73021.00;39.00;1005.00;143;81;1.16;1;55.54;23.53
2025-10-09 16:58:32;29.53;70926.00;39.00;1005.00;143;81;1.16;1;55.54;23.53
2025-10-09 16:58:33;29.53;71590.00;39.00;1005.01;141;80;1.15;1;55.54;23.53
2025-10-09 16:58:34;29.52;72517.00;39.00;1004.98;141;80;1.15;1;55.54;23.52
2025-10-09 16:58:35;29.52;73021.00;39.00;1004.98;141;80;1.15;1;55.54;23.52
2025-10-09 16:58:36;29.52;72392.00;39.00;1005.00;136;77;1.11;1;55.54;23.52
2025-10-09 16:58:37;29.52;73212.00;39.00;1005.00;136;77;1.11;1;55.54;23.52
2025-10-09 16:58:38;29.51;72392.00;39.00;1005.00;136;77;1.11;1;55.54;23.51
2025-10-09 16:58:39;29.51;72831.00;39.00;1004.98;131;75;1.07;1;55.54;23.51
2025-10-09 16:58:40;29.51;73920.00;39.00;1004.98;131;75;1.07;1;55.54;23.51
2025-10-09 16:58:41;29.50;74510.00;39.00;1004.98;131;75;1.07;1;55.54;23.50
2025-10-09 16:58:42;29.49;73021.00;39.00;1005.00;126;73;1.03;1;55.55;23.49
2025-10-09 16:58:43;29.49;74312.00;39.00;1005.00;126;73;1.03;1;55.55;23.49
2025-10-09 16:58:44;29.49;73725.00;39.00;1004.98;126;73;1.03;1;55.55;23.49
2025-10-09 16:58:45;29.49;72957.00;39.00;1004.98;126;73;1.03;1;55.55;23.49
2025-10-09 16:58:46;29.49;72329.00;39.00;1005.00;124;72;1.02;1;55.55;23.49
2025-10-09 16:58:47;29.48;73661.00;39.00;1005.00;124;72;1.02;1;55.55;23.48
2025-10-09 16:58:48;29.48;72705.00;39.00;1005.01;124;72;1.02;1;55.55;23.48
2025-10-09 16:58:49;29.48;73148.00;39.00;1005.00;123;71;1.01;1;55.55;23.48
2025-10-09 16:58:50;29.47;72579.00;39.00;1005.01;123;71;1.01;1;55.55;23.47
2025-10-09 16:58:51;29.47;71774.00;39.00;1005.01;123;71;1.01;1;55.55;23.47
2025-10-09 16:58:52;29.47;72642.00;39.00;1005.00;127;73;1.04;1;55.55;23.47
2025-10-09 16:58:53;29.46;72020.00;39.00;1004.98;127;73;1.04;1;55.55;23.46
2025-10-09 16:58:54;29.47;72205.00;39.00;1005.00;127;73;1.04;1;55.55;23.47
2025-10-09 16:58:55;29.46;71896.00;39.00;1005.00;128;74;1.05;1;55.55;23.46
2025-10-09 16:58:56;29.45;73275.00;39.00;1005.00;128;74;1.05;1;55.55;23.45
2025-10-09 16:58:57;29.45;71712.00;39.00;1005.01;128;74;1.05;1;55.55;23.45
2025-10-09 16:58:58;29.45;71651.00;39.00;1005.00;131;75;1.07;1;55.55;23.45
2025-10-09 16:58:59;29.44;72329.00;39.00;1005.00;131;75;1.07;1;55.55;23.44
2025-10-09 16:59:00;29.44;71529.00;39.00;1005.00;131;75;1.07;1;55.55;23.44
2025-10-09 16:59:01;29.44;72579.00;39.00;1005.01;134;77;1.09;1;55.55;23.44
2025-10-09 16:59:02;29.44;72454.00;39.00;1005.01;134;77;1.09;1;55.55;23.44
2025-10-09 16:59:03;29.43;72143.00;39.00;1005.04;134;77;1.09;1;55.55;23.43
2025-10-09 16:59:04;29.42;73725.00;39.00;1005.00;134;76;1.09;1;55.56;23.42
2025-10-09 16:59:05;29.42;73212.00;39.00;1005.01;134;76;1.09;1;55.56;23.42
2025-10-09 16:59:06;29.41;74181.00;39.00;1005.01;134;76;1.09;1;55.56;23.41
2025-10-09 16:59:07;29.41;73021.00;39.00;1005.01;124;72;1.02;1;55.56;23.41
2025-10-09 16:59:08;29.40;73596.00;39.00;1005.01;124;72;1.02;1;55.56;23.40
2025-10-09 16:59:09;29.40;74246.00;39.00;1005.00;124;72;1.02;1;55.56;23.40
2025-10-09 16:59:10;29.39;74908.00;39.00;1005.01;117;69;0.97;1;55.56;23.39
2025-10-09 16:59:11;29.40;73855.00;39.00;1005.04;117;69;0.97;1;55.56;23.40
2025-10-09 16:59:12;29.39;74708.00;39.00;1005.01;117;69;0.97;1;55.56;23.39
2025-10-09 16:59:13;29.39;73661.00;39.00;1005.00;111;65;0.92;1;55.56;23.39
2025-10-09 16:59:14;29.39;73275.00;39.00;1005.01;111;65;0.92;1;55.56;23.39
2025-10-09 16:59:15;29.38;73661.00;39.00;1005.01;111;65;0.92;1;55.56;23.38
2025-10-09 16:59:16;29.38;73275.00;39.00;1005.04;111;66;0.93;1;55.56;23.38
2025-10-09 16:59:17;29.37;73021.00;39.00;1005.04;111;66;0.93;1;55.56;23.37
2025-10-09 16:59:18;29.37;73021.00;39.00;1005.04;111;66;0.93;1;55.56;23.37
2025-10-09 16:59:19;29.37;72768.00;39.00;1005.04;113;66;0.94;1;55.56;23.37
2025-10-09 16:59:20;29.37;72768.00;39.00;1005.01;113;66;0.94;1;55.56;23.37
2025-10-09 16:59:21;29.36;73212.00;39.00;1005.01;113;66;0.94;1;55.56;23.36
2025-10-09 16:59:22;29.36;72579.00;39.00;1005.01;115;67;0.95;1;55.56;23.36
2025-10-09 16:59:23;29.36;71958.00;39.00;1005.04;115;67;0.95;1;55.56;23.36
2025-10-09 16:59:24;29.36;72454.00;39.00;1005.04;115;67;0.95;1;55.56;23.36
2025-10-09 16:59:25;29.35;72705.00;39.00;1005.04;116;68;0.96;1;55.57;23.35
2025-10-09 16:59:26;29.35;73148.00;39.00;1005.04;116;68;0.96;1;55.57;23.35
2025-10-09 16:59:27;29.35;73212.00;39.00;1005.04;116;68;0.96;1;55.57;23.35
2025-10-09 16:59:28;29.35;72831.00;39.00;1005.00;117;68;0.97;1;55.57;23.35
2025-10-09 16:59:29;29.34;71835.00;39.00;1005.00;117;68;0.97;1;55.57;23.34
2025-10-09 16:59:30;29.34;72020.00;39.00;1005.01;117;68;0.97;1;55.57;23.34
2025-10-09 16:59:31;29.33;72768.00;39.00;1005.04;123;71;1.01;1;55.57;23.33
2025-10-09 16:59:32;29.33;72205.00;39.00;1005.01;123;71;1.01;1;55.57;23.33
2025-10-09 16:59:33;29.33;72020.00;39.00;1005.01;123;71;1.01;1;55.57;23.33
2025-10-09 16:59:34;29.32;73148.00;39.00;1005.00;128;74;1.04;1;55.57;23.32
2025-10-09 16:59:35;29.32;71712.00;39.00;1005.00;128;74;1.04;1;55.57;23.32
2025-10-09 16:59:36;29.32;72454.00;39.00;1005.00;128;74;1.04;1;55.57;23.32
2025-10-09 16:59:37;29.31;72392.00;39.00;1005.00;131;75;1.07;1;55.57;23.31
2025-10-09 16:59:38;29.31;73275.00;39.00;1005.00;131;75;1.07;1;55.57;23.31
2025-10-09 16:59:39;29.31;72831.00;39.00;1005.01;131;75;1.07;1;55.57;23.31
2025-10-09 16:59:40;29.31;72642.00;39.00;1005.01;129;74;1.06;1;55.57;23.31
2025-10-09 16:59:41;29.31;72642.00;39.00;1005.01;129;74;1.06;1;55.57;23.31
2025-10-09 16:59:42;29.31;73725.00;39.00;1005.01;129;74;1.06;1;55.57;23.31
2025-10-09 16:59:43;29.31;73275.00;39.00;1005.04;123;71;1.01;1;55.57;23.31
2025-10-09 16:59:44;29.30;74181.00;39.00;1005.00;123;71;1.01;1;55.57;23.30
2025-10-09 16:59:45;29.30;74246.00;39.00;1005.00;123;71;1.01;1;55.57;23.30
2025-10-09 16:59:46;29.29;73275.00;39.00;1005.01;118;69;0.98;1;55.57;23.29
2025-10-09 16:59:47;29.29;73148.00;39.00;1005.01;118;69;0.98;1;55.57;23.29
2025-10-09 16:59:48;29.28;74378.00;39.00;1005.00;118;69;0.98;1;55.58;23.28
2025-10-09 16:59:49;29.28;73661.00;39.00;1005.01;111;66;0.93;1;55.58;23.28
2025-10-09 16:59:50;29.28;74908.00;39.00;1005.00;111;66;0.93;1;55.58;23.28
2025-10-09 16:59:51;29.28;74246.00;39.00;1005.00;111;66;0.93;1;55.58;23.28
2025-10-09 16:59:52;29.28;73725.00;39.00;1005.01;109;65;0.91;1;55.58;23.28
2025-10-09 16:59:53;29.28;73985.00;39.00;1005.01;109;65;0.91;1;55.58;23.28
2025-10-09 16:59:54;29.28;75923.00;39.00;1005.00;109;65;0.91;1;55.58;23.28
2025-10-09 16:59:55;29.27;74246.00;39.00;1005.01;112;66;0.93;1;55.58;23.27
2025-10-09 16:59:56;29.27;73985.00;39.00;1005.01;112;66;0.93;1;55.58;23.27
2025-10-09 16:59:57;29.27;72454.00;39.00;1005.00;112;66;0.93;1;55.58;23.27
2025-10-09 16:59:58;29.26;73596.00;39.00;1004.98;112;66;0.93;1;55.58;23.26
2025-10-09 16:59:59;29.26;74115.00;39.00;1005.00;112;66;0.93;1;55.58;23.26
2025-10-09 17:00:00;29.26;73532.00;39.00;1005.00;112;66;0.93;1;55.58;23.26
2025-10-09 17:00:01;29.26;72831.00;39.00;1005.00;118;69;0.97;1;55.58;23.26
2025-10-09 17:00:02;29.26;72894.00;39.00;1005.00;118;69;0.97;1;55.58;23.26
2025-10-09 17:00:03;29.26;72329.00;39.00;1005.01;118;69;0.97;1;55.58;23.26
2025-10-09 17:00:04;29.26;72517.00;39.00;1005.00;125;72;1.02;1;55.58;23.26
2025-10-09 17:00:05;29.26;72081.00;39.00;1005.01;125;72;1.02;1;55.58;23.26
2025-10-09 17:00:06;29.25;72081.00;40.00;1004.98;125;72;1.02;1;57.01;23.25
2025-10-09 17:00:07;29.25;71958.00;40.00;1005.01;125;72;1.03;1;57.01;23.25
2025-10-09 17:00:08;29.25;71408.00;40.00;1005.00;125;72;1.03;1;57.01;23.25
2025-10-09 17:00:09;29.24;71408.00;40.00;1005.00;125;72;1.03;1;57.01;23.24
2025-10-09 17:00:10;29.24;71958.00;40.00;1005.00;132;76;1.08;1;57.01;23.24
2025-10-09 17:00:11;29.24;72205.00;40.00;1005.00;132;76;1.08;1;57.01;23.24
2025-10-09 17:00:12;29.23;72642.00;40.00;1005.00;132;76;1.08;1;57.01;23.23
2025-10-09 17:00:13;29.23;72705.00;40.00;1005.01;132;75;1.08;1;57.01;23.23
2025-10-09 17:00:14;29.23;73275.00;40.00;1005.00;132;75;1.08;1;57.01;23.23
2025-10-09 17:00:15;29.23;72642.00;40.00;1004.98;132;75;1.08;1;57.01;23.23
2025-10-09 17:00:16;29.23;72205.00;40.00;1005.00;131;75;1.06;1;57.01;23.23
2025-10-09 17:00:17;29.22;71958.00;40.00;1005.00;131;75;1.06;1;57.01;23.22
2025-10-09 17:00:18;29.22;72329.00;40.00;1005.00;131;75;1.06;1;57.01;23.22
2025-10-09 17:00:19;29.22;71835.00;40.00;1005.00;134;76;1.09;1;57.01;23.22
2025-10-09 17:00:20;29.22;72579.00;40.00;1005.00;134;76;1.09;1;57.01;23.22
2025-10-09 17:00:21;29.17;72143.00;40.00;1005.00;134;76;1.09;1;57.02;23.17
2025-10-09 17:00:22;29.14;71712.00;40.00;1004.98;135;77;1.10;1;57.02;23.14
2025-10-09 17:00:23;29.14;71590.00;40.00;1005.00;135;77;1.10;1;57.02;23.14
2025-10-09 17:00:24;29.13;71712.00;40.00;1005.00;135;77;1.10;1;57.02;23.13
2025-10-09 17:00:25;29.13;71590.00;40.00;1005.01;133;76;1.08;1;57.02;23.13
2025-10-09 17:00:26;29.13;72020.00;40.00;1005.01;133;76;1.08;1;57.02;23.13
2025-10-09 17:00:27;29.13;71958.00;40.00;1005.01;133;76;1.08;1;57.02;23.13
2025-10-09 17:00:28;29.13;71590.00;40.00;1005.01;135;77;1.10;1;57.02;23.13
2025-10-09 17:00:29;29.13;71835.00;40.00;1005.01;135;77;1.10;1;57.02;23.13
2025-10-09 17:00:30;29.13;72143.00;40.00;1004.98;135;77;1.10;1;57.02;23.13
2025-10-09 17:00:31;29.12;72205.00;40.00;1004.98;135;77;1.10;1;57.03;23.12
2025-10-09 17:00:32;29.12;72329.00;40.00;1004.98;135;77;1.10;1;57.03;23.12
2025-10-09 17:00:33;29.12;72392.00;40.00;1004.98;135;77;1.10;1;57.03;23.12
2025-10-09 17:00:34;29.12;72894.00;40.00;1004.98;134;76;1.09;1;57.03;23.12
2025-10-09 17:00:35;29.12;72579.00;40.00;1004.98;134;76;1.09;1;57.03;23.12
2025-10-09 17:00:36;29.11;73725.00;40.00;1004.98;134;76;1.09;1;57.03;23.11
2025-10-09 17:00:37;29.11;72894.00;40.00;1004.98;129;74;1.05;1;57.03;23.11
2025-10-09 17:00:38;29.11;72957.00;40.00;1005.00;129;74;1.05;1;57.03;23.11
2025-10-09 17:00:39;29.11;72957.00;40.00;1005.00;129;74;1.05;1;57.03;23.11
2025-10-09 17:00:40;29.11;73790.00;40.00;1004.95;123;71;1.01;1;57.03;23.11
2025-10-09 17:00:41;29.10;73790.00;40.00;1004.95;123;71;1.01;1;57.03;23.10
2025-10-09 17:00:42;29.10;73467.00;40.00;1004.95;123;71;1.01;1;57.03;23.10
2025-10-09 17:00:43;29.10;73148.00;40.00;1004.95;122;71;1.00;1;57.03;23.10
2025-10-09 17:00:44;29.10;73725.00;40.00;1004.95;122;71;1.00;1;57.03;23.10
2025-10-09 17:00:45;29.10;73275.00;40.00;1004.98;122;71;1.00;1;57.03;23.10
2025-10-09 17:00:46;29.10;73532.00;40.00;1004.98;122;71;1.00;1;57.03;23.10
2025-10-09 17:00:47;29.10;73148.00;40.00;1004.98;122;71;1.00;1;57.03;23.10
2025-10-09 17:00:48;29.09;73532.00;40.00;1004.98;122;71;1.00;1;57.03;23.09
2025-10-09 17:00:49;29.10;73403.00;40.00;1004.98;120;70;0.99;1;57.03;23.10
2025-10-09 17:00:50;29.09;73532.00;40.00;1004.98;120;70;0.99;1;57.03;23.09
2025-10-09 17:00:51;29.09;73275.00;40.00;1004.98;120;70;0.99;1;57.03;23.09
2025-10-09 17:00:52;29.09;73212.00;40.00;1005.00;120;70;0.98;1;57.03;23.09
2025-10-09 17:00:53;29.09;73725.00;40.00;1004.98;120;70;0.98;1;57.03;23.09
2025-10-09 17:00:54;29.08;73661.00;40.00;1004.95;120;70;0.98;1;57.03;23.08
2025-10-09 17:00:55;29.08;72957.00;40.00;1004.95;121;70;0.99;1;57.03;23.08
2025-10-09 17:00:56;29.08;72831.00;40.00;1004.95;121;70;0.99;1;57.03;23.08
2025-10-09 17:00:57;29.08;73403.00;40.00;1004.95;121;70;0.99;1;57.03;23.08
2025-10-09 17:00:58;29.08;72579.00;40.00;1004.98;123;71;1.01;1;57.03;23.08
2025-10-09 17:00:59;29.07;72642.00;40.00;1004.98;123;71;1.01;1;57.03;23.07
2025-10-09 17:01:00;29.07;72894.00;40.00;1005.00;123;71;1.01;1;57.03;23.07
2025-10-09 17:01:01;29.07;73084.00;40.00;1004.98;121;70;0.99;1;57.03;23.07
2025-10-09 17:01:02;29.07;72957.00;40.00;1005.00;121;70;0.99;1;57.03;23.07
2025-10-09 17:01:03;29.07;74181.00;40.00;1005.00;121;70;0.99;1;57.03;23.07
2025-10-09 17:01:04;29.07;74444.00;40.00;1004.95;115;67;0.95;1;57.03;23.07
2025-10-09 17:01:05;29.06;73855.00;40.00;1004.95;115;67;0.95;1;57.03;23.06
2025-10-09 17:01:06;29.06;73855.00;40.00;1004.95;115;67;0.95;1;57.03;23.06
2025-10-09 17:01:07;29.06;74642.00;40.00;1004.95;110;65;0.92;1;57.03;23.06
2025-10-09 17:01:08;29.05;74708.00;40.00;1004.98;110;65;0.92;1;57.04;23.05
2025-10-09 17:01:09;29.06;74642.00;40.00;1004.95;110;65;0.92;1;57.03;23.06
2025-10-09 17:01:10;29.06;74576.00;40.00;1004.98;107;63;0.90;1;57.03;23.06
2025-10-09 17:01:11;29.06;74975.00;40.00;1004.98;107;63;0.90;1;57.03;23.06
2025-10-09 17:01:12;29.05;74975.00;40.00;1004.98;107;63;0.90;1;57.04;23.05
2025-10-09 17:01:13;29.05;75311.00;40.00;1004.98;107;63;0.90;1;57.04;23.05
2025-10-09 17:01:14;29.05;75109.00;40.00;1004.98;101;61;0.86;1;57.04;23.05
2025-10-09 17:01:15;29.05;75855.00;40.00;1004.98;101;61;0.86;1;57.04;23.05
2025-10-09 17:01:16;29.05;75514.00;40.00;1004.95;101;61;0.86;1;57.04;23.05
2025-10-09 17:01:17;29.05;75042.00;40.00;1004.95;96;59;0.83;1;57.04;23.05
2025-10-09 17:01:18;29.05;74841.00;40.00;1004.95;96;59;0.83;1;57.04;23.05
2025-10-09 17:01:19;29.05;75311.00;40.00;1004.95;96;59;0.83;1;57.04;23.05
2025-10-09 17:01:20;29.04;75855.00;40.00;1004.95;94;58;0.82;1;57.04;23.04
2025-10-09 17:01:21;29.04;75650.00;40.00;1004.95;94;58;0.82;1;57.04;23.04
2025-10-09 17:01:22;29.04;75855.00;40.00;1004.95;94;58;0.82;1;57.04;23.04
2025-10-09 17:01:23;29.04;76060.00;40.00;1004.98;90;56;0.80;1;57.04;23.04
2025-10-09 17:01:24;29.03;76406.00;40.00;1004.98;90;56;0.80;1;57.04;23.03
2025-10-09 17:01:25;29.03;75923.00;40.00;1004.98;90;56;0.80;1;57.04;23.03
2025-10-09 17:01:26;29.03;76755.00;40.00;1004.94;87;54;0.78;1;57.04;23.03
2025-10-09 17:01:27;29.03;76406.00;40.00;1004.98;87;54;0.78;1;57.04;23.03
2025-10-09 17:01:28;29.03;77391.00;40.00;1005.00;87;54;0.78;1;57.04;23.03
2025-10-09 17:01:29;29.03;76966.00;40.00;1004.95;79;50;0.73;1;57.04;23.03
2025-10-09 17:01:30;29.02;76755.00;40.00;1004.95;79;50;0.73;1;57.04;23.02
2025-10-09 17:01:31;29.02;77107.00;40.00;1004.95;79;50;0.73;1;57.04;23.02
2025-10-09 17:01:32;29.01;77107.00;40.00;1004.98;74;48;0.71;1;57.04;23.01
2025-10-09 17:01:33;29.02;77749.00;40.00;1004.98;74;48;0.71;1;57.04;23.02
2025-10-09 17:01:34;29.02;77391.00;40.00;1004.98;74;48;0.71;1;57.04;23.02
2025-10-09 17:01:35;29.01;77320.00;40.00;1004.95;70;46;0.69;1;57.04;23.01
2025-10-09 17:01:36;29.01;77178.00;40.00;1004.95;70;46;0.69;1;57.04;23.01
2025-10-09 17:01:37;29.00;76966.00;40.00;1004.95;70;46;0.69;1;57.04;23.00
2025-10-09 17:01:38;29.00;77178.00;40.00;1004.95;69;46;0.68;1;57.04;23.00
2025-10-09 17:01:39;29.00;76755.00;40.00;1004.95;69;46;0.68;1;57.04;23.00
2025-10-09 17:01:40;29.00;76337.00;40.00;1004.95;69;46;0.68;1;57.04;23.00
2025-10-09 17:01:41;29.00;76615.00;40.00;1004.95;70;46;0.69;1;57.04;23.00
2025-10-09 17:01:42;29.00;76268.00;40.00;1004.95;70;46;0.69;1;57.04;23.00
2025-10-09 17:01:43;29.00;76896.00;40.00;1004.98;70;46;0.69;1;57.04;23.00
2025-10-09 17:01:44;28.99;76545.00;40.00;1004.98;69;45;0.68;1;57.04;22.99
2025-10-09 17:01:45;28.99;76406.00;40.00;1004.98;69;45;0.68;1;57.04;22.99
2025-10-09 17:01:46;29.00;76476.00;40.00;1004.98;69;45;0.68;1;57.04;23.00
2025-10-09 17:01:47;28.99;76476.00;40.00;1004.98;69;46;0.68;1;57.04;22.99
2025-10-09 17:01:48;28.99;76406.00;40.00;1004.94;69;46;0.68;1;57.04;22.99
2025-10-09 17:01:49;28.99;76129.00;40.00;1004.95;69;46;0.68;1;57.04;22.99
2025-10-09 17:01:50;28.98;76129.00;40.00;1004.95;72;47;0.70;1;57.05;22.98
2025-10-09 17:01:51;28.99;76198.00;40.00;1004.98;72;47;0.70;1;57.04;22.99
2025-10-09 17:01:52;28.98;76406.00;40.00;1004.95;72;47;0.70;1;57.05;22.98
2025-10-09 17:01:53;28.98;76406.00;40.00;1004.95;74;48;0.71;1;57.05;22.98
2025-10-09 17:01:54;28.98;76615.00;40.00;1004.95;74;48;0.71;1;57.05;22.98
2025-10-09 17:01:55;28.98;76545.00;40.00;1004.98;74;48;0.71;1;57.05;22.98
2025-10-09 17:01:56;28.97;77249.00;40.00;1004.98;73;47;0.70;1;57.05;22.97
2025-10-09 17:01:57;28.97;76825.00;40.00;1004.94;73;47;0.70;1;57.05;22.97
2025-10-09 17:01:58;28.97;77037.00;40.00;1004.95;73;47;0.70;1;57.05;22.97
2025-10-09 17:01:59;28.97;77391.00;40.00;1004.95;71;46;0.69;1;57.05;22.97
2025-10-09 17:02:00;28.96;77821.00;40.00;1004.95;71;46;0.69;1;57.05;22.96
2025-10-09 17:02:01;28.96;77463.00;40.00;1004.95;71;46;0.69;1;57.05;22.96
2025-10-09 17:02:02;28.96;77606.00;40.00;1004.95;68;45;0.68;1;57.05;22.96
2025-10-09 17:02:03;28.96;78622.00;40.00;1004.95;68;45;0.68;1;57.05;22.96
2025-10-09 17:02:04;28.96;77749.00;40.00;1004.98;68;45;0.68;1;57.05;22.96
2025-10-09 17:02:05;28.96;78038.00;40.00;1004.95;64;43;0.66;1;57.05;22.96
2025-10-09 17:02:06;28.96;78183.00;40.00;1004.98;64;43;0.66;1;57.05;22.96
2025-10-09 17:02:07;28.96;77966.00;40.00;1004.98;64;43;0.66;1;57.05;22.96
2025-10-09 17:02:08;28.95;78622.00;40.00;1004.98;61;42;0.64;1;57.05;22.95
2025-10-09 17:02:09;28.94;78183.00;40.00;1004.95;61;42;0.64;1;57.05;22.94
2025-10-09 17:02:10;28.94;78183.00;40.00;1004.95;61;42;0.64;1;57.05;22.94
2025-10-09 17:02:11;28.94;77966.00;40.00;1004.94;58;40;0.63;1;57.05;22.94
2025-10-09 17:02:12;28.94;78402.00;40.00;1004.95;58;40;0.63;1;57.05;22.94
2025-10-09 17:02:13;28.94;77391.00;40.00;1004.95;58;40;0.63;1;57.05;22.94
2025-10-09 17:02:14;28.94;77107.00;40.00;1004.95;59;41;0.64;1;57.05;22.94
2025-10-09 17:02:15;28.94;78769.00;40.00;1004.98;59;41;0.64;1;57.05;22.94
2025-10-09 17:02:16;28.94;77463.00;40.00;1004.95;59;41;0.64;1;57.05;22.94
2025-10-09 17:02:17;28.94;77320.00;40.00;1004.95;59;41;0.64;1;57.05;22.94
2025-10-09 17:02:18;28.94;77821.00;40.00;1004.98;59;41;0.64;1;57.05;22.94
2025-10-09 17:02:19;28.93;77966.00;40.00;1004.98;59;41;0.64;1;57.05;22.93
2025-10-09 17:02:20;28.93;78110.00;40.00;1004.98;56;39;0.62;1;57.05;22.93
2025-10-09 17:02:21;28.93;78256.00;40.00;1004.94;56;39;0.62;1;57.05;22.93
2025-10-09 17:02:22;28.93;78475.00;40.00;1004.94;56;39;0.62;1;57.05;22.93
2025-10-09 17:02:23;28.93;78769.00;40.00;1004.95;53;38;0.61;1;57.05;22.93
2025-10-09 17:02:24;28.92;78696.00;40.00;1004.95;53;38;0.61;1;57.06;22.92
2025-10-09 17:02:25;28.92;78696.00;40.00;1004.95;53;38;0.61;1;57.06;22.92
2025-10-09 17:02:26;28.92;78769.00;40.00;1004.95;49;36;0.59;1;57.06;22.92
2025-10-09 17:02:27;28.93;79215.00;40.00;1004.95;49;36;0.59;1;57.05;22.93
2025-10-09 17:02:28;28.92;79364.00;40.00;1004.95;49;36;0.59;1;57.06;22.92
2025-10-09 17:02:29;28.92;79590.00;40.00;1004.95;43;33;0.57;1;57.06;22.92
2025-10-09 17:02:30;28.92;80274.00;40.00;1004.95;43;33;0.57;1;57.06;22.92
2025-10-09 17:02:31;28.92;79741.00;40.00;1004.95;43;33;0.57;1;57.06;22.92
2025-10-09 17:02:32;28.92;79892.00;40.00;1004.98;39;31;0.55;1;57.06;22.92
2025-10-09 17:02:33;28.92;80121.00;40.00;1004.95;39;31;0.55;1;57.06;22.92
2025-10-09 17:02:34;28.91;80274.00;40.00;1004.95;39;31;0.55;1;57.06;22.91
2025-10-09 17:02:35;28.92;79892.00;40.00;1004.95;35;29;0.53;1;57.06;22.92
2025-10-09 17:02:36;28.91;80274.00;40.00;1004.98;35;29;0.53;1;57.06;22.91
2025-10-09 17:02:37;28.92;80197.00;40.00;1004.95;35;29;0.53;1;57.06;22.92
2025-10-09 17:02:38;28.92;80351.00;40.00;1004.98;32;28;0.52;1;57.06;22.92
2025-10-09 17:02:39;28.91;80814.00;40.00;1004.98;32;28;0.52;1;57.06;22.91
2025-10-09 17:02:40;28.91;81917.00;40.00;1004.98;32;28;0.52;1;57.06;22.91
2025-10-09 17:02:41;28.90;80892.00;40.00;1004.91;29;27;0.51;1;57.06;22.90
2025-10-09 17:02:42;28.91;81362.00;40.00;1004.95;29;27;0.51;1;57.06;22.91
2025-10-09 17:02:43;28.91;81520.00;40.00;1004.91;29;27;0.51;1;57.06;22.91
2025-10-09 17:02:44;28.90;81599.00;40.00;1004.91;25;25;0.49;1;57.06;22.90
2025-10-09 17:02:45;28.90;81678.00;40.00;1004.91;25;25;0.49;1;57.06;22.90
2025-10-09 17:02:46;28.91;80892.00;40.00;1004.91;25;25;0.49;1;57.06;22.91
2025-10-09 17:02:47;28.90;81205.00;40.00;1004.94;23;24;0.49;1;57.06;22.90
2025-10-09 17:02:48;28.90;81283.00;40.00;1004.91;23;24;0.49;1;57.06;22.90
2025-10-09 17:02:49;28.90;81283.00;40.00;1004.94;23;24;0.49;1;57.06;22.90
2025-10-09 17:02:50;28.90;81441.00;40.00;1004.94;21;23;0.48;1;57.06;22.90
2025-10-09 17:02:51;28.90;80428.00;40.00;1004.94;21;23;0.48;1;57.06;22.90
2025-10-09 17:02:52;28.90;81283.00;40.00;1004.94;21;23;0.48;1;57.06;22.90
2025-10-09 17:02:53;28.89;81126.00;40.00;1004.91;21;23;0.48;1;57.06;22.89
2025-10-09 17:02:54;28.89;81362.00;40.00;1004.94;21;23;0.48;1;57.06;22.89
2025-10-09 17:02:55;28.90;81758.00;40.00;1004.94;21;23;0.48;1;57.06;22.90
2025-10-09 17:02:56;28.89;81678.00;40.00;1004.94;18;21;0.47;1;57.06;22.89
2025-10-09 17:02:57;28.89;82399.00;40.00;1004.94;18;21;0.47;1;57.06;22.89
2025-10-09 17:02:58;28.89;81758.00;40.00;1004.95;18;21;0.47;1;57.06;22.89
2025-10-09 17:02:59;28.89;81758.00;40.00;1004.94;18;21;0.47;1;57.06;22.89
2025-10-09 17:03:00;28.89;81678.00;40.00;1004.91;18;21;0.47;1;57.06;22.89
2025-10-09 17:03:01;28.88;81678.00;40.00;1004.91;18;21;0.47;1;57.06;22.88
2025-10-09 17:03:02;28.89;81997.00;40.00;1004.91;17;21;0.47;1;57.06;22.89
2025-10-09 17:03:03;28.88;81917.00;40.00;1004.94;17;21;0.47;1;57.06;22.88
2025-10-09 17:03:04;28.89;81917.00;40.00;1004.91;17;21;0.47;1;57.06;22.89
2025-10-09 17:03:05;28.87;81997.00;40.00;1004.94;17;21;0.47;1;57.06;22.87
2025-10-09 17:03:06;28.88;81917.00;40.00;1004.91;17;21;0.47;1;57.06;22.88
2025-10-09 17:03:07;28.88;82805.00;40.00;1004.94;17;21;0.47;1;57.06;22.88
2025-10-09 17:03:08;28.87;82157.00;40.00;1004.94;16;20;0.47;1;57.06;22.87
2025-10-09 17:03:09;28.87;81678.00;40.00;1004.94;16;20;0.47;1;57.06;22.87
2025-10-09 17:03:10;28.87;82480.00;40.00;1004.91;16;20;0.47;1;57.06;22.87
2025-10-09 17:03:11;28.86;82238.00;40.00;1004.91;16;20;0.46;1;57.06;22.86
2025-10-09 17:03:12;28.87;82642.00;40.00;1004.91;16;20;0.46;1;57.06;22.87
2025-10-09 17:03:13;28.87;82723.00;40.00;1004.95;16;20;0.46;1;57.06;22.87
2025-10-09 17:03:14;28.86;83380.00;40.00;1004.91;13;18;0.45;1;57.06;22.86
2025-10-09 17:03:15;28.86;83215.00;40.00;1004.94;13;18;0.45;1;57.06;22.86
2025-10-09 17:03:16;28.86;83132.00;40.00;1004.95;13;18;0.45;1;57.06;22.86
2025-10-09 17:03:17;28.85;83132.00;40.00;1004.91;11;18;0.45;1;57.07;22.85
2025-10-09 17:03:18;28.85;83879.00;40.00;1004.94;11;18;0.45;1;57.07;22.85
2025-10-09 17:03:19;28.85;82968.00;40.00;1004.91;11;18;0.45;1;57.07;22.85
2025-10-09 17:03:20;28.85;83132.00;40.00;1004.95;12;18;0.45;1;57.07;22.85
2025-10-09 17:03:21;28.84;82886.00;40.00;1004.94;12;18;0.45;1;57.07;22.84
2025-10-09 17:03:22;28.84;84554.00;40.00;1004.94;12;18;0.45;1;57.07;22.84
2025-10-09 17:03:23;28.84;83050.00;40.00;1004.94;12;18;0.45;1;57.07;22.84
2025-10-09 17:03:24;28.83;83546.00;40.00;1004.94;12;18;0.45;1;57.07;22.83
2025-10-09 17:03:25;28.83;83132.00;40.00;1004.94;12;18;0.45;1;57.07;22.83
2025-10-09 17:03:26;28.84;83879.00;40.00;1004.94;11;17;0.44;1;57.07;22.84
2025-10-09 17:03:27;28.83;83546.00;40.00;1004.95;11;17;0.44;1;57.07;22.83
2025-10-09 17:03:28;28.83;83380.00;40.00;1004.95;11;17;0.44;1;57.07;22.83
2025-10-09 17:03:29;28.83;83795.00;40.00;1004.94;10;17;0.44;1;57.07;22.83
2025-10-09 17:03:30;28.83;83463.00;40.00;1004.94;10;17;0.44;1;57.07;22.83
2025-10-09 17:03:31;28.82;83546.00;40.00;1004.94;10;17;0.44;1;57.07;22.82
2025-10-09 17:03:32;28.82;83380.00;40.00;1004.95;12;18;0.45;1;57.07;22.82
2025-10-09 17:03:33;28.82;83297.00;40.00;1004.94;12;18;0.45;1;57.07;22.82
2025-10-09 17:03:34;28.82;83629.00;40.00;1004.94;12;18;0.45;1;57.07;22.82
2025-10-09 17:03:35;28.82;83380.00;40.00;1004.95;12;18;0.45;1;57.07;22.82
2025-10-09 17:03:36;28.82;83463.00;40.00;1004.95;14;19;0.45;1;57.07;22.82
2025-10-09 17:03:37;28.82;83712.00;40.00;1004.95;14;19;0.45;1;57.07;22.82
2025-10-09 17:03:38;28.81;83546.00;40.00;1004.95;14;19;0.45;1;57.07;22.81
2025-10-09 17:03:39;28.81;83879.00;40.00;1004.95;15;19;0.46;1;57.07;22.81
2025-10-09 17:03:40;28.82;83629.00;40.00;1004.94;15;19;0.46;1;57.07;22.82
2025-10-09 17:03:41;28.81;83712.00;40.00;1004.94;15;19;0.46;1;57.07;22.81
2025-10-09 17:03:42;28.80;84300.00;40.00;1004.94;15;20;0.46;1;57.07;22.80
2025-10-09 17:03:43;28.80;83879.00;40.00;1004.95;15;20;0.46;1;57.07;22.80
2025-10-09 17:03:44;28.80;83795.00;40.00;1004.94;15;20;0.46;1;57.07;22.80
2025-10-09 17:03:45;28.80;83963.00;40.00;1004.95;16;20;0.46;1;57.07;22.80
2025-10-09 17:03:46;28.80;83050.00;40.00;1004.95;16;20;0.46;1;57.07;22.80
2025-10-09 17:03:47;28.80;83132.00;40.00;1004.95;16;20;0.46;1;57.07;22.80
2025-10-09 17:03:48;28.80;83297.00;40.00;1004.95;19;21;0.47;1;57.07;22.80
2025-10-09 17:03:49;28.79;83132.00;40.00;1004.95;19;21;0.47;1;57.07;22.79
2025-10-09 17:03:50;28.78;82968.00;40.00;1004.95;19;21;0.47;1;57.08;22.78
2025-10-09 17:03:51;28.79;83132.00;40.00;1004.95;22;23;0.49;1;57.07;22.79
2025-10-09 17:03:52;28.78;82968.00;40.00;1004.98;22;23;0.49;1;57.08;22.78
2025-10-09 17:03:53;28.79;83050.00;40.00;1004.95;22;23;0.49;1;57.07;22.79
2025-10-09 17:03:54;28.79;83546.00;40.00;1004.98;24;24;0.49;1;57.07;22.79
2025-10-09 17:03:55;28.79;82561.00;40.00;1004.94;24;24;0.49;1;57.07;22.79
2025-10-09 17:03:56;28.78;82805.00;40.00;1004.94;24;24;0.49;1;57.08;22.78
2025-10-09 17:03:57;28.78;83050.00;40.00;1004.94;26;25;0.50;1;57.08;22.78
2025-10-09 17:03:58;28.78;82886.00;40.00;1004.94;26;25;0.50;1;57.08;22.78
2025-10-09 17:03:59;28.78;82886.00;40.00;1004.95;26;25;0.50;1;57.08;22.78
2025-10-09 17:04:00;28.78;83050.00;40.00;1004.94;27;26;0.51;1;57.08;22.78
2025-10-09 17:04:01;28.78;83463.00;40.00;1004.94;27;26;0.51;1;57.08;22.78
2025-10-09 17:04:02;28.78;82886.00;40.00;1004.95;27;26;0.51;1;57.08;22.78
2025-10-09 17:04:03;28.77;82968.00;40.00;1004.94;28;26;0.51;1;57.08;22.77
2025-10-09 17:04:04;28.77;83050.00;40.00;1004.95;28;26;0.51;1;57.08;22.77
2025-10-09 17:04:05;28.77;82886.00;40.00;1004.95;28;26;0.51;1;57.08;22.77
2025-10-09 17:04:06;28.77;83380.00;40.00;1004.95;26;26;0.50;1;57.08;22.77
2025-10-09 17:04:07;28.77;83463.00;40.00;1004.95;26;26;0.50;1;57.08;22.77
2025-10-09 17:04:08;28.77;83795.00;40.00;1004.94;26;26;0.50;1;57.08;22.77
2025-10-09 17:04:09;28.77;83795.00;40.00;1004.94;25;25;0.49;1;57.08;22.77
2025-10-09 17:04:10;28.76;83879.00;40.00;1004.94;25;25;0.49;1;57.08;22.76
2025-10-09 17:04:11;28.76;84047.00;40.00;1004.94;25;25;0.49;1;57.08;22.76
2025-10-09 17:04:12;28.76;84215.00;40.00;1004.95;24;24;0.49;1;57.08;22.76
2025-10-09 17:04:13;28.76;84300.00;40.00;1004.95;24;24;0.49;1;57.08;22.76
2025-10-09 17:04:14;28.76;83546.00;40.00;1004.95;24;24;0.49;1;57.08;22.76
2025-10-09 17:04:15;28.75;84047.00;40.00;1004.95;25;25;0.49;1;57.08;22.75
2025-10-09 17:04:16;28.75;84131.00;40.00;1004.95;25;25;0.49;1;57.08;22.75
2025-10-09 17:04:17;28.76;84047.00;40.00;1004.95;25;25;0.49;1;57.08;22.76
2025-10-09 17:04:18;28.76;84300.00;40.00;1004.95;25;25;0.49;1;57.08;22.76
2025-10-09 17:04:19;28.76;83629.00;40.00;1004.95;25;25;0.49;1;57.08;22.76
2025-10-09 17:04:20;28.75;82805.00;40.00;1004.95;25;25;0.49;1;57.08;22.75
2025-10-09 17:04:21;28.76;83215.00;40.00;1004.94;28;26;0.51;1;57.08;22.76
2025-10-09 17:04:22;28.76;83546.00;40.00;1004.95;28;26;0.51;1;57.08;22.76
2025-10-09 17:04:23;28.75;83050.00;40.00;1004.95;28;26;0.51;1;57.08;22.75
2025-10-09 17:04:24;28.75;83380.00;40.00;1004.95;27;26;0.51;1;57.08;22.75
2025-10-09 17:04:25;28.75;83132.00;40.00;1004.94;27;26;0.51;1;57.08;22.75
2025-10-09 17:04:26;28.75;83546.00;40.00;1004.95;27;26;0.51;1;57.08;22.75
2025-10-09 17:04:27;28.74;82968.00;40.00;1004.95;27;26;0.51;1;57.08;22.74
2025-10-09 17:04:28;28.75;83132.00;40.00;1004.95;27;26;0.51;1;57.08;22.75
2025-10-09 17:04:29;28.75;83546.00;40.00;1004.95;27;26;0.51;1;57.08;22.75
2025-10-09 17:04:30;28.75;83297.00;40.00;1004.94;29;27;0.51;1;57.08;22.75
2025-10-09 17:04:31;28.75;82561.00;40.00;1004.94;29;27;0.51;1;57.08;22.75
2025-10-09 17:04:32;28.75;83050.00;40.00;1004.95;29;27;0.51;1;57.08;22.75
2025-10-09 17:04:33;28.75;82968.00;40.00;1004.95;30;28;0.52;1;57.08;22.75
2025-10-09 17:04:34;28.75;83463.00;40.00;1004.94;30;28;0.52;1;57.08;22.75
2025-10-09 17:04:35;28.75;83380.00;40.00;1004.94;30;28;0.52;1;57.08;22.75
2025-10-09 17:04:36;28.75;83795.00;40.00;1004.94;29;27;0.52;1;57.08;22.75
2025-10-09 17:04:37;28.74;83380.00;40.00;1004.94;29;27;0.52;1;57.08;22.74
2025-10-09 17:04:38;28.74;84300.00;40.00;1004.94;29;27;0.52;1;57.08;22.74
2025-10-09 17:04:39;28.74;83795.00;40.00;1004.94;27;26;0.50;1;57.08;22.74
2025-10-09 17:04:40;28.74;83546.00;40.00;1004.95;27;26;0.50;1;57.08;22.74
2025-10-09 17:04:41;28.74;83879.00;40.00;1004.94;27;26;0.50;1;57.08;22.74
2025-10-09 17:04:42;28.74;84384.00;40.00;1004.94;27;26;0.51;1;57.08;22.74
2025-10-09 17:04:43;28.73;84384.00;40.00;1004.94;27;26;0.51;1;57.08;22.73
2025-10-09 17:04:44;28.74;83712.00;40.00;1004.94;27;26;0.51;1;57.08;22.74
2025-10-09 17:04:45;28.73;83712.00;40.00;1004.95;27;26;0.51;1;57.08;22.73
2025-10-09 17:04:46;28.74;83712.00;40.00;1004.95;27;26;0.51;1;57.08;22.74
2025-10-09 17:04:47;28.73;83795.00;40.00;1004.95;27;26;0.51;1;57.08;22.73
2025-10-09 17:04:48;28.73;83463.00;40.00;1004.95;26;26;0.50;1;57.08;22.73
2025-10-09 17:04:49;28.73;83795.00;40.00;1004.95;26;26;0.50;1;57.08;22.73
2025-10-09 17:04:50;28.73;83380.00;40.00;1004.95;26;26;0.50;1;57.08;22.73
2025-10-09 17:04:51;28.73;83879.00;40.00;1004.95;28;26;0.51;1;57.08;22.73
2025-10-09 17:04:52;28.72;83963.00;40.00;1004.91;28;26;0.51;1;57.09;22.72
2025-10-09 17:04:53;28.73;83463.00;40.00;1004.98;28;26;0.51;1;57.08;22.73
2025-10-09 17:04:54;28.73;84384.00;40.00;1004.95;26;26;0.50;1;57.08;22.73
2025-10-09 17:04:55;28.73;84215.00;40.00;1004.94;26;26;0.50;1;57.08;22.73
2025-10-09 17:04:56;28.73;84215.00;40.00;1004.94;26;26;0.50;1;57.08;22.73
2025-10-09 17:04:57;28.73;84469.00;40.00;1004.94;26;25;0.50;1;57.08;22.73
2025-10-09 17:04:58;28.73;84131.00;40.00;1004.94;26;25;0.50;1;57.08;22.73
2025-10-09 17:04:59;28.72;84469.00;40.00;1004.94;26;25;0.50;1;57.09;22.72
2025-10-09 17:05:00;28.72;84639.00;40.00;1004.95;23;24;0.49;1;57.09;22.72
2025-10-09 17:05:01;28.72;84810.00;40.00;1004.95;23;24;0.49;1;57.09;22.72
2025-10-09 17:05:02;28.72;83712.00;40.00;1004.95;23;24;0.49;1;57.09;22.72
2025-10-09 17:05:03;28.72;84554.00;40.00;1004.95;23;24;0.49;1;57.09;22.72
2025-10-09 17:05:04;28.72;85068.00;40.00;1004.95;23;24;0.49;1;57.09;22.72
2025-10-09 17:05:05;28.72;84554.00;40.00;1004.95;23;24;0.49;1;57.09;22.72
2025-10-09 17:05:06;28.71;84554.00;40.00;1004.94;22;23;0.48;1;57.09;22.71
2025-10-09 17:05:07;28.71;84384.00;40.00;1004.94;22;23;0.48;1;57.09;22.71
2025-10-09 17:05:08;28.71;85240.00;40.00;1004.94;22;23;0.48;1;57.09;22.71
2025-10-09 17:05:09;28.71;85414.00;40.00;1004.95;20;22;0.48;1;57.09;22.71
2025-10-09 17:05:10;28.71;85068.00;40.00;1004.94;20;22;0.48;1;57.09;22.71
2025-10-09 17:05:11;28.71;85500.00;40.00;1004.95;20;22;0.48;1;57.09;22.71
2025-10-09 17:05:12;28.70;84982.00;40.00;1004.95;21;22;0.48;1;57.09;22.70
2025-10-09 17:05:13;28.70;85850.00;40.00;1004.95;21;22;0.48;1;57.09;22.70
2025-10-09 17:05:14;28.70;85762.00;40.00;1004.95;21;22;0.48;1;57.09;22.70
2025-10-09 17:05:15;28.70;85414.00;40.00;1004.95;18;21;0.47;2;57.09;22.70
2025-10-09 17:05:16;28.70;85414.00;40.00;1004.95;18;21;0.47;2;57.09;22.70
2025-10-09 17:05:17;28.70;85675.00;40.00;1004.95;18;21;0.47;2;57.09;22.70
2025-10-09 17:05:18;28.70;85762.00;40.00;1004.98;18;21;0.47;2;57.09;22.70
2025-10-09 17:05:19;28.69;85938.00;40.00;1004.95;18;21;0.47;2;57.09;22.69
2025-10-09 17:05:20;28.69;86114.00;40.00;1004.95;18;21;0.47;2;57.09;22.69
2025-10-09 17:05:21;28.69;85850.00;40.00;1004.98;17;20;0.47;2;57.09;22.69
2025-10-09 17:05:22;28.69;86379.00;40.00;1004.95;17;20;0.47;2;57.09;22.69
2025-10-09 17:05:23;28.69;85850.00;40.00;1004.91;17;20;0.47;2;57.09;22.69
2025-10-09 17:05:24;28.68;85414.00;40.00;1004.91;18;21;0.47;2;57.09;22.68
2025-10-09 17:05:25;28.68;85762.00;40.00;1004.91;18;21;0.47;2;57.09;22.68
2025-10-09 17:05:26;28.68;85327.00;40.00;1004.91;18;21;0.47;2;57.09;22.68
2025-10-09 17:05:27;28.68;85240.00;40.00;1004.94;19;21;0.47;2;57.09;22.68
2025-10-09 17:05:28;28.68;85414.00;40.00;1004.91;19;21;0.47;2;57.09;22.68
2025-10-09 17:05:29;28.68;84725.00;40.00;1004.94;19;21;0.47;2;57.09;22.68
2025-10-09 17:05:30;28.68;84384.00;40.00;1004.94;24;24;0.49;2;57.09;22.68
2025-10-09 17:05:31;28.68;85587.00;40.00;1004.94;24;24;0.49;2;57.09;22.68
2025-10-09 17:05:32;28.68;84384.00;40.00;1004.94;24;24;0.49;2;57.09;22.68
2025-10-09 17:05:33;28.68;84300.00;40.00;1004.94;27;26;0.51;2;57.09;22.68
2025-10-09 17:05:34;28.67;85414.00;40.00;1004.94;27;26;0.51;2;57.09;22.67
2025-10-09 17:05:35;28.67;84810.00;40.00;1004.95;27;26;0.51;2;57.09;22.67
2025-10-09 17:05:36;28.67;85068.00;40.00;1004.91;26;25;0.50;2;57.09;22.67
2025-10-09 17:05:37;28.67;84896.00;40.00;1004.91;26;25;0.50;2;57.09;22.67
2025-10-09 17:05:38;28.67;84810.00;40.00;1004.94;26;25;0.50;2;57.09;22.67
2025-10-09 17:05:39;28.67;84810.00;40.00;1004.95;26;25;0.50;2;57.09;22.67
2025-10-09 17:05:40;28.66;85500.00;40.00;1004.94;26;25;0.50;2;57.09;22.66
2025-10-09 17:05:41;28.67;84982.00;40.00;1004.95;26;25;0.50;2;57.09;22.67
2025-10-09 17:05:42;28.67;84215.00;40.00;1004.95;28;26;0.51;2;57.09;22.67
2025-10-09 17:05:43;28.67;84469.00;40.00;1004.94;28;26;0.51;2;57.09;22.67
2025-10-09 17:05:44;28.67;84384.00;40.00;1004.94;28;26;0.51;2;57.09;22.67
2025-10-09 17:05:45;28.67;84810.00;40.00;1004.91;28;27;0.51;2;57.09;22.67
2025-10-09 17:05:46;28.67;84639.00;40.00;1004.91;28;27;0.51;2;57.09;22.67
2025-10-09 17:05:47;28.67;84384.00;40.00;1004.94;28;27;0.51;2;57.09;22.67
2025-10-09 17:05:48;28.66;84810.00;40.00;1004.94;29;27;0.51;2;57.09;22.66
2025-10-09 17:05:49;28.66;84982.00;40.00;1004.95;29;27;0.51;2;57.09;22.66
2025-10-09 17:05:50;28.66;85240.00;40.00;1004.94;29;27;0.51;2;57.09;22.66
2025-10-09 17:05:51;28.66;84469.00;40.00;1004.95;30;28;0.52;2;57.09;22.66
2025-10-09 17:05:52;28.66;84725.00;40.00;1004.94;30;28;0.52;2;57.09;22.66
2025-10-09 17:05:53;28.66;85068.00;40.00;1004.94;30;28;0.52;2;57.09;22.66
2025-10-09 17:05:54;28.66;85154.00;40.00;1004.94;30;28;0.52;2;57.09;22.66
2025-10-09 17:05:55;28.66;84896.00;40.00;1004.95;29;27;0.51;2;57.09;22.66
2025-10-09 17:05:56;28.66;84896.00;40.00;1004.95;29;27;0.51;2;57.09;22.66
2025-10-09 17:05:57;28.65;84469.00;40.00;1004.95;29;27;0.51;2;57.10;22.65
2025-10-09 17:05:58;28.65;84725.00;40.00;1004.95;30;28;0.52;2;57.10;22.65
2025-10-09 17:05:59;28.65;85154.00;40.00;1004.95;30;28;0.52;2;57.10;22.65
2025-10-09 17:06:00;28.65;84896.00;40.00;1004.95;30;28;0.52;2;57.10;22.65
2025-10-09 17:06:01;28.65;84896.00;40.00;1004.95;30;28;0.52;2;57.10;22.65
2025-10-09 17:06:02;28.65;85068.00;40.00;1004.95;30;28;0.52;2;57.10;22.65
2025-10-09 17:06:03;28.65;84554.00;40.00;1004.95;30;28;0.52;2;57.10;22.65
2025-10-09 17:06:04;28.65;84131.00;40.00;1004.95;31;28;0.52;2;57.10;22.65
2025-10-09 17:06:05;28.65;84554.00;40.00;1004.95;31;28;0.52;2;57.10;22.65
2025-10-09 17:06:06;28.65;85068.00;40.00;1004.94;31;28;0.52;2;57.10;22.65
2025-10-09 17:06:07;28.64;84896.00;40.00;1004.95;30;28;0.52;2;57.10;22.64
2025-10-09 17:06:08;28.65;83879.00;40.00;1004.95;30;28;0.52;2;57.10;22.65
2025-10-09 17:06:09;28.65;84554.00;40.00;1004.95;30;28;0.52;2;57.10;22.65
2025-10-09 17:06:10;28.65;84725.00;40.00;1004.95;31;28;0.52;2;57.10;22.65
2025-10-09 17:06:11;28.65;83963.00;40.00;1004.94;31;28;0.52;2;57.10;22.65
2025-10-09 17:06:12;28.65;84810.00;40.00;1004.94;31;28;0.52;2;57.10;22.65
2025-10-09 17:06:13;28.65;84215.00;40.00;1004.95;31;28;0.52;2;57.10;22.65
2025-10-09 17:06:14;28.65;84300.00;40.00;1004.95;31;28;0.52;2;57.10;22.65
2025-10-09 17:06:15;28.65;84300.00;40.00;1004.95;31;28;0.52;2;57.10;22.65
2025-10-09 17:06:16;28.65;84131.00;40.00;1004.95;32;29;0.53;2;57.10;22.65
2025-10-09 17:06:17;28.65;84131.00;40.00;1004.95;32;29;0.53;2;57.10;22.65
2025-10-09 17:06:18;28.64;84047.00;40.00;1004.95;32;29;0.53;2;57.10;22.64
2025-10-09 17:06:19;28.65;84725.00;40.00;1004.94;34;30;0.54;2;57.10;22.65
2025-10-09 17:06:20;28.65;85154.00;40.00;1004.94;34;30;0.54;2;57.10;22.65
2025-10-09 17:06:21;28.64;84215.00;40.00;1004.95;34;30;0.54;2;57.10;22.64
2025-10-09 17:06:22;28.65;84469.00;40.00;1004.94;35;31;0.54;2;57.10;22.65
2025-10-09 17:06:23;28.64;83879.00;40.00;1004.94;35;31;0.54;2;57.10;22.64
2025-10-09 17:06:24;28.64;84639.00;40.00;1004.94;35;31;0.54;2;57.10;22.64
2025-10-09 17:06:25;28.65;83963.00;40.00;1004.94;34;30;0.54;2;57.10;22.65
2025-10-09 17:06:26;28.64;84810.00;40.00;1004.95;34;30;0.54;2;57.10;22.64
2025-10-09 17:06:27;28.64;83712.00;40.00;1004.95;34;30;0.54;2;57.10;22.64
2025-10-09 17:06:28;28.65;84469.00;40.00;1004.95;37;32;0.55;2;57.10;22.65
2025-10-09 17:06:29;28.65;84896.00;40.00;1004.94;37;32;0.55;2;57.10;22.65
2025-10-09 17:06:30;28.65;84047.00;40.00;1004.94;37;32;0.55;2;57.10;22.65
2025-10-09 17:06:31;28.64;84469.00;40.00;1004.94;36;31;0.55;3;57.10;22.64
2025-10-09 17:06:32;28.64;83629.00;40.00;1004.94;36;31;0.55;3;57.10;22.64
2025-10-09 17:06:33;28.65;83546.00;40.00;1004.94;36;31;0.55;3;57.10;22.65
