
timestamp;temperature;gas;humidity;barometer;IAQ;IAQ_S;VOCS;accuracy;humidty_corrected;temp_corrected
2025-10-07 12:27:23;29.18;64060.00;40.00;1004.87;182;220;9.61;3;57.02;23.18
2025-10-07 12:27:24;29.18;63575.00;40.00;1004.90;182;220;9.61;3;57.02;23.18
2025-10-07 12:27:25;29.18;63768.00;40.00;1004.90;179;216;9.08;3;57.02;23.18
2025-10-07 12:27:26;29.18;64901.00;40.00;1004.90;179;216;9.08;3;57.02;23.18
2025-10-07 12:27:27;29.18;65001.00;40.00;1004.90;179;216;9.08;3;57.02;23.18
2025-10-07 12:27:28;29.18;64602.00;40.00;1004.91;175;212;8.47;3;57.02;23.18
2025-10-07 12:27:29;29.17;64158.00;40.00;1004.90;175;212;8.47;3;57.02;23.17
2025-10-07 12:27:30;29.18;65052.00;40.00;1004.91;175;212;8.47;3;57.02;23.18
2025-10-07 12:27:31;29.17;65304.00;40.00;1004.90;172;208;7.98;3;57.02;23.17
2025-10-07 12:27:32;29.17;65508.00;40.00;1004.90;172;208;7.98;3;57.02;23.17
2025-10-07 12:27:33;29.17;65457.00;40.00;1004.91;172;208;7.98;3;57.02;23.17
2025-10-07 12:27:34;29.17;66335.00;40.00;1004.90;169;204;7.57;3;57.02;23.17
2025-10-07 12:27:35;29.17;65662.00;40.00;1004.91;169;204;7.57;3;57.02;23.17
2025-10-07 12:27:36;29.17;65610.00;40.00;1004.91;169;204;7.57;3;57.02;23.17
2025-10-07 12:27:37;29.17;65919.00;40.00;1004.91;166;200;7.12;3;57.02;23.17
2025-10-07 12:27:38;29.17;66545.00;40.00;1004.91;166;200;7.12;3;57.02;23.17
2025-10-07 12:27:39;29.17;66179.00;40.00;1004.91;166;200;7.12;3;57.02;23.17
2025-10-07 12:27:40;29.17;66916.00;40.00;1004.91;162;196;6.66;3;57.02;23.17
2025-10-07 12:27:41;29.17;66126.00;40.00;1004.91;162;196;6.66;3;57.02;23.17
2025-10-07 12:27:42;29.17;66493.00;40.00;1004.91;162;196;6.66;3;57.02;23.17
2025-10-07 12:27:43;29.17;65971.00;40.00;1004.91;161;195;6.54;3;57.02;23.17
2025-10-07 12:27:44;29.17;65713.00;40.00;1004.91;161;195;6.54;3;57.02;23.17
2025-10-07 12:27:45;29.17;65254.00;40.00;1004.91;161;195;6.54;3;57.02;23.17
2025-10-07 12:27:46;29.16;65052.00;40.00;1004.90;161;194;6.52;3;57.02;23.16
2025-10-07 12:27:47;29.16;65304.00;40.00;1004.90;161;194;6.52;3;57.02;23.16
2025-10-07 12:27:48;29.16;62721.00;40.00;1004.90;161;194;6.52;3;57.02;23.16
2025-10-07 12:27:49;29.15;61573.00;40.00;1004.90;169;204;7.56;3;57.02;23.15
2025-10-07 12:27:50;29.15;59188.00;40.00;1004.91;169;204;7.56;3;57.02;23.15
2025-10-07 12:27:51;29.15;57252.00;40.00;1004.90;169;204;7.56;3;57.02;23.15
2025-10-07 12:27:52;29.16;55771.00;40.00;1004.90;187;226;10.57;3;57.02;23.16
2025-10-07 12:27:53;29.15;54189.00;40.00;1004.90;187;226;10.57;3;57.02;23.15
2025-10-07 12:27:54;29.16;52694.00;40.00;1004.91;187;226;10.57;3;57.02;23.16
2025-10-07 12:27:55;29.16;50692.00;40.00;1004.90;211;257;16.72;3;57.02;23.16
2025-10-07 12:27:56;29.16;49761.00;40.00;1004.90;211;257;16.72;3;57.02;23.16
2025-10-07 12:27:57;29.16;48386.00;40.00;1004.90;211;257;16.72;3;57.02;23.16
2025-10-07 12:27:58;29.16;47430.00;40.00;1004.91;236;288;26.83;3;57.02;23.16
2025-10-07 12:27:59;29.16;45337.00;40.00;1004.90;236;288;26.83;3;57.02;23.16
2025-10-07 12:28:00;29.16;44711.00;40.00;1004.91;236;288;26.83;3;57.02;23.16
2025-10-07 12:28:01;29.16;44194.00;40.00;1004.90;236;288;26.83;3;57.02;23.16
2025-10-07 12:28:02;29.16;43019.00;40.00;1004.87;262;321;43.95;2;57.02;23.16
2025-10-07 12:28:03;29.16;41989.00;40.00;1004.90;262;321;43.95;2;57.02;23.16
2025-10-07 12:28:04;29.16;41370.00;40.00;1004.91;262;321;43.95;2;57.02;23.16
2025-10-07 12:28:05;29.16;40338.00;40.00;1004.90;288;353;72.21;2;57.02;23.16
2025-10-07 12:28:06;29.16;39320.00;40.00;1004.90;288;353;72.21;2;57.02;23.16
2025-10-07 12:28:07;29.16;38528.00;40.00;1004.87;288;353;72.21;2;57.02;23.16
2025-10-07 12:28:08;29.16;37465.00;40.00;1004.90;314;387;120.33;2;57.02;23.16
2025-10-07 12:28:09;29.16;36364.00;40.00;1004.91;314;387;120.33;2;57.02;23.16
2025-10-07 12:28:10;29.17;35746.00;40.00;1004.91;314;387;120.33;2;57.02;23.17
2025-10-07 12:28:11;29.17;34261.00;40.00;1004.87;341;422;204.30;2;57.02;23.17
2025-10-07 12:28:12;29.17;32921.00;40.00;1004.91;341;422;204.30;2;57.02;23.17
2025-10-07 12:28:13;29.17;31027.00;40.00;1004.91;341;422;204.30;2;57.02;23.17
2025-10-07 12:28:14;29.17;29712.00;40.00;1004.90;377;469;411.49;2;57.02;23.17
2025-10-07 12:28:15;29.17;28123.00;40.00;1004.91;377;469;411.49;2;57.02;23.17
2025-10-07 12:28:16;29.17;26595.00;40.00;1004.91;377;469;411.49;2;57.02;23.17
2025-10-07 12:28:17;29.16;23797.00;40.00;1004.90;421;525;305.15;2;57.02;23.16
2025-10-07 12:28:18;29.17;22621.00;40.00;1004.90;421;525;305.15;2;57.02;23.17
2025-10-07 12:28:19;29.17;21314.00;40.00;1004.90;421;525;305.15;2;57.02;23.17
2025-10-07 12:28:20;29.17;20187.00;40.00;1004.91;478;598;344.64;2;57.02;23.17
2025-10-07 12:28:21;29.17;19070.00;40.00;1004.91;478;598;344.64;2;57.02;23.17
2025-10-07 12:28:22;29.18;18370.00;40.00;1004.90;478;598;344.64;2;57.02;23.18
2025-10-07 12:28:23;29.18;17268.00;40.00;1004.90;500;672;344.64;2;57.02;23.18
2025-10-07 12:28:24;29.18;16560.00;40.00;1004.91;500;672;344.64;2;57.02;23.18
2025-10-07 12:28:25;29.18;15429.00;40.00;1004.91;500;672;344.64;2;57.02;23.18
2025-10-07 12:28:26;29.18;14936.00;40.00;1004.90;500;750;344.64;2;57.02;23.18
2025-10-07 12:28:27;29.18;14306.00;40.00;1004.90;500;750;344.64;2;57.02;23.18
2025-10-07 12:28:28;29.18;13394.00;40.00;1004.90;500;750;344.64;2;57.02;23.18
2025-10-07 12:28:29;29.18;12539.00;40.00;1004.87;500;829;344.64;2;57.02;23.18
2025-10-07 12:28:30;29.18;11773.00;40.00;1004.90;500;829;344.64;2;57.02;23.18
2025-10-07 12:28:31;29.18;11237.00;40.00;1004.90;500;829;344.64;2;57.02;23.18
2025-10-07 12:28:32;29.18;10463.00;40.00;1004.91;500;910;344.64;2;57.02;23.18
2025-10-07 12:28:33;29.18;9807.00;40.00;1004.90;500;910;344.64;2;57.02;23.18
2025-10-07 12:28:34;29.19;9212.00;40.00;1004.91;500;910;344.64;2;57.01;23.19
2025-10-07 12:28:35;29.19;8693.00;40.00;1004.91;500;995;344.64;2;57.01;23.19
2025-10-07 12:28:36;29.19;8394.00;40.00;1004.90;500;995;344.64;2;57.01;23.19
2025-10-07 12:28:37;29.19;7847.00;40.00;1004.91;500;995;344.64;2;57.01;23.19
2025-10-07 12:28:38;29.19;7393.00;40.00;1004.91;500;1082;344.64;2;57.01;23.19
2025-10-07 12:28:39;29.20;6970.00;40.00;1004.91;500;1082;344.64;2;57.01;23.20
2025-10-07 12:28:40;29.20;6686.00;40.00;1004.90;500;1082;344.64;2;57.01;23.20
2025-10-07 12:28:41;29.19;6338.00;40.00;1004.90;500;1166;344.64;2;57.01;23.19
2025-10-07 12:28:42;29.20;5984.00;40.00;1004.90;500;1166;344.64;2;57.01;23.20
2025-10-07 12:28:43;29.20;5656.00;40.00;1004.90;500;1166;344.64;2;57.01;23.20
2025-10-07 12:28:44;29.19;5450.00;40.00;1004.90;500;1248;344.64;2;57.01;23.19
2025-10-07 12:28:45;29.20;5134.00;40.00;1004.90;500;1248;344.64;2;57.01;23.20
2025-10-07 12:28:46;29.20;4875.00;40.00;1004.90;500;1248;344.64;2;57.01;23.20
2025-10-07 12:28:47;29.20;4600.00;40.00;1004.90;500;1327;344.64;2;57.01;23.20
2025-10-07 12:28:48;29.20;4455.00;40.00;1004.91;500;1327;344.64;2;57.01;23.20
2025-10-07 12:28:49;29.21;4181.00;40.00;1004.91;500;1327;344.64;2;57.01;23.21
2025-10-07 12:28:50;29.21;3959.00;40.00;1004.91;500;1409;344.64;2;57.01;23.21
2025-10-07 12:28:51;29.22;3765.00;40.00;1004.91;500;1409;344.64;2;57.01;23.22
2025-10-07 12:28:52;29.22;3644.00;40.00;1004.91;500;1409;344.64;2;57.01;23.22
2025-10-07 12:28:53;29.22;3465.00;40.00;1004.91;500;1487;344.64;2;57.01;23.22
2025-10-07 12:28:54;29.21;3262.00;40.00;1004.90;500;1487;344.64;2;57.01;23.21
2025-10-07 12:28:55;29.22;3103.00;40.00;1004.90;500;1487;344.64;2;57.01;23.22
2025-10-07 12:28:56;29.22;2998.00;40.00;1004.90;500;1563;344.64;2;57.01;23.22
2025-10-07 12:28:57;29.22;2830.00;40.00;1004.87;500;1563;344.64;2;57.01;23.22
2025-10-07 12:28:58;29.22;2686.00;40.00;1004.90;500;1563;344.64;2;57.01;23.22
2025-10-07 12:28:59;29.22;2535.00;40.00;1004.87;500;1638;344.64;2;57.01;23.22
2025-10-07 12:29:00;29.23;2461.00;40.00;1004.91;500;1638;344.64;2;57.01;23.23
2025-10-07 12:29:01;29.23;2332.00;40.00;1004.91;500;1638;344.64;2;57.01;23.23
2025-10-07 12:29:02;29.23;2224.00;40.00;1004.90;500;1712;344.64;2;57.01;23.23
2025-10-07 12:29:03;29.23;2137.00;40.00;1004.87;500;1712;344.64;2;57.01;23.23
2025-10-07 12:29:04;29.23;2031.00;40.00;1004.91;500;1712;344.64;2;57.01;23.23
2025-10-07 12:29:05;29.23;1958.00;40.00;1004.90;500;1787;344.64;2;57.01;23.23
2025-10-07 12:29:06;29.24;1869.00;40.00;1004.90;500;1787;344.64;2;57.01;23.24
2025-10-07 12:29:07;29.24;1765.00;41.00;1004.90;500;1787;344.64;2;58.43;23.24
2025-10-07 12:29:08;29.24;1675.00;41.00;1004.90;500;1860;344.64;2;58.43;23.24
2025-10-07 12:29:09;29.24;1614.00;41.00;1004.90;500;1860;344.64;2;58.43;23.24
2025-10-07 12:29:10;29.24;1524.00;41.00;1004.90;500;1860;344.64;2;58.43;23.24
2025-10-07 12:29:11;29.24;1444.00;41.00;1004.90;500;1936;344.64;2;58.43;23.24
2025-10-07 12:29:12;29.25;1362.00;41.00;1004.91;500;1936;344.64;2;58.43;23.25
2025-10-07 12:29:13;29.25;1308.00;41.00;1004.91;500;1936;344.64;2;58.43;23.25
2025-10-07 12:29:14;29.26;1237.00;41.00;1004.91;500;2009;344.64;2;58.43;23.26
2025-10-07 12:29:15;29.26;1168.00;41.00;1004.90;500;2009;344.64;2;58.43;23.26
2025-10-07 12:29:16;29.26;1100.00;41.00;1004.90;500;2009;344.64;2;58.43;23.26
2025-10-07 12:29:17;29.26;1061.00;41.00;1004.90;500;2087;344.64;2;58.43;23.26
2025-10-07 12:29:18;29.26;999.00;41.00;1004.90;500;2087;344.64;2;58.43;23.26
2025-10-07 12:29:19;29.27;941.00;41.00;1004.90;500;2087;344.64;2;58.43;23.27
2025-10-07 12:29:20;29.27;886.00;41.00;1004.90;500;2166;344.64;2;58.43;23.27
2025-10-07 12:29:21;29.27;848.00;41.00;1004.91;500;2166;344.64;2;58.43;23.27
2025-10-07 12:29:22;29.27;800.00;41.00;1004.90;500;2166;344.64;2;58.43;23.27
2025-10-07 12:29:23;29.27;757.00;41.00;1004.91;500;2248;344.64;2;58.43;23.27
2025-10-07 12:29:24;29.27;705.00;41.00;1004.91;500;2248;344.64;2;58.43;23.27
2025-10-07 12:29:25;29.28;705.00;41.00;1004.91;500;2248;344.64;2;58.43;23.28
2025-10-07 12:29:26;29.29;705.00;41.00;1004.90;500;2318;344.64;2;58.42;23.29
2025-10-07 12:29:27;29.29;705.00;41.00;1004.94;500;2318;344.64;2;58.42;23.29
2025-10-07 12:29:28;29.30;705.00;41.00;1004.91;500;2318;344.64;2;58.42;23.30
2025-10-07 12:29:29;29.30;705.00;41.00;1004.94;500;2366;344.64;2;58.42;23.30
2025-10-07 12:29:30;29.30;705.00;41.00;1004.90;500;2366;344.64;2;58.42;23.30
2025-10-07 12:29:31;29.31;705.00;41.00;1004.91;500;2366;344.64;2;58.42;23.31
2025-10-07 12:29:32;29.31;705.00;41.00;1004.94;500;2399;344.64;2;58.42;23.31
2025-10-07 12:29:33;29.31;705.00;41.00;1004.91;500;2399;344.64;2;58.42;23.31
2025-10-07 12:29:34;29.31;705.00;42.00;1004.91;500;2399;344.64;2;59.85;23.31
2025-10-07 12:29:35;29.31;705.00;42.00;1004.91;500;2421;344.64;2;59.85;23.31
2025-10-07 12:29:36;29.31;705.00;42.00;1004.91;500;2421;344.64;2;59.85;23.31
2025-10-07 12:29:37;29.32;705.00;42.00;1004.90;500;2421;344.64;2;59.84;23.32
2025-10-07 12:29:38;29.30;705.00;42.00;1004.87;500;2437;344.64;2;59.85;23.30
2025-10-07 12:29:39;29.32;705.00;42.00;1004.91;500;2437;344.64;2;59.84;23.32
2025-10-07 12:29:40;29.32;705.00;42.00;1004.91;500;2437;344.64;2;59.84;23.32
2025-10-07 12:29:41;29.33;705.00;42.00;1004.94;500;2447;344.64;2;59.84;23.33
2025-10-07 12:29:42;29.33;705.00;42.00;1004.94;500;2447;344.64;2;59.84;23.33
2025-10-07 12:29:43;29.33;705.00;42.00;1004.91;500;2447;344.64;2;59.84;23.33
2025-10-07 12:29:44;29.33;705.00;42.00;1004.91;500;2453;344.64;2;59.84;23.33
2025-10-07 12:29:45;29.33;705.00;42.00;1004.91;500;2453;344.64;2;59.84;23.33
2025-10-07 12:29:46;29.34;705.00;42.00;1004.91;500;2453;344.64;2;59.84;23.34
2025-10-07 12:29:47;29.34;705.00;42.00;1004.90;500;2458;344.64;2;59.84;23.34
2025-10-07 12:29:48;29.34;705.00;42.00;1004.90;500;2458;344.64;2;59.84;23.34
2025-10-07 12:29:49;29.34;705.00;42.00;1004.90;500;2458;344.64;2;59.84;23.34
2025-10-07 12:29:50;29.33;705.00;42.00;1004.87;500;2461;344.64;2;59.84;23.33
2025-10-07 12:29:51;29.35;705.00;42.00;1004.94;500;2461;344.64;2;59.84;23.35
2025-10-07 12:29:52;29.35;705.00;42.00;1004.94;500;2461;344.64;2;59.84;23.35
2025-10-07 12:29:53;29.36;705.00;42.00;1004.94;500;2463;344.64;2;59.84;23.36
2025-10-07 12:29:54;29.36;705.00;42.00;1004.94;500;2463;344.64;2;59.84;23.36
2025-10-07 12:29:55;29.36;705.00;43.00;1004.91;500;2463;344.64;2;61.26;23.36
2025-10-07 12:29:56;29.36;705.00;43.00;1004.91;500;2463;344.64;2;61.26;23.36
2025-10-07 12:29:57;29.36;705.00;43.00;1004.91;500;2463;344.64;2;61.26;23.36
2025-10-07 12:29:58;29.37;705.00;43.00;1004.94;500;2463;344.64;2;61.26;23.37
2025-10-07 12:29:59;29.36;705.00;43.00;1004.91;500;2463;344.64;2;61.26;23.36
2025-10-07 12:30:00;29.38;705.00;43.00;1004.94;500;2463;344.64;2;61.26;23.38
2025-10-07 12:30:01;29.38;705.00;43.00;1004.91;500;2463;344.64;2;61.26;23.38
2025-10-07 12:30:02;29.36;705.00;43.00;1004.87;500;2463;344.64;2;61.26;23.36
2025-10-07 12:30:03;29.37;705.00;43.00;1004.91;500;2463;344.64;2;61.26;23.37
2025-10-07 12:30:04;29.38;705.00;43.00;1004.91;500;2463;344.64;2;61.26;23.38
2025-10-07 12:30:05;29.38;705.00;43.00;1004.90;500;2462;344.64;2;61.26;23.38
2025-10-07 12:30:06;29.39;705.00;43.00;1004.90;500;2462;344.64;2;61.26;23.39
2025-10-07 12:30:07;29.39;705.00;43.00;1004.94;500;2462;344.64;2;61.26;23.39
2025-10-07 12:30:08;29.39;705.00;43.00;1004.91;500;2462;344.64;2;61.26;23.39
2025-10-07 12:30:09;29.39;705.00;43.00;1004.94;500;2462;344.64;2;61.26;23.39
2025-10-07 12:30:10;29.40;705.00;43.00;1004.91;500;2462;344.64;2;61.26;23.40
2025-10-07 12:30:11;29.40;705.00;43.00;1004.91;500;2461;344.64;2;61.26;23.40
2025-10-07 12:30:12;29.40;705.00;43.00;1004.90;500;2461;344.64;2;61.26;23.40
2025-10-07 12:30:13;29.41;705.00;43.00;1004.94;500;2461;344.64;2;61.26;23.41
2025-10-07 12:30:14;29.39;705.00;43.00;1004.90;500;2461;344.64;2;61.26;23.39
2025-10-07 12:30:15;29.41;705.00;43.00;1004.91;500;2461;344.64;2;61.26;23.41
2025-10-07 12:30:16;29.42;705.00;44.00;1004.91;500;2461;344.64;2;62.68;23.42
2025-10-07 12:30:17;29.42;705.00;44.00;1004.91;500;2459;344.64;2;62.68;23.42
2025-10-07 12:30:18;29.42;705.00;44.00;1004.91;500;2459;344.64;2;62.68;23.42
2025-10-07 12:30:19;29.42;705.00;44.00;1004.90;500;2459;344.64;2;62.68;23.42
2025-10-07 12:30:20;29.43;705.00;44.00;1004.91;500;2458;344.64;2;62.68;23.43
2025-10-07 12:30:21;29.43;705.00;44.00;1004.94;500;2458;344.64;2;62.68;23.43
2025-10-07 12:30:22;29.43;705.00;44.00;1004.91;500;2458;344.64;2;62.68;23.43
2025-10-07 12:30:23;29.44;705.00;44.00;1004.91;500;2457;344.64;2;62.67;23.44
2025-10-07 12:30:24;29.44;705.00;44.00;1004.90;500;2457;344.64;2;62.67;23.44
2025-10-07 12:30:25;29.44;705.00;44.00;1004.94;500;2457;344.64;2;62.67;23.44
2025-10-07 12:30:26;29.45;705.00;44.00;1004.94;500;2456;344.64;2;62.67;23.45
2025-10-07 12:30:27;29.45;705.00;44.00;1004.94;500;2456;344.64;2;62.67;23.45
2025-10-07 12:30:28;29.46;705.00;44.00;1004.91;500;2456;344.64;2;62.67;23.46
2025-10-07 12:30:29;29.46;705.00;44.00;1004.91;500;2456;344.64;2;62.67;23.46
2025-10-07 12:30:30;29.46;705.00;44.00;1004.91;500;2455;344.64;2;62.67;23.46
2025-10-07 12:30:31;29.46;705.00;44.00;1004.91;500;2455;344.64;2;62.67;23.46
2025-10-07 12:30:32;29.47;705.00;44.00;1004.94;500;2455;344.64;2;62.67;23.47
2025-10-07 12:30:33;29.47;705.00;44.00;1004.94;500;2454;344.64;2;62.67;23.47
2025-10-07 12:30:34;29.47;705.00;44.00;1004.94;500;2454;344.64;2;62.67;23.47
2025-10-07 12:30:35;29.48;705.00;45.00;1004.91;500;2454;344.64;2;64.09;23.48
2025-10-07 12:30:36;29.48;705.00;45.00;1004.91;500;2452;344.64;2;64.09;23.48
2025-10-07 12:30:37;29.49;705.00;45.00;1004.94;500;2452;344.64;2;64.09;23.49
2025-10-07 12:30:38;29.49;705.00;45.00;1004.94;500;2452;344.64;2;64.09;23.49
2025-10-07 12:30:39;29.49;705.00;45.00;1004.91;500;2451;344.64;2;64.09;23.49
2025-10-07 12:30:40;29.49;705.00;45.00;1004.91;500;2451;344.64;2;64.09;23.49
2025-10-07 12:30:41;29.49;705.00;45.00;1004.91;500;2451;344.64;2;64.09;23.49
2025-10-07 12:30:42;29.50;705.00;45.00;1004.94;500;2450;344.64;2;64.09;23.50
2025-10-07 12:30:43;29.50;705.00;45.00;1004.91;500;2450;344.64;2;64.09;23.50
2025-10-07 12:30:44;29.51;705.00;45.00;1004.94;500;2450;344.64;2;64.09;23.51
2025-10-07 12:30:45;29.51;705.00;45.00;1004.91;500;2448;344.64;2;64.09;23.51
2025-10-07 12:30:46;29.51;705.00;45.00;1004.91;500;2448;344.64;2;64.09;23.51
2025-10-07 12:30:47;29.52;705.00;45.00;1004.91;500;2448;344.64;2;64.09;23.52
2025-10-07 12:30:48;29.52;705.00;45.00;1004.91;500;2447;344.64;2;64.09;23.52
2025-10-07 12:30:49;29.52;705.00;45.00;1004.91;500;2447;344.64;2;64.09;23.52
2025-10-07 12:30:50;29.53;705.00;45.00;1004.94;500;2447;344.64;2;64.08;23.53
2025-10-07 12:30:51;29.53;705.00;45.00;1004.91;500;2446;344.64;2;64.08;23.53
2025-10-07 12:30:52;29.53;705.00;45.00;1004.91;500;2446;344.64;2;64.08;23.53
2025-10-07 12:30:53;29.54;705.00;46.00;1004.91;500;2446;344.64;2;65.51;23.54
2025-10-07 12:30:54;29.54;705.00;46.00;1004.90;500;2444;344.64;2;65.51;23.54
2025-10-07 12:30:55;29.54;705.00;46.00;1004.94;500;2444;344.64;2;65.51;23.54
2025-10-07 12:30:56;29.55;705.00;46.00;1004.91;500;2444;344.64;2;65.50;23.55
2025-10-07 12:30:57;29.55;705.00;46.00;1004.91;500;2443;344.64;2;65.50;23.55
2025-10-07 12:30:58;29.56;705.00;46.00;1004.91;500;2443;344.64;2;65.50;23.56
2025-10-07 12:30:59;29.56;705.00;46.00;1004.90;500;2443;344.64;2;65.50;23.56
2025-10-07 12:31:00;29.56;705.00;46.00;1004.90;500;2442;344.64;2;65.50;23.56
2025-10-07 12:31:01;29.57;705.00;46.00;1004.95;500;2442;344.64;2;65.50;23.57
2025-10-07 12:31:02;29.57;705.00;46.00;1004.95;500;2442;344.64;2;65.50;23.57
2025-10-07 12:31:03;29.57;705.00;46.00;1004.94;500;2440;344.64;2;65.50;23.57
2025-10-07 12:31:04;29.58;705.00;46.00;1004.94;500;2440;344.64;2;65.50;23.58
2025-10-07 12:31:05;29.59;705.00;46.00;1004.95;500;2440;344.64;2;65.50;23.59
2025-10-07 12:31:06;29.59;705.00;46.00;1004.95;500;2439;344.64;2;65.50;23.59
2025-10-07 12:31:07;29.59;705.00;46.00;1004.95;500;2439;344.64;2;65.50;23.59
2025-10-07 12:31:08;29.60;705.00;46.00;1004.95;500;2439;344.64;2;65.50;23.60
2025-10-07 12:31:09;29.60;705.00;46.00;1004.94;500;2438;344.64;2;65.50;23.60
2025-10-07 12:31:10;29.60;705.00;47.00;1004.98;500;2438;344.64;2;66.92;23.60
2025-10-07 12:31:11;29.61;705.00;47.00;1004.95;500;2438;344.64;2;66.92;23.61
2025-10-07 12:31:12;29.61;705.00;47.00;1004.95;500;2436;344.64;2;66.92;23.61
2025-10-07 12:31:13;29.62;705.00;47.00;1004.95;500;2436;344.64;2;66.92;23.62
2025-10-07 12:31:14;29.62;705.00;47.00;1004.95;500;2436;344.64;2;66.92;23.62
2025-10-07 12:31:15;29.62;705.00;47.00;1004.94;500;2434;344.64;2;66.92;23.62
2025-10-07 12:31:16;29.62;705.00;47.00;1004.94;500;2434;344.64;2;66.92;23.62
2025-10-07 12:31:17;29.63;705.00;47.00;1004.98;500;2434;344.64;2;66.91;23.63
2025-10-07 12:31:18;29.63;705.00;47.00;1004.95;500;2433;344.64;2;66.91;23.63
2025-10-07 12:31:19;29.64;705.00;47.00;1004.95;500;2433;344.64;2;66.91;23.64
2025-10-07 12:31:20;29.64;705.00;47.00;1004.91;500;2433;344.64;2;66.91;23.64
2025-10-07 12:31:21;29.64;705.00;47.00;1004.94;500;2431;344.64;2;66.91;23.64
2025-10-07 12:31:22;29.65;705.00;47.00;1004.95;500;2431;344.64;2;66.91;23.65
2025-10-07 12:31:23;29.65;705.00;47.00;1004.95;500;2431;344.64;2;66.91;23.65
2025-10-07 12:31:24;29.65;705.00;47.00;1004.95;500;2430;344.64;2;66.91;23.65
2025-10-07 12:31:25;29.66;705.00;47.00;1004.95;500;2430;344.64;2;66.91;23.66
2025-10-07 12:31:26;29.66;705.00;47.00;1004.94;500;2430;344.64;2;66.91;23.66
2025-10-07 12:31:27;29.66;705.00;47.00;1004.94;500;2429;344.64;2;66.91;23.66
2025-10-07 12:31:28;29.66;705.00;47.00;1004.95;500;2429;344.64;2;66.91;23.66
2025-10-07 12:31:29;29.67;705.00;47.00;1004.94;500;2429;344.64;2;66.91;23.67
2025-10-07 12:31:30;29.67;705.00;47.00;1004.94;500;2427;344.64;2;66.91;23.67
2025-10-07 12:31:31;29.68;705.00;47.00;1004.94;500;2427;344.64;2;66.91;23.68
2025-10-07 12:31:32;29.69;705.00;48.00;1004.95;500;2427;344.64;2;68.33;23.69
2025-10-07 12:31:33;29.69;705.00;48.00;1004.95;500;2426;344.64;2;68.33;23.69
2025-10-07 12:31:34;29.69;705.00;48.00;1004.95;500;2426;344.64;2;68.33;23.69
2025-10-07 12:31:35;29.69;705.00;48.00;1004.94;500;2426;344.64;2;68.33;23.69
2025-10-07 12:31:36;29.69;705.00;48.00;1004.94;500;2424;344.64;2;68.33;23.69
2025-10-07 12:31:37;29.70;705.00;48.00;1004.98;500;2424;344.64;2;68.33;23.70
2025-10-07 12:31:38;29.71;705.00;48.00;1004.95;500;2424;344.64;2;68.32;23.71
2025-10-07 12:31:39;29.71;705.00;48.00;1004.91;500;2423;344.64;2;68.32;23.71
2025-10-07 12:31:40;29.71;705.00;48.00;1004.95;500;2423;344.64;2;68.32;23.71
2025-10-07 12:31:41;29.71;705.00;48.00;1004.94;500;2423;344.64;2;68.32;23.71
2025-10-07 12:31:42;29.71;705.00;48.00;1004.94;500;2421;344.64;2;68.32;23.71
2025-10-07 12:31:43;29.72;705.00;48.00;1004.94;500;2421;344.64;2;68.32;23.72
2025-10-07 12:31:44;29.72;705.00;48.00;1004.94;500;2421;344.64;2;68.32;23.72
2025-10-07 12:31:45;29.73;705.00;48.00;1004.95;500;2420;344.64;2;68.32;23.73
2025-10-07 12:31:46;29.73;705.00;48.00;1004.95;500;2420;344.64;2;68.32;23.73
2025-10-07 12:31:47;29.73;705.00;48.00;1004.94;500;2420;344.64;2;68.32;23.73
2025-10-07 12:31:48;29.74;705.00;48.00;1004.94;500;2419;344.64;2;68.32;23.74
2025-10-07 12:31:49;29.74;705.00;48.00;1004.94;500;2419;344.64;2;68.32;23.74
2025-10-07 12:31:50;29.74;705.00;48.00;1004.91;500;2419;344.64;2;68.32;23.74
2025-10-07 12:31:51;29.75;705.00;48.00;1004.95;500;2417;344.64;2;68.32;23.75
2025-10-07 12:31:52;29.75;705.00;48.00;1004.91;500;2417;344.64;2;68.32;23.75
2025-10-07 12:31:53;29.75;705.00;48.00;1004.94;500;2417;344.64;2;68.32;23.75
2025-10-07 12:31:54;29.76;705.00;48.00;1004.94;500;2416;344.64;2;68.32;23.76
2025-10-07 12:31:55;29.76;705.00;48.00;1004.94;500;2416;344.64;2;68.32;23.76
2025-10-07 12:31:56;29.76;705.00;48.00;1004.94;500;2416;344.64;2;68.32;23.76
2025-10-07 12:31:57;29.77;705.00;48.00;1004.95;500;2415;344.64;2;68.31;23.77
2025-10-07 12:31:58;29.77;705.00;48.00;1004.95;500;2415;344.64;2;68.31;23.77
2025-10-07 12:31:59;29.78;705.00;48.00;1004.95;500;2415;344.64;2;68.31;23.78
2025-10-07 12:32:00;29.78;705.00;48.00;1004.95;500;2414;344.64;2;68.31;23.78
2025-10-07 12:32:01;29.78;705.00;48.00;1004.94;500;2414;344.64;2;68.31;23.78
2025-10-07 12:32:02;29.78;705.00;49.00;1004.94;500;2414;344.64;2;69.73;23.78
2025-10-07 12:32:03;29.78;705.00;49.00;1004.94;500;2412;344.64;2;69.73;23.78
2025-10-07 12:32:04;29.78;705.00;49.00;1005.00;500;2412;344.64;2;69.73;23.78
2025-10-07 12:32:05;29.79;705.00;49.00;1004.98;500;2412;344.64;2;69.73;23.79
2025-10-07 12:32:06;29.79;705.00;49.00;1004.98;500;2411;344.64;2;69.73;23.79
2025-10-07 12:32:07;29.79;705.00;49.00;1004.98;500;2411;344.64;2;69.73;23.79
2025-10-07 12:32:08;29.79;705.00;49.00;1004.98;500;2411;344.64;2;69.73;23.79
2025-10-07 12:32:09;29.80;705.00;49.00;1004.95;500;2410;344.64;2;69.73;23.80
2025-10-07 12:32:10;29.80;705.00;49.00;1005.00;500;2410;344.64;2;69.73;23.80
2025-10-07 12:32:11;29.80;705.00;49.00;1004.95;500;2410;344.64;2;69.73;23.80
2025-10-07 12:32:12;29.80;705.00;49.00;1004.98;500;2408;344.64;2;69.73;23.80
2025-10-07 12:32:13;29.81;705.00;49.00;1004.98;500;2408;344.64;2;69.73;23.81
2025-10-07 12:32:14;29.81;705.00;49.00;1004.98;500;2408;344.64;2;69.73;23.81
2025-10-07 12:32:15;29.81;705.00;49.00;1004.98;500;2407;344.64;2;69.73;23.81
2025-10-07 12:32:16;29.82;705.00;49.00;1004.98;500;2407;344.64;2;69.73;23.82
2025-10-07 12:32:17;29.81;705.00;49.00;1004.98;500;2407;344.64;2;69.73;23.81
2025-10-07 12:32:18;29.81;705.00;49.00;1004.95;500;2406;344.64;2;69.73;23.81
2025-10-07 12:32:19;29.82;705.00;49.00;1004.98;500;2406;344.64;2;69.73;23.82
2025-10-07 12:32:20;29.82;705.00;49.00;1004.95;500;2406;344.64;2;69.73;23.82
2025-10-07 12:32:21;29.83;705.00;49.00;1004.98;500;2405;344.64;2;69.73;23.83
2025-10-07 12:32:22;29.83;705.00;49.00;1004.98;500;2405;344.64;2;69.73;23.83
2025-10-07 12:32:23;29.83;705.00;49.00;1004.98;500;2405;344.64;2;69.73;23.83
2025-10-07 12:32:24;29.84;705.00;49.00;1004.98;500;2404;344.64;2;69.72;23.84
2025-10-07 12:32:25;29.84;705.00;49.00;1004.98;500;2404;344.64;2;69.72;23.84
2025-10-07 12:32:26;29.84;705.00;49.00;1004.95;500;2404;344.64;2;69.72;23.84
2025-10-07 12:32:27;29.84;705.00;49.00;1004.98;500;2402;344.64;2;69.72;23.84
2025-10-07 12:32:28;29.84;705.00;49.00;1004.98;500;2402;344.64;2;69.72;23.84
2025-10-07 12:32:29;29.85;705.00;49.00;1005.00;500;2402;344.64;2;69.72;23.85
2025-10-07 12:32:30;29.85;705.00;49.00;1005.00;500;2401;344.64;2;69.72;23.85
2025-10-07 12:32:31;29.85;705.00;49.00;1005.00;500;2401;344.64;2;69.72;23.85
2025-10-07 12:32:32;29.85;705.00;49.00;1004.98;500;2401;344.64;2;69.72;23.85
2025-10-07 12:32:33;29.85;705.00;49.00;1005.00;500;2400;344.64;2;69.72;23.85
2025-10-07 12:32:34;29.85;705.00;49.00;1004.98;500;2400;344.64;2;69.72;23.85
2025-10-07 12:32:35;29.85;705.00;49.00;1004.98;500;2400;344.64;2;69.72;23.85
2025-10-07 12:32:36;29.85;705.00;49.00;1004.98;500;2400;344.64;2;69.72;23.85
2025-10-07 12:32:37;29.86;705.00;49.00;1004.95;500;2400;344.64;2;69.72;23.86
2025-10-07 12:32:38;29.85;705.00;49.00;1004.98;500;2400;344.64;2;69.72;23.85
2025-10-07 12:32:39;29.86;705.00;49.00;1004.98;500;2399;344.64;2;69.72;23.86
2025-10-07 12:32:40;29.86;705.00;49.00;1004.98;500;2399;344.64;2;69.72;23.86
2025-10-07 12:32:41;29.86;705.00;49.00;1004.98;500;2399;344.64;2;69.72;23.86
2025-10-07 12:32:42;29.87;705.00;49.00;1004.95;500;2398;344.64;2;69.72;23.87
2025-10-07 12:32:43;29.87;705.00;49.00;1004.98;500;2398;344.64;2;69.72;23.87
2025-10-07 12:32:44;29.87;705.00;49.00;1005.00;500;2398;344.64;2;69.72;23.87
2025-10-07 12:32:45;29.87;705.00;49.00;1005.00;500;2397;344.64;2;69.72;23.87
2025-10-07 12:32:46;29.87;705.00;49.00;1004.98;500;2397;344.64;2;69.72;23.87
2025-10-07 12:32:47;29.87;705.00;49.00;1004.98;500;2397;344.64;2;69.72;23.87
2025-10-07 12:32:48;29.87;705.00;49.00;1004.98;500;2396;344.64;2;69.72;23.87
2025-10-07 12:32:49;29.88;705.00;49.00;1005.00;500;2396;344.64;2;69.72;23.88
2025-10-07 12:32:50;29.88;705.00;49.00;1004.98;500;2396;344.64;2;69.72;23.88
2025-10-07 12:32:51;29.88;705.00;49.00;1004.95;500;2395;344.64;2;69.72;23.88
2025-10-07 12:32:52;29.88;705.00;49.00;1005.00;500;2395;344.64;2;69.72;23.88
2025-10-07 12:32:53;29.88;705.00;49.00;1004.95;500;2395;344.64;2;69.72;23.88
2025-10-07 12:32:54;29.88;705.00;49.00;1004.95;500;2395;344.64;2;69.72;23.88
2025-10-07 12:32:55;29.87;705.00;49.00;1004.98;500;2395;344.64;2;69.72;23.87
2025-10-07 12:32:56;29.87;705.00;49.00;1005.09;500;2395;344.64;2;69.72;23.87
2025-10-07 12:32:57;29.87;705.00;49.00;1005.15;500;2394;344.64;2;69.72;23.87
2025-10-07 12:32:58;29.87;705.00;49.00;1005.00;500;2394;344.64;2;69.72;23.87
2025-10-07 12:32:59;29.86;705.00;49.00;1004.98;500;2394;344.64;2;69.72;23.86
2025-10-07 12:33:00;29.85;705.00;49.00;1005.00;500;2394;344.64;2;69.72;23.85
2025-10-07 12:33:01;29.85;705.00;49.00;1004.95;500;2393;344.64;2;69.72;23.85
2025-10-07 12:33:02;29.84;705.00;49.00;1004.95;500;2393;344.64;2;69.72;23.84
2025-10-07 12:33:03;29.85;705.00;48.00;1004.95;500;2393;344.64;2;68.30;23.85
2025-10-07 12:33:04;29.84;705.00;48.00;1004.98;500;2393;344.64;2;68.30;23.84
2025-10-07 12:33:05;29.84;705.00;48.00;1004.98;500;2393;344.64;2;68.30;23.84
2025-10-07 12:33:06;29.84;705.00;48.00;1004.98;500;2393;344.64;2;68.30;23.84
2025-10-07 12:33:07;29.84;705.00;48.00;1004.98;500;2393;344.64;2;68.30;23.84
2025-10-07 12:33:08;29.83;705.00;48.00;1004.98;500;2393;344.64;2;68.30;23.83
2025-10-07 12:33:09;29.84;705.00;48.00;1004.98;500;2393;344.64;2;68.30;23.84
2025-10-07 12:33:10;29.83;705.00;48.00;1004.98;500;2392;344.64;2;68.30;23.83
2025-10-07 12:33:11;29.83;705.00;48.00;1004.98;500;2392;344.64;2;68.30;23.83
2025-10-07 12:33:12;29.84;705.00;48.00;1004.98;500;2392;344.64;2;68.30;23.84
2025-10-07 12:33:13;29.84;705.00;48.00;1004.98;500;2392;344.64;2;68.30;23.84
2025-10-07 12:33:14;29.84;705.00;48.00;1004.98;500;2392;344.64;2;68.30;23.84
2025-10-07 12:33:15;29.84;705.00;48.00;1004.98;500;2392;344.64;2;68.30;23.84
2025-10-07 12:33:16;29.82;705.00;48.00;1005.00;500;2392;344.64;2;68.30;23.82
2025-10-07 12:33:17;29.83;705.00;48.00;1004.98;500;2392;344.64;2;68.30;23.83
2025-10-07 12:33:18;29.83;705.00;47.00;1004.98;500;2392;344.64;2;66.88;23.83
2025-10-07 12:33:19;29.83;705.00;47.00;1004.98;500;2392;344.64;2;66.88;23.83
2025-10-07 12:33:20;29.83;705.00;47.00;1004.98;500;2392;344.64;2;66.88;23.83
2025-10-07 12:33:21;29.83;705.00;47.00;1005.00;500;2392;344.64;2;66.88;23.83
2025-10-07 12:33:22;29.83;705.00;47.00;1005.00;500;2392;344.64;2;66.88;23.83
2025-10-07 12:33:23;29.83;705.00;47.00;1005.00;500;2392;344.64;2;66.88;23.83
2025-10-07 12:33:24;29.83;705.00;47.00;1005.00;500;2392;344.64;2;66.88;23.83
2025-10-07 12:33:25;29.83;705.00;47.00;1005.00;500;2392;344.64;2;66.88;23.83
2025-10-07 12:33:26;29.83;705.00;47.00;1005.00;500;2392;344.64;2;66.88;23.83
2025-10-07 12:33:27;29.83;705.00;47.00;1005.00;500;2392;344.64;2;66.88;23.83
2025-10-07 12:33:28;29.81;705.00;47.00;1005.00;500;2392;344.64;2;66.88;23.81
2025-10-07 12:33:29;29.83;705.00;47.00;1005.00;500;2392;344.64;2;66.88;23.83
2025-10-07 12:33:30;29.83;705.00;47.00;1005.00;500;2392;344.64;2;66.88;23.83
2025-10-07 12:33:31;29.83;705.00;47.00;1004.98;500;2393;344.64;2;66.88;23.83
2025-10-07 12:33:32;29.82;705.00;47.00;1004.98;500;2393;344.64;2;66.88;23.82
2025-10-07 12:33:33;29.83;705.00;47.00;1004.98;500;2393;344.64;2;66.88;23.83
2025-10-07 12:33:34;29.82;705.00;47.00;1004.98;500;2393;344.64;2;66.88;23.82
2025-10-07 12:33:35;29.82;705.00;47.00;1004.98;500;2393;344.64;2;66.88;23.82
2025-10-07 12:33:36;29.82;705.00;47.00;1004.98;500;2393;344.64;2;66.88;23.82
2025-10-07 12:33:37;29.82;705.00;47.00;1004.98;500;2393;344.64;2;66.88;23.82
2025-10-07 12:33:38;29.82;705.00;47.00;1004.98;500;2393;344.64;2;66.88;23.82
2025-10-07 12:33:39;29.82;705.00;47.00;1004.98;500;2393;344.64;2;66.88;23.82
2025-10-07 12:33:40;29.82;705.00;47.00;1004.98;500;2393;344.64;2;66.88;23.82
2025-10-07 12:33:41;29.82;705.00;47.00;1004.98;500;2393;344.64;2;66.88;23.82
2025-10-07 12:33:42;29.82;705.00;47.00;1004.98;500;2393;344.64;2;66.88;23.82
2025-10-07 12:33:43;29.82;705.00;47.00;1004.98;500;2393;344.64;2;66.88;23.82
2025-10-07 12:33:44;29.82;705.00;47.00;1004.98;500;2393;344.64;2;66.88;23.82
2025-10-07 12:33:45;29.82;705.00;47.00;1004.98;500;2393;344.64;2;66.88;23.82
2025-10-07 12:33:46;29.82;705.00;47.00;1005.00;500;2393;344.64;2;66.88;23.82
2025-10-07 12:33:47;29.82;705.00;47.00;1005.00;500;2393;344.64;2;66.88;23.82
2025-10-07 12:33:48;29.81;705.00;47.00;1004.98;500;2393;344.64;2;66.88;23.81
2025-10-07 12:33:49;29.81;705.00;47.00;1005.00;500;2393;344.64;2;66.88;23.81
2025-10-07 12:33:50;29.81;705.00;47.00;1005.00;500;2393;344.64;2;66.88;23.81
2025-10-07 12:33:51;29.81;705.00;47.00;1005.00;500;2393;344.64;2;66.88;23.81
2025-10-07 12:33:52;29.81;705.00;47.00;1005.00;500;2393;344.64;2;66.88;23.81
2025-10-07 12:33:53;29.81;705.00;47.00;1004.98;500;2393;344.64;2;66.88;23.81
2025-10-07 12:33:54;29.81;705.00;47.00;1005.00;500;2393;344.64;2;66.88;23.81
2025-10-07 12:33:55;29.81;705.00;47.00;1005.00;500;2393;344.64;2;66.88;23.81
2025-10-07 12:33:56;29.81;705.00;47.00;1005.00;500;2393;344.64;2;66.88;23.81
2025-10-07 12:33:57;29.81;705.00;47.00;1005.00;500;2393;344.64;2;66.88;23.81
2025-10-07 12:33:58;29.81;705.00;47.00;1005.00;500;2393;344.64;2;66.88;23.81
2025-10-07 12:33:59;29.80;705.00;47.00;1004.98;500;2393;344.64;2;66.88;23.80
2025-10-07 12:34:00;29.81;705.00;47.00;1004.98;500;2393;344.64;2;66.88;23.81
2025-10-07 12:34:01;29.80;705.00;47.00;1004.98;500;2393;344.64;2;66.88;23.80
2025-10-07 12:34:02;29.80;705.00;47.00;1004.98;500;2393;344.64;2;66.88;23.80
2025-10-07 12:34:03;29.80;705.00;47.00;1004.98;500;2393;344.64;2;66.88;23.80
2025-10-07 12:34:04;29.78;705.00;47.00;1004.98;500;2393;344.64;2;66.89;23.78
2025-10-07 12:34:05;29.80;705.00;47.00;1004.98;500;2393;344.64;2;66.88;23.80
2025-10-07 12:34:06;29.80;705.00;47.00;1004.98;500;2393;344.64;2;66.88;23.80
2025-10-07 12:34:07;29.80;705.00;47.00;1004.98;500;2393;344.64;2;66.88;23.80
2025-10-07 12:34:08;29.80;705.00;47.00;1004.98;500;2393;344.64;2;66.88;23.80
2025-10-07 12:34:09;29.80;705.00;47.00;1005.00;500;2393;344.64;2;66.88;23.80
2025-10-07 12:34:10;29.80;705.00;47.00;1005.00;500;2394;344.64;2;66.88;23.80
2025-10-07 12:34:11;29.79;705.00;47.00;1004.98;500;2394;344.64;2;66.89;23.79
2025-10-07 12:34:12;29.79;705.00;47.00;1005.00;500;2394;344.64;2;66.89;23.79
2025-10-07 12:34:13;29.79;705.00;47.00;1004.98;500;2394;344.64;2;66.89;23.79
2025-10-07 12:34:14;29.79;705.00;47.00;1004.98;500;2394;344.64;2;66.89;23.79
2025-10-07 12:34:15;29.79;705.00;47.00;1005.00;500;2394;344.64;2;66.89;23.79
2025-10-07 12:34:16;29.79;705.00;47.00;1005.00;500;2394;344.64;2;66.89;23.79
2025-10-07 12:34:17;29.79;705.00;47.00;1005.00;500;2394;344.64;2;66.89;23.79
2025-10-07 12:34:18;29.79;705.00;47.00;1005.00;500;2394;344.64;2;66.89;23.79
2025-10-07 12:34:19;29.79;705.00;47.00;1005.01;500;2394;344.64;2;66.89;23.79
2025-10-07 12:34:20;29.79;705.00;47.00;1005.00;500;2394;344.64;2;66.89;23.79
2025-10-07 12:34:21;29.79;705.00;47.00;1005.00;500;2394;344.64;2;66.89;23.79
2025-10-07 12:34:22;29.79;705.00;47.00;1005.01;500;2394;344.64;2;66.89;23.79
2025-10-07 12:34:23;29.78;705.00;46.00;1004.95;500;2394;344.64;2;65.47;23.78
2025-10-07 12:34:24;29.78;705.00;47.00;1005.00;500;2394;344.64;2;66.89;23.78
2025-10-07 12:34:25;29.78;705.00;46.00;1004.94;500;2394;344.64;2;65.47;23.78
2025-10-07 12:34:26;29.78;705.00;47.00;1004.94;500;2394;344.64;2;66.89;23.78
2025-10-07 12:34:27;29.78;705.00;46.00;1004.95;500;2394;344.64;2;65.47;23.78
2025-10-07 12:34:28;29.78;705.00;47.00;1004.95;500;2394;344.64;2;66.89;23.78
2025-10-07 12:34:29;29.78;705.00;47.00;1004.95;500;2394;344.64;2;66.89;23.78
2025-10-07 12:34:30;29.78;705.00;46.00;1004.95;500;2394;344.64;2;65.47;23.78
2025-10-07 12:34:31;29.77;705.00;46.00;1004.98;500;2395;344.64;2;65.47;23.77
2025-10-07 12:34:32;29.78;705.00;46.00;1004.98;500;2395;344.64;2;65.47;23.78
2025-10-07 12:34:33;29.77;705.00;47.00;1004.98;500;2395;344.64;2;66.89;23.77
2025-10-07 12:34:34;29.77;705.00;46.00;1004.98;500;2394;344.64;2;65.47;23.77
2025-10-07 12:34:35;29.77;705.00;46.00;1004.98;500;2394;344.64;2;65.47;23.77
2025-10-07 12:34:36;29.77;705.00;46.00;1004.98;500;2394;344.64;2;65.47;23.77
2025-10-07 12:34:37;29.77;705.00;46.00;1004.98;500;2395;344.64;2;65.47;23.77
2025-10-07 12:34:38;29.76;705.00;46.00;1004.98;500;2395;344.64;2;65.47;23.76
2025-10-07 12:34:39;29.76;705.00;46.00;1004.95;500;2395;344.64;2;65.47;23.76
2025-10-07 12:34:40;29.76;705.00;46.00;1004.95;500;2395;344.64;2;65.47;23.76
2025-10-07 12:34:41;29.76;705.00;46.00;1004.95;500;2395;344.64;2;65.47;23.76
2025-10-07 12:34:42;29.76;705.00;46.00;1004.95;500;2395;344.64;2;65.47;23.76
2025-10-07 12:34:43;29.76;705.00;46.00;1004.95;500;2396;344.64;2;65.47;23.76
2025-10-07 12:34:44;29.75;705.00;46.00;1004.98;500;2396;344.64;2;65.47;23.75
2025-10-07 12:34:45;29.75;705.00;46.00;1004.98;500;2396;344.64;2;65.47;23.75
2025-10-07 12:34:46;29.76;705.00;46.00;1004.98;500;2396;344.64;2;65.47;23.76
2025-10-07 12:34:47;29.76;705.00;46.00;1004.98;500;2396;344.64;2;65.47;23.76
2025-10-07 12:34:48;29.75;705.00;46.00;1004.98;500;2396;344.64;2;65.47;23.75
2025-10-07 12:34:49;29.76;705.00;46.00;1004.98;500;2396;344.64;2;65.47;23.76
2025-10-07 12:34:50;29.75;705.00;46.00;1004.98;500;2396;344.64;2;65.47;23.75
2025-10-07 12:34:51;29.74;705.00;46.00;1004.94;500;2396;344.64;2;65.47;23.74
2025-10-07 12:34:52;29.73;705.00;46.00;1004.95;500;2396;344.64;2;65.47;23.73
2025-10-07 12:34:53;29.74;705.00;46.00;1004.94;500;2396;344.64;2;65.47;23.74
2025-10-07 12:34:54;29.75;705.00;46.00;1004.98;500;2396;344.64;2;65.47;23.75
2025-10-07 12:34:55;29.75;705.00;46.00;1004.95;500;2397;344.64;2;65.47;23.75
2025-10-07 12:34:56;29.75;705.00;46.00;1005.00;500;2397;344.64;2;65.47;23.75
2025-10-07 12:34:57;29.74;705.00;46.00;1004.95;500;2397;344.64;2;65.47;23.74
2025-10-07 12:34:58;29.75;705.00;46.00;1004.95;500;2397;344.64;2;65.47;23.75
2025-10-07 12:34:59;29.74;705.00;46.00;1004.95;500;2397;344.64;2;65.47;23.74
2025-10-07 12:35:00;29.74;705.00;46.00;1004.98;500;2397;344.64;2;65.47;23.74
2025-10-07 12:35:01;29.74;705.00;46.00;1004.95;500;2397;344.64;2;65.47;23.74
2025-10-07 12:35:02;29.74;705.00;46.00;1004.95;500;2397;344.64;2;65.47;23.74
2025-10-07 12:35:03;29.74;705.00;46.00;1004.95;500;2397;344.64;2;65.47;23.74
2025-10-07 12:35:04;29.72;705.00;46.00;1004.94;500;2397;344.64;2;65.48;23.72
2025-10-07 12:35:05;29.73;705.00;46.00;1004.98;500;2397;344.64;2;65.47;23.73
2025-10-07 12:35:06;29.74;705.00;46.00;1004.98;500;2397;344.64;2;65.47;23.74
2025-10-07 12:35:07;29.73;705.00;46.00;1004.98;500;2398;344.64;2;65.47;23.73
2025-10-07 12:35:08;29.72;705.00;46.00;1004.94;500;2398;344.64;2;65.48;23.72
2025-10-07 12:35:09;29.73;705.00;46.00;1004.98;500;2398;344.64;2;65.47;23.73
2025-10-07 12:35:10;29.73;705.00;46.00;1004.98;500;2398;344.64;2;65.47;23.73
2025-10-07 12:35:11;29.73;705.00;46.00;1004.98;500;2398;344.64;2;65.47;23.73
2025-10-07 12:35:12;29.73;705.00;46.00;1004.98;500;2398;344.64;2;65.47;23.73
2025-10-07 12:35:13;29.72;705.00;46.00;1004.95;500;2398;344.64;2;65.48;23.72
2025-10-07 12:35:14;29.72;705.00;46.00;1004.95;500;2398;344.64;2;65.48;23.72
2025-10-07 12:35:15;29.72;705.00;46.00;1004.95;500;2398;344.64;2;65.48;23.72
2025-10-07 12:35:16;29.70;705.00;46.00;1004.91;500;2398;344.64;2;65.48;23.70
2025-10-07 12:35:17;29.71;705.00;46.00;1004.95;500;2398;344.64;2;65.48;23.71
2025-10-07 12:35:18;29.72;705.00;46.00;1004.95;500;2398;344.64;2;65.48;23.72
2025-10-07 12:35:19;29.72;705.00;46.00;1004.98;500;2398;344.64;2;65.48;23.72
2025-10-07 12:35:20;29.71;705.00;46.00;1004.98;500;2398;344.64;2;65.48;23.71
2025-10-07 12:35:21;29.71;705.00;46.00;1004.98;500;2398;344.64;2;65.48;23.71
2025-10-07 12:35:22;29.71;705.00;46.00;1004.98;500;2399;344.64;2;65.48;23.71
2025-10-07 12:35:23;29.71;705.00;46.00;1004.98;500;2399;344.64;2;65.48;23.71
2025-10-07 12:35:24;29.71;705.00;46.00;1004.98;500;2399;344.64;2;65.48;23.71
2025-10-07 12:35:25;29.71;705.00;46.00;1005.00;500;2399;344.64;2;65.48;23.71
2025-10-07 12:35:26;29.71;705.00;46.00;1004.98;500;2399;344.64;2;65.48;23.71
2025-10-07 12:35:27;29.71;705.00;46.00;1005.00;500;2399;344.64;2;65.48;23.71
2025-10-07 12:35:28;29.71;705.00;46.00;1004.95;500;2399;344.64;2;65.48;23.71
2025-10-07 12:35:29;29.69;705.00;46.00;1004.94;500;2399;344.64;2;65.48;23.69
2025-10-07 12:35:30;29.70;705.00;46.00;1004.95;500;2399;344.64;2;65.48;23.70
2025-10-07 12:35:31;29.70;705.00;46.00;1004.95;500;2399;344.64;2;65.48;23.70
2025-10-07 12:35:32;29.70;705.00;46.00;1004.98;500;2399;344.64;2;65.48;23.70
2025-10-07 12:35:33;29.69;705.00;46.00;1004.95;500;2399;344.64;2;65.48;23.69
2025-10-07 12:35:34;29.70;705.00;46.00;1004.98;500;2399;344.64;2;65.48;23.70
2025-10-07 12:35:35;29.70;705.00;46.00;1004.98;500;2399;344.64;2;65.48;23.70
2025-10-07 12:35:36;29.69;705.00;46.00;1004.98;500;2399;344.64;2;65.48;23.69
2025-10-07 12:35:37;29.69;705.00;46.00;1004.95;500;2399;344.64;2;65.48;23.69
2025-10-07 12:35:38;29.69;705.00;46.00;1004.94;500;2399;344.64;2;65.48;23.69
2025-10-07 12:35:39;29.68;705.00;46.00;1004.94;500;2399;344.64;2;65.48;23.68
2025-10-07 12:35:40;29.68;705.00;46.00;1004.94;500;2399;344.64;2;65.48;23.68
2025-10-07 12:35:41;29.66;705.00;46.00;1004.94;500;2400;344.64;2;65.49;23.66
2025-10-07 12:35:42;29.67;705.00;46.00;1004.91;500;2400;344.64;2;65.48;23.67
2025-10-07 12:35:43;29.67;705.00;46.00;1004.91;500;2400;344.64;2;65.48;23.67
2025-10-07 12:35:44;29.66;705.00;46.00;1004.87;500;2400;344.64;2;65.49;23.66
2025-10-07 12:35:45;29.67;705.00;46.00;1004.90;500;2400;344.64;2;65.48;23.67
2025-10-07 12:35:46;29.66;705.00;46.00;1004.90;500;2400;344.64;2;65.49;23.66
2025-10-07 12:35:47;29.66;705.00;46.00;1004.91;500;2400;344.64;2;65.49;23.66
2025-10-07 12:35:48;29.66;705.00;46.00;1004.91;500;2400;344.64;2;65.49;23.66
2025-10-07 12:35:49;29.65;705.00;46.00;1004.94;500;2400;344.64;2;65.49;23.65
2025-10-07 12:35:50;29.65;705.00;46.00;1004.91;500;2400;344.64;2;65.49;23.65
2025-10-07 12:35:51;29.65;705.00;46.00;1004.90;500;2400;344.64;2;65.49;23.65
2025-10-07 12:35:52;29.65;705.00;46.00;1004.87;500;2400;344.64;2;65.49;23.65
2025-10-07 12:35:53;29.62;705.00;46.00;1004.90;500;2400;344.64;2;65.49;23.62
2025-10-07 12:35:54;29.63;705.00;46.00;1004.90;500;2400;344.64;2;65.49;23.63
2025-10-07 12:35:55;29.62;705.00;46.00;1004.90;500;2400;344.64;2;65.49;23.62
2025-10-07 12:35:56;29.62;705.00;46.00;1004.91;500;2400;344.64;2;65.49;23.62
2025-10-07 12:35:57;29.62;705.00;46.00;1004.94;500;2400;344.64;2;65.49;23.62
2025-10-07 12:35:58;29.61;705.00;46.00;1004.91;500;2400;344.64;2;65.49;23.61
2025-10-07 12:35:59;29.61;705.00;46.00;1004.91;500;2400;344.64;2;65.49;23.61
2025-10-07 12:36:00;29.59;705.00;46.00;1004.90;500;2400;344.64;2;65.50;23.59
2025-10-07 12:36:01;29.57;705.00;46.00;1004.91;500;2400;344.64;2;65.50;23.57
2025-10-07 12:36:02;29.57;705.00;46.00;1004.86;500;2401;344.64;2;65.50;23.57
2025-10-07 12:36:03;29.56;705.00;46.00;1004.87;500;2401;344.64;2;65.50;23.56
2025-10-07 12:36:04;29.55;705.00;46.00;1004.87;500;2401;344.64;2;65.50;23.55
2025-10-07 12:36:05;29.52;705.00;45.00;1004.87;500;2401;344.64;2;64.09;23.52
2025-10-07 12:36:06;29.53;705.00;45.00;1004.87;500;2401;344.64;2;64.08;23.53
2025-10-07 12:36:07;29.52;705.00;45.00;1004.90;500;2401;344.64;2;64.09;23.52
2025-10-07 12:36:08;29.51;705.00;45.00;1004.90;500;2401;344.64;2;64.09;23.51
2025-10-07 12:36:09;29.51;705.00;45.00;1004.87;500;2401;344.64;2;64.09;23.51
2025-10-07 12:36:10;29.50;705.00;45.00;1004.90;500;2401;344.64;2;64.09;23.50
2025-10-07 12:36:11;29.49;705.00;45.00;1004.90;500;2402;344.64;2;64.09;23.49
2025-10-07 12:36:12;29.48;734.00;44.00;1004.87;500;2402;344.64;2;62.67;23.48
2025-10-07 12:36:13;29.45;861.00;44.00;1004.86;500;2402;344.64;2;62.67;23.45
2025-10-07 12:36:14;29.44;913.00;44.00;1004.87;500;2369;344.64;2;62.67;23.44
2025-10-07 12:36:15;29.43;981.00;44.00;1004.87;500;2369;344.64;2;62.68;23.43
2025-10-07 12:36:16;29.42;1073.00;44.00;1004.86;500;2369;344.64;2;62.68;23.42
2025-10-07 12:36:17;29.39;1225.00;44.00;1004.86;500;2315;344.64;2;62.68;23.39
2025-10-07 12:36:18;29.39;1374.00;44.00;1004.86;500;2315;344.64;2;62.68;23.39
2025-10-07 12:36:19;29.38;1460.00;44.00;1004.90;500;2315;344.64;2;62.68;23.38
2025-10-07 12:36:20;29.37;1563.00;44.00;1004.86;500;2224;344.64;2;62.69;23.37
2025-10-07 12:36:21;29.36;1699.00;43.00;1004.90;500;2224;344.64;2;61.26;23.36
2025-10-07 12:36:22;29.34;1869.00;43.00;1004.86;500;2224;344.64;2;61.27;23.34
2025-10-07 12:36:23;29.34;1944.00;43.00;1004.83;500;2129;344.64;2;61.27;23.34
2025-10-07 12:36:24;29.32;2033.00;43.00;1004.86;500;2129;344.64;2;61.27;23.32
2025-10-07 12:36:25;29.31;2065.00;43.00;1004.86;500;2129;344.64;2;61.27;23.31
2025-10-07 12:36:26;29.30;2160.00;43.00;1004.87;500;2044;344.64;2;61.27;23.30
2025-10-07 12:36:27;29.29;2245.00;43.00;1004.86;500;2044;344.64;2;61.27;23.29
2025-10-07 12:36:28;29.27;2396.00;43.00;1004.90;500;2044;344.64;2;61.28;23.27
2025-10-07 12:36:29;29.26;2485.00;43.00;1004.87;500;1963;344.64;2;61.28;23.26
2025-10-07 12:36:30;29.25;2557.00;43.00;1004.90;500;1963;344.64;2;61.28;23.25
2025-10-07 12:36:31;29.24;2691.00;43.00;1004.87;500;1963;344.64;2;61.28;23.24
2025-10-07 12:36:32;29.23;2952.00;43.00;1004.87;500;1889;344.64;2;61.28;23.23
2025-10-07 12:36:33;29.22;3183.00;43.00;1004.90;500;1889;344.64;2;61.29;23.22
2025-10-07 12:36:34;29.21;3521.00;42.00;1004.90;500;1889;344.64;2;59.86;23.21
2025-10-07 12:36:35;29.20;3531.00;42.00;1004.90;500;1800;344.64;2;59.86;23.20
2025-10-07 12:36:36;29.18;3624.00;42.00;1004.90;500;1800;344.64;2;59.87;23.18
2025-10-07 12:36:37;29.17;3974.00;42.00;1004.90;500;1800;344.64;2;59.87;23.17
2025-10-07 12:36:38;29.17;4249.00;42.00;1004.90;500;1715;344.64;2;59.87;23.17
2025-10-07 12:36:39;29.15;4584.00;42.00;1004.87;500;1715;344.64;2;59.87;23.15
2025-10-07 12:36:40;29.13;4848.00;42.00;1004.90;500;1715;344.64;2;59.87;23.13
2025-10-07 12:36:41;29.12;4944.00;42.00;1004.87;500;1629;344.64;2;59.88;23.12
2025-10-07 12:36:42;29.11;5300.00;42.00;1004.86;500;1629;344.64;2;59.88;23.11
2025-10-07 12:36:43;29.08;5650.00;42.00;1004.86;500;1629;344.64;2;59.88;23.08
2025-10-07 12:36:44;29.07;5885.00;42.00;1004.87;500;1545;344.64;2;59.88;23.07
2025-10-07 12:36:45;29.06;5984.00;42.00;1004.86;500;1545;344.64;2;59.89;23.06
2025-10-07 12:36:46;29.05;6346.00;42.00;1004.87;500;1545;344.64;2;59.89;23.05
2025-10-07 12:36:47;29.04;6400.00;42.00;1004.87;500;1472;344.64;2;59.89;23.04
2025-10-07 12:36:48;29.02;6589.00;42.00;1004.87;500;1472;344.64;2;59.89;23.02
2025-10-07 12:36:49;29.01;6729.00;42.00;1004.86;500;1472;344.64;2;59.89;23.01
2025-10-07 12:36:50;29.00;6980.00;42.00;1004.87;500;1411;344.64;2;59.90;23.00
2025-10-07 12:36:51;28.98;7441.00;42.00;1004.87;500;1411;344.64;2;59.90;22.98
2025-10-07 12:36:52;28.96;8027.00;42.00;1004.87;500;1411;344.64;2;59.90;22.96
2025-10-07 12:36:53;28.95;8288.00;42.00;1004.87;500;1343;344.64;2;59.90;22.95
2025-10-07 12:36:54;28.94;8622.00;41.00;1004.87;500;1343;344.64;2;58.48;22.94
2025-10-07 12:36:55;28.92;8832.00;41.00;1004.87;500;1343;344.64;2;58.48;22.92
2025-10-07 12:36:56;28.91;8999.00;41.00;1004.86;500;1283;344.64;2;58.48;22.91
2025-10-07 12:36:57;28.89;9116.00;41.00;1004.87;500;1283;344.64;2;58.49;22.89
2025-10-07 12:36:58;28.88;9394.00;41.00;1004.86;500;1283;344.64;2;58.49;22.88
2025-10-07 12:36:59;28.86;9807.00;41.00;1004.86;500;1229;344.64;2;58.49;22.86
2025-10-07 12:37:00;28.85;9807.00;41.00;1004.86;500;1229;344.64;2;58.49;22.85
2025-10-07 12:37:01;28.83;9928.00;41.00;1004.87;500;1229;344.64;2;58.50;22.83
2025-10-07 12:37:02;28.82;10339.00;41.00;1004.86;500;1182;344.64;2;58.50;22.82
2025-10-07 12:37:03;28.80;10494.00;41.00;1004.86;500;1182;344.64;2;58.50;22.80
2025-10-07 12:37:04;28.79;10568.00;41.00;1004.90;500;1182;344.64;2;58.50;22.79
2025-10-07 12:37:05;28.77;10633.00;41.00;1004.87;500;1146;344.64;2;58.50;22.77
2025-10-07 12:37:06;28.76;10742.00;41.00;1004.87;500;1146;344.64;2;58.51;22.76
2025-10-07 12:37:07;28.73;10921.00;41.00;1004.87;500;1146;344.64;2;58.51;22.73
2025-10-07 12:37:08;28.73;11153.00;41.00;1004.87;500;1115;344.64;2;58.51;22.73
2025-10-07 12:37:09;28.71;11273.00;41.00;1004.87;500;1115;344.64;2;58.51;22.71
2025-10-07 12:37:10;28.69;11420.00;41.00;1004.87;500;1115;344.64;2;58.52;22.69
2025-10-07 12:37:11;28.68;11826.00;41.00;1004.86;500;1088;344.64;2;58.52;22.68
2025-10-07 12:37:12;28.66;11933.00;41.00;1004.86;500;1088;344.64;2;58.52;22.66
2025-10-07 12:37:13;28.65;12147.00;41.00;1004.90;500;1088;344.64;2;58.52;22.65
2025-10-07 12:37:14;28.63;12239.00;41.00;1004.86;500;1060;344.64;2;58.53;22.63
2025-10-07 12:37:15;28.62;12442.00;41.00;1004.87;500;1060;344.64;2;58.53;22.62
2025-10-07 12:37:16;28.61;12546.00;41.00;1004.86;500;1060;344.64;2;58.53;22.61
2025-10-07 12:37:17;28.59;12861.00;41.00;1004.86;500;1034;344.64;2;58.53;22.59
2025-10-07 12:37:18;28.57;12948.00;41.00;1004.87;500;1034;344.64;2;58.54;22.57
2025-10-07 12:37:19;28.56;13069.00;41.00;1004.87;500;1034;344.64;2;58.54;22.56
2025-10-07 12:37:20;28.55;13514.00;41.00;1004.86;500;1010;344.64;2;58.54;22.55
2025-10-07 12:37:21;28.53;13708.00;41.00;1004.87;500;1010;344.64;2;58.54;22.53
2025-10-07 12:37:22;28.52;13880.00;41.00;1004.87;500;1010;344.64;2;58.54;22.52
2025-10-07 12:37:23;28.50;14001.00;41.00;1004.87;500;987;344.64;2;58.55;22.50
2025-10-07 12:37:24;28.48;14267.00;41.00;1004.86;500;987;344.64;2;58.55;22.48
2025-10-07 12:37:25;28.47;14443.00;41.00;1004.83;500;987;344.64;2;58.55;22.47
2025-10-07 12:37:26;28.46;14513.00;41.00;1004.83;500;965;344.64;2;58.55;22.46
2025-10-07 12:37:27;28.43;14645.00;41.00;1004.86;500;965;344.64;2;58.56;22.43
2025-10-07 12:37:28;28.42;14820.00;41.00;1004.83;500;965;344.64;2;58.56;22.42
2025-10-07 12:37:29;28.41;14758.00;41.00;1004.83;500;948;344.64;2;58.56;22.41
2025-10-07 12:37:30;28.39;14831.00;41.00;1004.83;500;948;344.64;2;58.56;22.39
2025-10-07 12:37:31;28.37;15075.00;41.00;1004.86;500;948;344.64;2;58.57;22.37
2025-10-07 12:37:32;28.36;15054.00;41.00;1004.83;500;934;344.64;2;58.57;22.36
2025-10-07 12:37:33;28.35;15284.00;41.00;1004.83;500;934;344.64;2;58.57;22.35
2025-10-07 12:37:34;28.33;15306.00;41.00;1004.83;500;934;344.64;2;58.57;22.33
2025-10-07 12:37:35;28.33;15396.00;41.00;1004.86;500;920;344.64;2;58.57;22.33
2025-10-07 12:37:36;28.30;15613.00;41.00;1004.86;500;920;344.64;2;58.58;22.30
2025-10-07 12:37:37;28.28;15659.00;41.00;1004.83;500;920;344.64;2;58.58;22.28
2025-10-07 12:37:38;28.28;15718.00;41.00;1004.86;500;909;344.64;2;58.58;22.28
2025-10-07 12:37:39;28.25;15896.00;41.00;1004.87;500;909;344.64;2;58.59;22.25
2025-10-07 12:37:40;28.24;16054.00;41.00;1004.83;500;909;344.64;2;58.59;22.24
2025-10-07 12:37:41;28.22;16203.00;41.00;1004.86;500;895;344.64;2;58.59;22.22
2025-10-07 12:37:42;28.21;16228.00;41.00;1004.83;500;895;344.64;2;58.59;22.21
2025-10-07 12:37:43;28.19;16303.00;41.00;1004.83;500;895;344.64;2;58.59;22.19
2025-10-07 12:37:44;28.17;16482.00;41.00;1004.83;500;885;344.64;2;58.60;22.17
2025-10-07 12:37:45;28.15;16508.00;41.00;1004.87;500;885;344.64;2;58.60;22.15
2025-10-07 12:37:46;28.14;16626.00;41.00;1004.86;500;885;344.64;2;58.60;22.14
2025-10-07 12:37:47;28.12;16626.00;41.00;1004.86;500;877;344.64;2;58.61;22.12
2025-10-07 12:37:48;28.10;16799.00;41.00;1004.86;500;877;344.64;2;58.61;22.10
2025-10-07 12:37:49;28.08;17058.00;41.00;1004.87;500;877;344.64;2;58.61;22.08
2025-10-07 12:37:50;28.07;16948.00;41.00;1004.87;500;868;344.64;2;58.61;22.07
2025-10-07 12:37:51;28.07;17211.00;41.00;1004.90;500;868;344.64;2;58.61;22.07
2025-10-07 12:37:52;28.05;17254.00;41.00;1004.87;500;868;344.64;2;58.62;22.05
2025-10-07 12:37:53;28.03;17454.00;41.00;1004.86;495;858;344.64;2;58.62;22.03
2025-10-07 12:37:54;28.02;17469.00;41.00;1004.83;495;858;344.64;2;58.62;22.02
2025-10-07 12:37:55;28.01;17630.00;41.00;1004.87;495;858;344.64;2;58.62;22.01
2025-10-07 12:37:56;27.99;17704.00;41.00;1004.83;489;849;344.64;2;58.63;21.99
2025-10-07 12:37:57;27.97;17794.00;41.00;1004.83;489;849;344.64;2;58.63;21.97
2025-10-07 12:37:58;27.95;17916.00;41.00;1004.86;489;849;344.64;2;58.63;21.95
2025-10-07 12:37:59;27.93;17946.00;41.00;1004.86;489;849;344.64;2;58.64;21.93
2025-10-07 12:38:00;27.92;18054.00;41.00;1004.86;484;842;344.64;2;58.64;21.92
2025-10-07 12:38:01;27.90;18039.00;41.00;1004.86;484;842;344.64;2;58.64;21.90
2025-10-07 12:38:02;27.88;18039.00;41.00;1004.86;484;842;344.64;2;58.64;21.88
2025-10-07 12:38:03;27.85;18242.00;42.00;1004.83;480;836;344.64;2;60.08;21.85
2025-10-07 12:38:04;27.85;18354.00;42.00;1004.86;480;836;344.64;2;60.08;21.85
2025-10-07 12:38:05;27.84;18258.00;42.00;1004.86;480;836;344.64;2;60.08;21.84
2025-10-07 12:38:06;27.82;18386.00;42.00;1004.83;476;830;344.64;2;60.08;21.82
2025-10-07 12:38:07;27.80;18548.00;42.00;1004.82;476;830;344.64;2;60.09;21.80
2025-10-07 12:38:08;27.78;18663.00;42.00;1004.82;476;830;344.64;2;60.09;21.78
2025-10-07 12:38:09;27.77;18797.00;42.00;1004.86;472;823;344.64;2;60.09;21.77
2025-10-07 12:38:10;27.75;18697.00;42.00;1004.83;472;823;344.64;2;60.09;21.75
2025-10-07 12:38:11;27.73;18898.00;42.00;1004.83;472;823;344.64;2;60.10;21.73
2025-10-07 12:38:12;27.72;18915.00;42.00;1004.86;467;816;344.64;2;60.10;21.72
2025-10-07 12:38:13;27.71;18932.00;42.00;1004.83;467;816;344.64;2;60.10;21.71
2025-10-07 12:38:14;27.68;18865.00;42.00;1004.83;467;816;344.64;2;60.11;21.68
2025-10-07 12:38:15;27.66;19105.00;42.00;1004.90;464;812;344.64;2;60.11;21.66
2025-10-07 12:38:16;27.66;19087.00;42.00;1004.90;464;812;344.64;2;60.11;21.66
2025-10-07 12:38:17;27.64;19387.00;42.00;1004.91;464;812;344.64;2;60.11;21.64
2025-10-07 12:38:18;27.63;19369.00;42.00;1004.87;460;805;344.64;2;60.11;21.63
2025-10-07 12:38:19;27.61;19315.00;42.00;1004.91;460;805;344.64;2;60.12;21.61
2025-10-07 12:38:20;27.59;19531.00;42.00;1004.86;460;805;344.64;2;60.12;21.59
2025-10-07 12:38:21;27.58;19826.00;42.00;1004.86;456;800;344.64;2;60.12;21.58
2025-10-07 12:38:22;27.56;19807.00;42.00;1004.86;456;800;344.64;2;60.13;21.56
2025-10-07 12:38:23;27.55;19938.00;42.00;1004.90;456;800;344.64;2;60.13;21.55
2025-10-07 12:38:24;27.54;19976.00;42.00;1004.87;451;793;344.64;2;60.13;21.54
2025-10-07 12:38:25;27.52;20053.00;42.00;1004.87;451;793;344.64;2;60.13;21.52
2025-10-07 12:38:26;27.50;19976.00;42.00;1004.90;451;793;344.64;2;60.13;21.50
2025-10-07 12:38:27;27.49;19920.00;42.00;1004.87;448;788;344.64;2;60.14;21.49
2025-10-07 12:38:28;27.48;20033.00;42.00;1004.87;448;788;344.64;2;60.14;21.48
2025-10-07 12:38:29;27.45;20129.00;42.00;1004.87;448;788;344.64;2;60.14;21.45
2025-10-07 12:38:30;27.45;20053.00;42.00;1004.87;445;784;344.64;2;60.14;21.45
2025-10-07 12:38:31;27.43;20285.00;42.00;1004.90;445;784;344.64;2;60.15;21.43
2025-10-07 12:38:32;27.41;20168.00;42.00;1004.87;445;784;344.64;2;60.15;21.41
2025-10-07 12:38:33;27.40;20383.00;42.00;1004.87;443;781;344.64;2;60.15;21.40
2025-10-07 12:38:34;27.39;20383.00;42.00;1004.90;443;781;344.64;2;60.15;21.39
2025-10-07 12:38:35;27.37;20383.00;42.00;1004.86;443;781;344.64;2;60.16;21.37
2025-10-07 12:38:36;27.36;20563.00;42.00;1004.86;439;776;344.64;2;60.16;21.36
2025-10-07 12:38:37;27.35;20523.00;42.00;1004.87;439;776;344.64;2;60.16;21.35
2025-10-07 12:38:38;27.32;20523.00;42.00;1004.87;439;776;344.64;2;60.16;21.32
2025-10-07 12:38:39;27.31;20543.00;42.00;1004.86;437;773;344.64;2;60.17;21.31
2025-10-07 12:38:40;27.30;20745.00;42.00;1004.86;437;773;344.64;2;60.17;21.30
2025-10-07 12:38:41;27.28;20745.00;42.00;1004.86;437;773;344.64;2;60.17;21.28
2025-10-07 12:38:42;27.27;20828.00;42.00;1004.87;435;770;344.64;2;60.17;21.27
2025-10-07 12:38:43;27.25;20911.00;42.00;1004.86;435;770;344.64;2;60.18;21.25
2025-10-07 12:38:44;27.24;20994.00;42.00;1004.87;435;770;344.64;2;60.18;21.24
2025-10-07 12:38:45;27.23;21078.00;42.00;1004.87;432;767;344.64;2;60.18;21.23
2025-10-07 12:38:46;27.22;21100.00;42.00;1004.86;432;767;344.64;2;60.18;21.22
2025-10-07 12:38:47;27.20;21249.00;42.00;1004.90;432;767;344.64;2;60.18;21.20
2025-10-07 12:38:48;27.19;21292.00;42.00;1004.87;429;762;344.64;2;60.18;21.19
2025-10-07 12:38:49;27.18;21227.00;42.00;1004.87;429;762;344.64;2;60.19;21.18
2025-10-07 12:38:50;27.16;21422.00;42.00;1004.90;429;762;344.64;2;60.19;21.16
2025-10-07 12:38:51;27.15;21466.00;42.00;1004.86;426;757;344.64;2;60.19;21.15
2025-10-07 12:38:52;27.14;21643.00;43.00;1004.86;426;757;344.64;2;61.63;21.14
2025-10-07 12:38:53;27.11;21823.00;43.00;1004.86;426;757;344.64;2;61.63;21.11
2025-10-07 12:38:54;27.10;22028.00;43.00;1004.83;422;752;344.64;2;61.63;21.10
2025-10-07 12:38:55;27.08;21891.00;43.00;1004.87;422;752;344.64;2;61.64;21.08
2025-10-07 12:38:56;27.07;21891.00;43.00;1004.87;422;752;344.64;2;61.64;21.07
2025-10-07 12:38:57;27.05;22215.00;43.00;1004.90;419;748;344.64;2;61.64;21.05
2025-10-07 12:38:58;27.04;22145.00;43.00;1004.90;419;748;344.64;2;61.64;21.04
2025-10-07 12:38:59;27.03;22005.00;43.00;1004.91;419;748;344.64;2;61.64;21.03
2025-10-07 12:39:00;27.01;22215.00;43.00;1004.90;417;745;344.64;2;61.65;21.01
2025-10-07 12:39:01;27.00;22098.00;43.00;1004.90;417;745;344.64;2;61.65;21.00
2025-10-07 12:39:02;26.98;22168.00;43.00;1004.91;417;745;344.64;2;61.65;20.98
2025-10-07 12:39:03;26.97;22262.00;43.00;1004.91;414;740;344.64;2;61.65;20.97
2025-10-07 12:39:04;26.95;22404.00;43.00;1004.91;414;740;344.64;2;61.66;20.95
2025-10-07 12:39:05;26.94;22262.00;43.00;1004.87;414;740;344.64;2;61.66;20.94
2025-10-07 12:39:06;26.93;22476.00;43.00;1004.90;412;737;344.64;2;61.66;20.93
2025-10-07 12:39:07;26.91;22404.00;43.00;1004.90;412;737;344.64;2;61.66;20.91
2025-10-07 12:39:08;26.89;22428.00;43.00;1004.90;412;737;344.64;2;61.67;20.89
2025-10-07 12:39:09;26.88;22476.00;43.00;1004.90;409;733;344.64;2;61.67;20.88
2025-10-07 12:39:10;26.87;22548.00;43.00;1004.91;409;733;344.64;2;61.67;20.87
2025-10-07 12:39:11;26.85;22670.00;43.00;1004.91;409;733;344.64;2;61.67;20.85
2025-10-07 12:39:12;26.82;22818.00;43.00;1004.90;406;729;344.64;2;61.68;20.82
2025-10-07 12:39:13;26.82;22793.00;43.00;1004.87;406;729;344.64;2;61.68;20.82
2025-10-07 12:39:14;26.80;22942.00;43.00;1004.87;406;729;344.64;2;61.68;20.80
2025-10-07 12:39:15;26.79;22818.00;43.00;1004.90;404;727;344.64;2;61.68;20.79
2025-10-07 12:39:16;26.77;22967.00;43.00;1004.91;404;727;344.64;2;61.69;20.77
2025-10-07 12:39:17;26.76;23018.00;43.00;1004.90;404;727;344.64;2;61.69;20.76
2025-10-07 12:39:18;26.75;22867.00;43.00;1004.91;402;724;344.64;2;61.69;20.75
2025-10-07 12:39:19;26.73;23094.00;43.00;1004.91;402;724;344.64;2;61.69;20.73
2025-10-07 12:39:20;26.72;22917.00;43.00;1004.87;402;724;344.64;2;61.70;20.72
2025-10-07 12:39:21;26.71;22917.00;43.00;1004.87;401;722;344.64;2;61.70;20.71
2025-10-07 12:39:22;26.69;23324.00;43.00;1004.87;401;722;344.64;2;61.70;20.69
2025-10-07 12:39:23;26.67;23324.00;43.00;1004.87;401;722;344.64;2;61.70;20.67
2025-10-07 12:39:24;26.66;23170.00;43.00;1004.86;399;720;344.64;2;61.71;20.66
2025-10-07 12:39:25;26.65;23298.00;43.00;1004.90;399;720;344.64;2;61.71;20.65
2025-10-07 12:39:26;26.62;23376.00;43.00;1004.87;399;720;344.64;2;61.71;20.62
2025-10-07 12:39:27;26.62;23376.00;43.00;1004.90;397;718;344.64;2;61.71;20.62
2025-10-07 12:39:28;26.60;23376.00;43.00;1004.87;397;718;344.64;2;61.72;20.60
2025-10-07 12:39:29;26.58;23481.00;43.00;1004.87;397;718;344.64;2;61.72;20.58
2025-10-07 12:39:30;26.57;23454.00;43.00;1004.90;395;715;344.64;2;61.72;20.57
2025-10-07 12:39:31;26.56;23428.00;43.00;1004.87;395;715;344.64;2;61.72;20.56
2025-10-07 12:39:32;26.54;23743.00;43.00;1004.90;395;715;344.64;2;61.73;20.54
2025-10-07 12:39:33;26.54;23507.00;43.00;1004.90;392;711;344.64;2;61.73;20.54
2025-10-07 12:39:34;26.52;23770.00;43.00;1004.90;392;711;344.64;2;61.73;20.52
2025-10-07 12:39:35;26.50;23932.00;43.00;1004.86;392;711;344.64;2;61.73;20.50
2025-10-07 12:39:36;26.49;23918.00;43.00;1004.87;391;709;344.64;2;61.73;20.49
2025-10-07 12:39:37;26.47;23810.00;43.00;1004.87;391;709;344.64;2;61.74;20.47
2025-10-07 12:39:38;26.46;24014.00;43.00;1004.87;391;709;344.64;2;61.74;20.46
2025-10-07 12:39:39;26.45;24055.00;43.00;1004.87;388;706;344.64;2;61.74;20.45
2025-10-07 12:39:40;26.44;24193.00;43.00;1004.86;388;706;344.64;2;61.74;20.44
2025-10-07 12:39:41;26.43;24138.00;43.00;1004.90;388;706;344.64;2;61.74;20.43
2025-10-07 12:39:42;26.41;24291.00;44.00;1004.86;386;702;344.64;2;63.18;20.41
2025-10-07 12:39:43;26.40;24263.00;44.00;1004.90;386;702;344.64;2;63.19;20.40
2025-10-07 12:39:44;26.39;24193.00;44.00;1004.90;386;702;344.64;2;63.19;20.39
2025-10-07 12:39:45;26.38;24390.00;44.00;1004.90;384;699;344.64;2;63.19;20.38
2025-10-07 12:39:46;26.36;24347.00;44.00;1004.90;384;699;344.64;2;63.19;20.36
2025-10-07 12:39:47;26.34;24347.00;44.00;1004.91;384;699;344.64;2;63.20;20.34
2025-10-07 12:39:48;26.33;24333.00;44.00;1004.90;383;698;344.64;2;63.20;20.33
2025-10-07 12:39:49;26.33;24475.00;44.00;1004.91;383;698;344.64;2;63.20;20.33
2025-10-07 12:39:50;26.31;24778.00;44.00;1004.90;383;698;344.64;2;63.20;20.31
2025-10-07 12:39:51;26.30;24749.00;44.00;1004.90;381;696;344.64;2;63.20;20.30
2025-10-07 12:39:52;26.29;24604.00;44.00;1004.91;381;696;344.64;2;63.20;20.29
2025-10-07 12:39:53;26.27;24575.00;44.00;1004.87;381;696;344.64;2;63.21;20.27
2025-10-07 12:39:54;26.26;24792.00;44.00;1004.86;379;693;344.64;2;63.21;20.26
2025-10-07 12:39:55;26.25;24763.00;44.00;1004.87;379;693;344.64;2;63.21;20.25
2025-10-07 12:39:56;26.23;25028.00;44.00;1004.87;379;693;344.64;2;63.21;20.23
2025-10-07 12:39:57;26.21;25028.00;44.00;1004.86;378;692;344.64;2;63.22;20.21
2025-10-07 12:39:58;26.21;25043.00;44.00;1004.87;378;692;344.64;2;63.22;20.21
2025-10-07 12:39:59;26.20;24999.00;44.00;1004.87;378;692;344.64;2;63.22;20.20
2025-10-07 12:40:00;26.19;25148.00;44.00;1004.87;376;690;344.64;2;63.22;20.19
2025-10-07 12:40:01;26.18;25073.00;44.00;1004.87;376;690;344.64;2;63.22;20.18
2025-10-07 12:40:02;26.17;25088.00;44.00;1004.87;376;690;344.64;2;63.23;20.17
2025-10-07 12:40:03;26.15;25148.00;44.00;1004.87;374;687;344.64;2;63.23;20.15
2025-10-07 12:40:04;26.14;25118.00;44.00;1004.87;374;687;344.64;2;63.23;20.14
2025-10-07 12:40:05;26.13;25269.00;44.00;1004.90;374;687;344.64;2;63.23;20.13
2025-10-07 12:40:06;26.11;25254.00;44.00;1004.87;372;685;344.64;2;63.24;20.11
2025-10-07 12:40:07;26.10;25498.00;44.00;1004.87;372;685;344.64;2;63.24;20.10
2025-10-07 12:40:08;26.10;25483.00;44.00;1004.87;372;685;344.64;2;63.24;20.10
2025-10-07 12:40:09;26.09;25468.00;44.00;1004.87;370;682;344.64;2;63.24;20.09
2025-10-07 12:40:10;26.08;25623.00;44.00;1004.90;370;682;344.64;2;63.24;20.08
2025-10-07 12:40:11;26.07;25670.00;44.00;1004.87;370;682;344.64;2;63.24;20.07
2025-10-07 12:40:12;26.06;25468.00;44.00;1004.87;369;680;344.64;2;63.24;20.06
2025-10-07 12:40:13;26.05;25406.00;44.00;1004.87;369;680;344.64;2;63.25;20.05
2025-10-07 12:40:14;26.03;25421.00;44.00;1004.87;369;680;344.64;2;63.25;20.03
2025-10-07 12:40:15;26.02;25732.00;44.00;1004.86;367;677;344.64;2;63.25;20.02
2025-10-07 12:40:16;26.01;25545.00;44.00;1004.86;367;677;344.64;2;63.25;20.01
2025-10-07 12:40:17;26.00;25545.00;44.00;1004.87;367;677;344.64;2;63.25;20.00
2025-10-07 12:40:18;25.99;25623.00;44.00;1004.87;367;677;344.64;2;63.26;19.99
2025-10-07 12:40:19;25.98;25576.00;44.00;1004.86;366;676;344.64;2;63.26;19.98
2025-10-07 12:40:20;25.96;25827.00;44.00;1004.87;366;676;344.64;2;63.26;19.96
2025-10-07 12:40:21;25.95;25545.00;44.00;1004.86;366;676;344.64;2;63.26;19.95
2025-10-07 12:40:22;25.94;25811.00;44.00;1004.87;365;676;344.64;2;63.26;19.94
2025-10-07 12:40:23;25.93;25732.00;44.00;1004.86;365;676;344.64;2;63.27;19.93
2025-10-07 12:40:24;25.92;25811.00;44.00;1004.86;365;676;344.64;2;63.27;19.92
2025-10-07 12:40:25;25.92;25764.00;44.00;1004.86;364;674;344.64;2;63.27;19.92
2025-10-07 12:40:26;25.91;25875.00;45.00;1004.87;364;674;344.64;2;64.71;19.91
2025-10-07 12:40:27;25.90;25923.00;45.00;1004.90;364;674;344.64;2;64.71;19.90
2025-10-07 12:40:28;25.89;25923.00;45.00;1004.87;362;672;344.64;2;64.71;19.89
2025-10-07 12:40:29;25.88;26035.00;45.00;1004.90;362;672;344.64;2;64.71;19.88
2025-10-07 12:40:30;25.87;26035.00;45.00;1004.87;362;672;344.64;2;64.72;19.87
2025-10-07 12:40:31;25.84;26051.00;45.00;1004.91;361;670;344.64;2;64.72;19.84
2025-10-07 12:40:32;25.85;26051.00;45.00;1004.87;361;670;344.64;2;64.72;19.85
2025-10-07 12:40:33;25.83;26035.00;45.00;1004.83;361;670;344.64;2;64.72;19.83
2025-10-07 12:40:34;25.82;26019.00;45.00;1004.87;359;669;344.64;2;64.72;19.82
2025-10-07 12:40:35;25.81;26116.00;45.00;1004.86;359;669;344.64;2;64.73;19.81
2025-10-07 12:40:36;25.80;26067.00;45.00;1004.87;359;669;344.64;2;64.73;19.80
2025-10-07 12:40:37;25.79;26116.00;45.00;1004.86;358;668;344.64;2;64.73;19.79
2025-10-07 12:40:38;25.78;26165.00;45.00;1004.87;358;668;344.64;2;64.73;19.78
2025-10-07 12:40:39;25.77;26165.00;45.00;1004.87;358;668;344.64;2;64.73;19.77
2025-10-07 12:40:40;25.77;26411.00;45.00;1004.87;357;667;344.64;2;64.73;19.77
2025-10-07 12:40:41;25.75;26328.00;45.00;1004.87;357;667;344.64;2;64.74;19.75
2025-10-07 12:40:42;25.73;26427.00;45.00;1004.87;357;667;344.64;2;64.74;19.73
2025-10-07 12:40:43;25.73;26378.00;45.00;1004.87;356;665;344.64;2;64.74;19.73
2025-10-07 12:40:44;25.72;26394.00;45.00;1004.87;356;665;344.64;2;64.74;19.72
2025-10-07 12:40:45;25.71;26328.00;45.00;1004.87;356;665;344.64;2;64.74;19.71
2025-10-07 12:40:46;25.71;26246.00;45.00;1004.87;355;664;344.64;2;64.74;19.71
2025-10-07 12:40:47;25.69;26461.00;45.00;1004.87;355;664;344.64;2;64.75;19.69
2025-10-07 12:40:48;25.68;26611.00;45.00;1004.90;355;664;344.64;2;64.75;19.68
2025-10-07 12:40:49;25.67;26595.00;45.00;1004.87;353;662;344.64;2;64.75;19.67
2025-10-07 12:40:50;25.66;26561.00;45.00;1004.90;353;662;344.64;2;64.75;19.66
2025-10-07 12:40:51;25.65;26696.00;45.00;1004.87;353;662;344.64;2;64.75;19.65
2025-10-07 12:40:52;25.65;26679.00;45.00;1004.91;352;659;344.64;2;64.75;19.65
2025-10-07 12:40:53;25.63;26798.00;45.00;1004.86;352;659;344.64;2;64.76;19.63
2025-10-07 12:40:54;25.62;26713.00;45.00;1004.87;352;659;344.64;2;64.76;19.62
2025-10-07 12:40:55;25.62;26747.00;45.00;1004.86;350;658;344.64;2;64.76;19.62
2025-10-07 12:40:56;25.61;26798.00;45.00;1004.87;350;658;344.64;2;64.76;19.61
2025-10-07 12:40:57;25.59;26952.00;45.00;1004.86;350;658;344.64;2;64.76;19.59
2025-10-07 12:40:58;25.58;26901.00;45.00;1004.87;349;656;344.64;2;64.77;19.58
2025-10-07 12:40:59;25.57;26832.00;45.00;1004.86;349;656;344.64;2;64.77;19.57
2025-10-07 12:41:00;25.56;26970.00;45.00;1004.90;349;656;344.64;2;64.77;19.56
2025-10-07 12:41:01;25.55;26970.00;45.00;1004.87;348;655;344.64;2;64.77;19.55
2025-10-07 12:41:02;25.53;26952.00;45.00;1004.87;348;655;344.64;2;64.78;19.53
2025-10-07 12:41:03;25.52;27022.00;45.00;1004.86;348;655;344.64;2;64.78;19.52
2025-10-07 12:41:04;25.49;27074.00;45.00;1004.86;346;653;344.64;2;64.78;19.49
2025-10-07 12:41:05;25.49;27126.00;45.00;1004.86;346;653;344.64;2;64.78;19.49
2025-10-07 12:41:06;25.46;27056.00;45.00;1004.87;346;653;344.64;2;64.79;19.46
2025-10-07 12:41:07;25.45;27231.00;45.00;1004.87;345;652;344.64;2;64.79;19.45
2025-10-07 12:41:08;25.44;27338.00;45.00;1004.91;345;652;344.64;2;64.79;19.44
2025-10-07 12:41:09;25.43;27338.00;45.00;1004.90;345;652;344.64;2;64.79;19.43
2025-10-07 12:41:10;25.42;27249.00;45.00;1004.94;344;650;344.64;2;64.79;19.42
2025-10-07 12:41:11;25.40;27589.00;46.00;1004.90;344;650;344.64;2;66.24;19.40
2025-10-07 12:41:12;25.39;27534.00;45.00;1004.87;344;650;344.64;2;64.80;19.39
2025-10-07 12:41:13;25.39;27302.00;46.00;1004.86;343;648;344.64;2;66.24;19.39
2025-10-07 12:41:14;25.37;27391.00;46.00;1004.90;343;648;344.64;2;66.24;19.37
2025-10-07 12:41:15;25.36;27480.00;46.00;1004.91;343;648;344.64;2;66.25;19.36
2025-10-07 12:41:16;25.34;27480.00;46.00;1004.90;341;646;344.64;2;66.25;19.34
2025-10-07 12:41:17;25.34;27534.00;46.00;1004.87;341;646;344.64;2;66.25;19.34
2025-10-07 12:41:18;25.33;27516.00;46.00;1004.90;341;646;344.64;2;66.25;19.33
2025-10-07 12:41:19;25.32;27516.00;46.00;1004.87;339;644;344.64;2;66.25;19.32
2025-10-07 12:41:20;25.31;27516.00;46.00;1004.90;339;644;344.64;2;66.25;19.31
2025-10-07 12:41:21;25.29;27771.00;46.00;1004.87;339;644;344.64;2;66.26;19.29
2025-10-07 12:41:22;25.29;27900.00;46.00;1004.90;338;642;344.64;2;66.26;19.29
2025-10-07 12:41:23;25.28;27679.00;46.00;1004.87;338;642;344.64;2;66.26;19.28
2025-10-07 12:41:24;25.27;27607.00;46.00;1004.91;338;642;344.64;2;66.26;19.27
2025-10-07 12:41:25;25.27;27881.00;46.00;1004.90;337;640;344.64;2;66.26;19.27
2025-10-07 12:41:26;25.25;27771.00;46.00;1004.91;337;640;344.64;2;66.27;19.25
2025-10-07 12:41:27;25.24;28030.00;46.00;1004.91;337;640;344.64;2;66.27;19.24
2025-10-07 12:41:28;25.24;27974.00;46.00;1004.90;335;637;344.64;2;66.27;19.24
2025-10-07 12:41:29;25.23;28105.00;46.00;1004.91;335;637;344.64;2;66.27;19.23
2025-10-07 12:41:30;25.21;27974.00;46.00;1004.90;335;637;344.64;2;66.27;19.21
2025-10-07 12:41:31;25.21;28067.00;46.00;1004.91;333;636;344.64;2;66.27;19.21
2025-10-07 12:41:32;25.20;28086.00;46.00;1004.94;333;636;344.64;2;66.27;19.20
2025-10-07 12:41:33;25.19;28105.00;46.00;1004.87;333;636;344.64;2;66.28;19.19
2025-10-07 12:41:34;25.18;28256.00;46.00;1004.91;332;634;344.64;2;66.28;19.18
2025-10-07 12:41:35;25.18;28237.00;46.00;1004.87;332;634;344.64;2;66.28;19.18
2025-10-07 12:41:36;25.16;27937.00;46.00;1004.90;332;634;344.64;2;66.28;19.16
2025-10-07 12:41:37;25.15;28067.00;46.00;1004.87;332;635;344.64;2;66.28;19.15
2025-10-07 12:41:38;25.14;28237.00;46.00;1004.90;332;635;344.64;2;66.29;19.14
2025-10-07 12:41:39;25.14;28389.00;46.00;1004.90;332;635;344.64;2;66.29;19.14
2025-10-07 12:41:40;25.14;28237.00;46.00;1004.90;331;633;344.64;2;66.29;19.14
2025-10-07 12:41:41;25.13;28332.00;46.00;1004.90;331;633;344.64;2;66.29;19.13
2025-10-07 12:41:42;25.12;28218.00;46.00;1004.87;331;633;344.64;2;66.29;19.12
2025-10-07 12:41:43;25.11;28275.00;46.00;1004.90;329;632;344.64;2;66.29;19.11
2025-10-07 12:41:44;25.11;28313.00;46.00;1004.91;329;632;344.64;2;66.29;19.11
2025-10-07 12:41:45;25.10;28389.00;46.00;1004.90;329;632;344.64;2;66.29;19.10
2025-10-07 12:41:46;25.09;28408.00;46.00;1004.90;328;630;344.64;2;66.29;19.09
2025-10-07 12:41:47;25.08;28640.00;46.00;1004.87;328;630;344.64;2;66.30;19.08
2025-10-07 12:41:48;25.07;28485.00;46.00;1004.90;328;630;344.64;2;66.30;19.07
2025-10-07 12:41:49;25.06;28582.00;46.00;1004.91;327;629;344.64;2;66.30;19.06
2025-10-07 12:41:50;25.06;28640.00;46.00;1004.90;327;629;344.64;2;66.30;19.06
2025-10-07 12:41:51;25.05;28601.00;46.00;1004.90;327;629;344.64;2;66.30;19.05
2025-10-07 12:41:52;25.04;28640.00;46.00;1004.91;326;627;344.64;2;66.30;19.04
2025-10-07 12:41:53;25.04;28738.00;46.00;1004.90;326;627;344.64;2;66.30;19.04
2025-10-07 12:41:54;25.03;28679.00;46.00;1004.91;326;627;344.64;2;66.31;19.03
2025-10-07 12:41:55;25.02;28660.00;46.00;1004.90;325;626;344.64;2;66.31;19.02
2025-10-07 12:41:56;25.02;28837.00;46.00;1004.91;325;626;344.64;2;66.31;19.02
2025-10-07 12:41:57;25.01;28797.00;47.00;1004.91;325;626;344.64;2;67.75;19.01
2025-10-07 12:41:58;24.99;28817.00;46.00;1004.86;324;624;344.64;2;66.31;18.99
2025-10-07 12:41:59;24.99;28817.00;47.00;1004.87;324;624;344.64;2;67.75;18.99
2025-10-07 12:42:00;24.99;28876.00;47.00;1004.90;324;624;344.64;2;67.75;18.99
2025-10-07 12:42:01;24.98;28896.00;47.00;1004.90;322;622;344.64;2;67.76;18.98
2025-10-07 12:42:02;24.97;28856.00;47.00;1004.90;322;622;344.64;2;67.76;18.97
2025-10-07 12:42:03;24.96;29076.00;47.00;1004.90;322;622;344.64;2;67.76;18.96
2025-10-07 12:42:04;24.96;29016.00;47.00;1004.90;321;621;344.64;2;67.76;18.96
2025-10-07 12:42:05;24.95;29036.00;47.00;1004.90;321;621;344.64;2;67.76;18.95
2025-10-07 12:42:06;24.94;28936.00;47.00;1004.87;321;621;344.64;2;67.76;18.94
2025-10-07 12:42:07;24.93;28936.00;47.00;1004.90;320;620;344.64;2;67.77;18.93
2025-10-07 12:42:08;24.93;28896.00;47.00;1004.90;320;620;344.64;2;67.77;18.93
2025-10-07 12:42:09;24.92;29036.00;47.00;1004.90;320;620;344.64;2;67.77;18.92
2025-10-07 12:42:10;24.91;29156.00;47.00;1004.90;320;620;344.64;2;67.77;18.91
2025-10-07 12:42:11;24.91;29156.00;47.00;1004.90;320;620;344.64;2;67.77;18.91
2025-10-07 12:42:12;24.89;29116.00;47.00;1004.90;320;620;344.64;2;67.77;18.89
2025-10-07 12:42:13;24.89;29177.00;47.00;1004.91;319;619;344.64;2;67.77;18.89
2025-10-07 12:42:14;24.88;29258.00;47.00;1004.90;319;619;344.64;2;67.78;18.88
2025-10-07 12:42:15;24.87;29096.00;47.00;1004.91;319;619;344.64;2;67.78;18.87
2025-10-07 12:42:16;24.87;29278.00;47.00;1004.90;317;617;344.64;2;67.78;18.87
2025-10-07 12:42:17;24.86;29197.00;47.00;1004.91;317;617;344.64;2;67.78;18.86
2025-10-07 12:42:18;24.85;29278.00;47.00;1004.90;317;617;344.64;2;67.78;18.85
2025-10-07 12:42:19;24.83;29177.00;47.00;1004.91;317;616;344.64;2;67.78;18.83
2025-10-07 12:42:20;24.83;29360.00;47.00;1004.91;317;616;344.64;2;67.78;18.83
2025-10-07 12:42:21;24.82;29380.00;47.00;1004.94;317;616;344.64;2;67.79;18.82
2025-10-07 12:42:22;24.80;29401.00;47.00;1004.94;315;614;344.64;2;67.79;18.80
2025-10-07 12:42:23;24.80;29421.00;47.00;1004.94;315;614;344.64;2;67.79;18.80
2025-10-07 12:42:24;24.79;29442.00;47.00;1004.94;315;614;344.64;2;67.79;18.79
2025-10-07 12:42:25;24.78;29545.00;47.00;1004.90;315;614;344.64;2;67.79;18.78
2025-10-07 12:42:26;24.78;29401.00;47.00;1004.91;314;612;344.64;2;67.79;18.78
2025-10-07 12:42:27;24.77;29545.00;47.00;1004.91;314;612;344.64;2;67.80;18.77
2025-10-07 12:42:28;24.77;29566.00;47.00;1004.91;314;612;344.64;2;67.80;18.77
2025-10-07 12:42:29;24.76;29504.00;47.00;1004.91;313;611;344.64;2;67.80;18.76
2025-10-07 12:42:30;24.76;29566.00;47.00;1004.91;313;611;344.64;2;67.80;18.76
2025-10-07 12:42:31;24.75;29649.00;47.00;1004.90;313;611;344.64;2;67.80;18.75
2025-10-07 12:42:32;24.73;29649.00;47.00;1004.91;312;610;344.64;2;67.80;18.73
2025-10-07 12:42:33;24.74;29691.00;47.00;1004.94;312;610;344.64;2;67.80;18.74
2025-10-07 12:42:34;24.72;29733.00;47.00;1004.91;312;610;344.64;2;67.81;18.72
2025-10-07 12:42:35;24.71;29712.00;47.00;1004.94;311;608;344.64;2;67.81;18.71
2025-10-07 12:42:36;24.71;29775.00;47.00;1004.91;311;608;344.64;2;67.81;18.71
2025-10-07 12:42:37;24.70;29608.00;47.00;1004.91;311;608;344.64;2;67.81;18.70
2025-10-07 12:42:38;24.69;29860.00;47.00;1004.94;310;608;344.64;2;67.81;18.69
2025-10-07 12:42:39;24.69;29902.00;47.00;1004.91;310;608;344.64;2;67.81;18.69
2025-10-07 12:42:40;24.67;29902.00;47.00;1004.94;310;608;344.64;2;67.81;18.67
2025-10-07 12:42:41;24.67;30009.00;47.00;1004.91;309;607;344.64;2;67.81;18.67
2025-10-07 12:42:42;24.66;29860.00;47.00;1004.91;309;607;344.64;2;67.82;18.66
2025-10-07 12:42:43;24.65;30116.00;47.00;1004.94;309;607;344.64;2;67.82;18.65
2025-10-07 12:42:44;24.64;29966.00;47.00;1004.94;308;604;344.64;2;67.82;18.64
2025-10-07 12:42:45;24.63;29988.00;47.00;1004.94;308;604;344.64;2;67.82;18.63
2025-10-07 12:42:46;24.62;30052.00;47.00;1004.91;308;604;344.64;2;67.82;18.62
2025-10-07 12:42:47;24.62;30377.00;47.00;1004.94;307;603;344.64;2;67.82;18.62
2025-10-07 12:42:48;24.60;30732.00;47.00;1004.91;307;603;344.64;2;67.83;18.60
2025-10-07 12:42:49;24.58;31374.00;47.00;1004.87;307;603;344.64;2;67.83;18.58
2025-10-07 12:42:50;24.54;31777.00;47.00;1004.90;302;595;344.64;2;67.84;18.54
2025-10-07 12:42:51;24.53;31922.00;47.00;1004.90;302;595;344.64;2;67.84;18.53
2025-10-07 12:42:52;24.52;32215.00;47.00;1004.90;302;595;344.64;2;67.84;18.52
2025-10-07 12:42:53;24.47;32741.00;47.00;1004.90;298;586;344.64;2;67.85;18.47
2025-10-07 12:42:54;24.43;33102.00;48.00;1004.91;298;586;344.64;2;69.30;18.43
2025-10-07 12:42:55;24.42;33497.00;48.00;1004.94;298;586;344.64;2;69.31;18.42
2025-10-07 12:42:56;24.42;33233.00;48.00;1004.94;292;575;344.64;2;69.31;18.42
2025-10-07 12:42:57;24.41;33233.00;48.00;1004.94;292;575;344.64;2;69.31;18.41
2025-10-07 12:42:58;24.41;33024.00;48.00;1004.91;292;575;344.64;2;69.31;18.41
2025-10-07 12:42:59;24.40;33128.00;48.00;1004.91;288;569;344.64;2;69.31;18.40
2025-10-07 12:43:00;24.39;32998.00;48.00;1004.90;288;569;344.64;2;69.31;18.39
2025-10-07 12:43:01;24.39;32998.00;48.00;1004.94;288;569;344.64;2;69.31;18.39
2025-10-07 12:43:02;24.38;32921.00;48.00;1004.94;286;564;344.64;2;69.31;18.38
2025-10-07 12:43:03;24.38;32895.00;48.00;1004.94;286;564;344.64;2;69.31;18.38
2025-10-07 12:43:04;24.37;32895.00;48.00;1004.95;286;564;344.64;2;69.32;18.37
2025-10-07 12:43:05;24.37;32998.00;48.00;1004.94;284;562;344.64;2;69.32;18.37
2025-10-07 12:43:06;24.36;32998.00;48.00;1004.94;284;562;344.64;2;69.32;18.36
2025-10-07 12:43:07;24.36;32844.00;48.00;1004.94;284;562;344.64;2;69.32;18.36
2025-10-07 12:43:08;24.35;32998.00;48.00;1004.90;283;560;344.64;2;69.32;18.35
2025-10-07 12:43:09;24.34;33128.00;48.00;1004.91;283;560;344.64;2;69.32;18.34
2025-10-07 12:43:10;24.34;33024.00;48.00;1004.94;283;560;344.64;2;69.32;18.34
2025-10-07 12:43:11;24.33;33233.00;48.00;1004.91;281;557;344.64;2;69.32;18.33
2025-10-07 12:43:12;24.31;33312.00;48.00;1004.87;281;557;344.64;2;69.33;18.31
2025-10-07 12:43:13;24.31;33312.00;48.00;1004.91;281;557;344.64;2;69.33;18.31
2025-10-07 12:43:14;24.30;33391.00;48.00;1004.90;280;555;344.64;2;69.33;18.30
2025-10-07 12:43:15;24.28;33444.00;48.00;1004.91;280;555;344.64;2;69.33;18.28
2025-10-07 12:43:16;24.26;33285.00;48.00;1004.94;280;555;344.64;2;69.34;18.26
2025-10-07 12:43:17;24.24;33365.00;48.00;1004.94;278;553;344.64;2;69.34;18.24
2025-10-07 12:43:18;24.23;33312.00;48.00;1004.94;278;553;344.64;2;69.34;18.23
2025-10-07 12:43:19;24.21;33418.00;48.00;1004.94;278;553;344.64;2;69.35;18.21
2025-10-07 12:43:20;24.19;33578.00;48.00;1004.90;277;551;344.64;2;69.35;18.19
2025-10-07 12:43:21;24.17;33497.00;48.00;1004.91;277;551;344.64;2;69.35;18.17
2025-10-07 12:43:22;24.16;33418.00;48.00;1004.94;277;551;344.64;2;69.36;18.16
2025-10-07 12:43:23;24.15;33848.00;48.00;1004.94;276;549;344.64;2;69.36;18.15
2025-10-07 12:43:24;24.14;34012.00;48.00;1004.94;276;549;344.64;2;69.36;18.14
2025-10-07 12:43:25;24.12;34205.00;48.00;1004.91;276;549;344.64;2;69.36;18.12
2025-10-07 12:43:26;24.10;34039.00;48.00;1004.90;274;545;344.64;2;69.37;18.10
2025-10-07 12:43:27;24.09;34012.00;48.00;1004.90;274;545;344.64;2;69.37;18.09
2025-10-07 12:43:28;24.07;34233.00;48.00;1004.90;274;545;344.64;2;69.37;18.07
2025-10-07 12:43:29;24.05;34345.00;48.00;1004.91;272;543;344.64;2;69.38;18.05
2025-10-07 12:43:30;24.03;34514.00;48.00;1004.90;272;543;344.64;2;69.38;18.03
2025-10-07 12:43:31;24.01;34656.00;49.00;1004.91;272;543;344.64;2;70.83;18.01
2025-10-07 12:43:32;24.00;34628.00;49.00;1004.91;270;539;344.64;2;70.83;18.00
2025-10-07 12:43:33;23.97;34685.00;49.00;1004.90;270;539;344.64;2;70.84;17.97
2025-10-07 12:43:34;23.96;34857.00;49.00;1004.91;270;539;344.64;2;70.84;17.96
2025-10-07 12:43:35;23.95;34857.00;49.00;1004.90;269;537;344.64;2;70.84;17.95
2025-10-07 12:43:36;23.93;34571.00;49.00;1004.91;269;537;344.64;2;70.85;17.93
2025-10-07 12:43:37;23.90;34886.00;49.00;1004.90;269;537;344.64;2;70.85;17.90
2025-10-07 12:43:38;23.89;34886.00;49.00;1004.90;267;534;344.64;2;70.85;17.89
2025-10-07 12:43:39;23.88;34886.00;49.00;1004.90;267;534;344.64;2;70.86;17.88
2025-10-07 12:43:40;23.86;34800.00;49.00;1004.91;267;534;344.64;2;70.86;17.86
2025-10-07 12:43:41;23.85;35119.00;49.00;1004.90;266;532;344.64;2;70.86;17.85
2025-10-07 12:43:42;23.83;34828.00;49.00;1004.90;266;532;344.64;2;70.87;17.83
2025-10-07 12:43:43;23.82;34973.00;49.00;1004.90;266;532;344.64;2;70.87;17.82
2025-10-07 12:43:44;23.81;35002.00;49.00;1004.91;265;531;344.64;2;70.87;17.81
2025-10-07 12:43:45;23.79;34828.00;49.00;1004.90;265;531;344.64;2;70.87;17.79
2025-10-07 12:43:46;23.79;35090.00;49.00;1004.91;265;531;344.64;2;70.87;17.79
2025-10-07 12:43:47;23.76;35090.00;49.00;1004.91;264;529;344.64;2;70.88;17.76
2025-10-07 12:43:48;23.76;35326.00;49.00;1004.91;264;529;344.64;2;70.88;17.76
2025-10-07 12:43:49;23.74;35746.00;49.00;1004.91;264;529;344.64;2;70.88;17.74
2025-10-07 12:43:50;23.73;35504.00;49.00;1004.94;262;526;320.33;2;70.89;17.73
2025-10-07 12:43:51;23.72;35595.00;49.00;1004.94;262;526;320.33;2;70.89;17.72
2025-10-07 12:43:52;23.71;35685.00;49.00;1004.98;262;526;320.33;2;70.89;17.71
2025-10-07 12:43:53;23.69;35237.00;49.00;1004.91;260;523;277.18;2;70.89;17.69
2025-10-07 12:43:54;23.68;35415.00;49.00;1004.90;260;523;277.18;2;70.90;17.68
2025-10-07 12:43:55;23.66;35595.00;50.00;1004.91;260;523;277.18;2;72.35;17.66
2025-10-07 12:43:56;23.65;35296.00;50.00;1004.91;260;522;274.31;2;72.35;17.65
2025-10-07 12:43:57;23.65;35385.00;50.00;1004.91;260;522;274.31;2;72.35;17.65
2025-10-07 12:43:58;23.64;35504.00;50.00;1004.91;260;522;274.31;2;72.35;17.64
2025-10-07 12:43:59;23.63;35534.00;50.00;1004.91;259;522;261.28;2;72.35;17.63
2025-10-07 12:44:00;23.63;35625.00;50.00;1004.94;259;522;261.28;2;72.35;17.63
2025-10-07 12:44:01;23.61;35266.00;50.00;1004.94;259;522;261.28;2;72.36;17.61
2025-10-07 12:44:02;23.61;35385.00;50.00;1004.95;258;520;239.91;2;72.36;17.61
2025-10-07 12:44:03;23.59;35534.00;50.00;1004.94;258;520;239.91;2;72.36;17.59
2025-10-07 12:44:04;23.58;35564.00;50.00;1004.94;258;520;239.91;2;72.36;17.58
2025-10-07 12:44:05;23.57;35415.00;50.00;1004.94;258;520;241.77;2;72.36;17.57
2025-10-07 12:44:06;23.55;35625.00;50.00;1004.95;258;520;241.77;2;72.37;17.55
2025-10-07 12:44:07;23.53;35868.00;50.00;1004.94;258;520;241.77;2;72.37;17.53
2025-10-07 12:44:08;23.50;35746.00;50.00;1004.91;256;517;204.76;2;72.38;17.50
2025-10-07 12:44:09;23.49;35960.00;50.00;1004.94;256;517;204.76;2;72.38;17.49
2025-10-07 12:44:10;23.48;36021.00;50.00;1004.87;256;517;204.76;2;72.38;17.48
2025-10-07 12:44:11;23.47;36021.00;50.00;1004.91;255;516;192.87;2;72.39;17.47
2025-10-07 12:44:12;23.46;36052.00;50.00;1004.90;255;516;192.87;2;72.39;17.46
2025-10-07 12:44:13;23.45;36021.00;50.00;1004.91;255;516;192.87;2;72.39;17.45
2025-10-07 12:44:14;23.44;35929.00;50.00;1004.90;255;517;199.15;2;72.39;17.44
2025-10-07 12:44:15;23.43;35807.00;50.00;1004.90;255;517;199.15;2;72.39;17.43
2025-10-07 12:44:16;23.42;35960.00;50.00;1004.91;255;517;199.15;2;72.40;17.42
2025-10-07 12:44:17;23.41;35990.00;50.00;1004.91;254;516;183.77;2;72.40;17.41
2025-10-07 12:44:18;23.41;36114.00;50.00;1004.91;254;516;183.77;2;72.40;17.41
2025-10-07 12:44:19;23.39;36176.00;50.00;1004.91;254;516;183.77;2;72.40;17.39
2025-10-07 12:44:20;23.37;36145.00;50.00;1004.90;253;514;166.04;2;72.41;17.37
2025-10-07 12:44:21;23.36;35960.00;50.00;1004.91;253;514;166.04;2;72.41;17.36
2025-10-07 12:44:22;23.35;36270.00;50.00;1004.90;253;514;166.04;2;72.41;17.35
2025-10-07 12:44:23;23.33;36301.00;50.00;1004.90;252;513;146.90;2;72.41;17.33
2025-10-07 12:44:24;23.32;36207.00;50.00;1004.91;252;513;146.90;2;72.42;17.32
2025-10-07 12:44:25;23.32;36207.00;50.00;1004.94;252;513;146.90;2;72.42;17.32
2025-10-07 12:44:26;23.31;36114.00;50.00;1004.91;252;513;146.90;2;72.42;17.31
2025-10-07 12:44:27;23.31;36021.00;50.00;1004.91;252;513;144.64;2;72.42;17.31
2025-10-07 12:44:28;23.30;36145.00;50.00;1004.91;252;513;144.64;2;72.42;17.30
2025-10-07 12:44:29;23.29;36114.00;50.00;1004.91;252;513;144.64;2;72.42;17.29
2025-10-07 12:44:30;23.27;35929.00;50.00;1004.91;251;513;144.07;2;72.43;17.27
2025-10-07 12:44:31;23.28;36145.00;50.00;1004.91;251;513;144.07;2;72.42;17.28
2025-10-07 12:44:32;23.27;36238.00;50.00;1004.87;251;513;144.07;2;72.43;17.27
2025-10-07 12:44:33;23.27;36207.00;50.00;1004.87;251;512;138.20;2;72.43;17.27
2025-10-07 12:44:34;23.26;36238.00;50.00;1004.90;251;512;138.20;2;72.43;17.26
2025-10-07 12:44:35;23.26;36270.00;50.00;1004.91;251;512;138.20;2;72.43;17.26
2025-10-07 12:44:36;23.25;35929.00;50.00;1004.91;250;512;133.42;2;72.43;17.25
