timestamp;temperature;gas;humidity;barometer;IAQ;IAQ_S;VOCS;accuracy
2025-09-22 15:58:46;30.30;75582.00;36.00;998.90;125;112;1.87;3
2025-09-22 15:58:47;30.30;75378.00;36.00;998.91;125;112;1.87;3
2025-09-22 15:58:48;30.30;75718.00;36.00;998.90;125;112;1.87;3
2025-09-22 15:58:49;30.31;75378.00;36.00;998.91;125;112;1.87;3
2025-09-22 15:58:50;30.30;75718.00;36.00;998.91;126;113;1.89;3
2025-09-22 15:58:51;30.32;75042.00;36.00;998.90;126;113;1.89;3
2025-09-22 15:58:52;30.32;75042.00;36.00;998.90;126;113;1.89;3
2025-09-22 15:58:53;30.33;75378.00;36.00;998.90;125;112;1.86;3
2025-09-22 15:58:54;30.34;75109.00;36.00;998.91;125;112;1.86;3
2025-09-22 15:58:55;30.35;75378.00;36.00;998.90;125;112;1.86;3
2025-09-22 15:58:56;30.36;75243.00;36.00;998.88;126;112;1.88;3
2025-09-22 15:58:57;30.37;75446.00;36.00;998.90;126;112;1.88;3
2025-09-22 15:58:58;30.38;75176.00;36.00;998.88;126;112;1.88;3
2025-09-22 15:58:59;30.39;75992.00;36.00;998.90;127;114;1.92;3
2025-09-22 15:59:00;30.40;75042.00;36.00;998.88;127;114;1.92;3
2025-09-22 15:59:01;30.40;75446.00;36.00;998.88;127;114;1.92;3
2025-09-22 15:59:02;30.35;74775.00;36.00;998.90;127;114;1.92;3
2025-09-22 15:59:03;30.30;75378.00;36.00;998.90;127;114;1.92;3
2025-09-22 15:59:04;30.30;75109.00;36.00;998.90;127;114;1.92;3
2025-09-22 15:59:05;30.29;75582.00;36.00;998.91;128;115;1.94;3
2025-09-22 15:59:06;30.26;75446.00;36.00;998.90;128;115;1.94;3
2025-09-22 15:59:07;30.27;75446.00;36.00;998.90;128;115;1.94;3
2025-09-22 15:59:08;30.28;75243.00;36.00;998.91;128;114;1.94;3
2025-09-22 15:59:09;30.29;75311.00;36.00;998.90;128;114;1.94;3
2025-09-22 15:59:10;30.31;75243.00;36.00;998.90;128;114;1.94;3
2025-09-22 15:59:11;30.31;75042.00;36.00;998.90;129;115;1.96;3
2025-09-22 15:59:12;30.32;75243.00;37.00;998.91;129;115;1.96;3
2025-09-22 15:59:13;30.32;75176.00;37.00;998.91;129;115;1.96;3
2025-09-22 15:59:14;30.26;75042.00;37.00;998.87;129;115;1.96;3
2025-09-22 15:59:15;30.25;75176.00;37.00;998.91;129;115;1.96;3
2025-09-22 15:59:16;30.27;75042.00;37.00;998.90;129;115;1.96;3
2025-09-22 15:59:17;30.28;75109.00;37.00;998.90;128;115;1.95;3
2025-09-22 15:59:18;30.28;75109.00;37.00;998.90;128;115;1.95;3
2025-09-22 15:59:19;30.28;73661.00;37.00;998.90;128;115;1.95;3
2025-09-22 15:59:20;30.29;73985.00;37.00;998.88;132;118;2.04;3
2025-09-22 15:59:21;30.31;72205.00;37.00;998.90;132;118;2.04;3
2025-09-22 15:59:22;30.32;71166.00;37.00;998.90;132;118;2.04;3
2025-09-22 15:59:23;30.33;70215.00;37.00;998.87;142;127;2.34;3
2025-09-22 15:59:24;30.35;69231.00;37.00;998.88;142;127;2.34;3
2025-09-22 15:59:25;30.36;68109.00;37.00;998.88;142;127;2.34;3
2025-09-22 15:59:26;30.37;66863.00;37.00;998.87;155;138;2.78;3
2025-09-22 15:59:27;30.38;66283.00;37.00;998.88;155;138;2.78;3
2025-09-22 15:59:28;30.40;66074.00;37.00;998.87;155;138;2.78;3
2025-09-22 15:59:29;30.41;66023.00;37.00;998.88;170;151;3.39;3
2025-09-22 15:59:30;30.42;66493.00;37.00;998.87;170;151;3.39;3
2025-09-22 15:59:31;30.43;66598.00;37.00;998.90;170;151;3.39;3
2025-09-22 15:59:32;30.44;66231.00;37.00;998.88;180;160;3.85;3
2025-09-22 15:59:33;30.45;65867.00;37.00;998.90;180;160;3.85;3
2025-09-22 15:59:34;30.46;65816.00;37.00;998.91;180;160;3.85;3
2025-09-22 15:59:35;30.47;65764.00;37.00;998.90;187;166;4.25;3
2025-09-22 15:59:36;30.48;65153.00;37.00;998.88;187;166;4.25;3
2025-09-22 15:59:37;30.49;65355.00;37.00;998.90;187;166;4.25;3
2025-09-22 15:59:38;30.50;64951.00;37.00;998.88;194;172;4.65;3
2025-09-22 15:59:39;30.51;64502.00;37.00;998.91;194;172;4.65;3
2025-09-22 15:59:40;30.52;64502.00;37.00;998.90;194;172;4.65;3
2025-09-22 15:59:41;30.52;64109.00;37.00;998.88;201;178;5.07;3
2025-09-22 15:59:42;30.53;64060.00;37.00;998.88;201;178;5.07;3
2025-09-22 15:59:43;30.55;63817.00;37.00;998.91;201;178;5.07;3
2025-09-22 15:59:44;30.54;64404.00;37.00;998.90;205;181;5.33;3
2025-09-22 15:59:45;30.55;63720.00;37.00;998.88;205;181;5.33;3
2025-09-22 15:59:46;30.57;63575.00;37.00;998.91;205;181;5.33;3
2025-09-22 15:59:47;30.57;63479.00;37.00;998.90;209;185;5.65;3
2025-09-22 15:59:48;30.58;63384.00;37.00;998.91;209;185;5.65;3
2025-09-22 15:59:49;30.59;63193.00;37.00;998.91;209;185;5.65;3
2025-09-22 15:59:50;30.59;63004.00;37.00;998.91;214;189;6.04;3
2025-09-22 15:59:51;30.58;63336.00;37.00;998.91;214;189;6.04;3
2025-09-22 15:59:52;30.58;63146.00;37.00;998.91;214;189;6.04;3
2025-09-22 15:59:53;30.59;62862.00;37.00;998.91;219;193;6.39;3
2025-09-22 15:59:54;30.60;62956.00;37.00;998.91;219;193;6.39;3
2025-09-22 15:59:55;30.60;62815.00;37.00;998.91;219;193;6.39;3
2025-09-22 15:59:56;30.61;62628.00;37.00;998.91;221;195;6.57;3
2025-09-22 15:59:57;30.62;62862.00;37.00;998.91;221;195;6.57;3
2025-09-22 15:59:58;30.62;62535.00;37.00;998.90;221;195;6.57;3
2025-09-22 15:59:59;30.62;63288.00;37.00;998.90;224;198;6.83;3
2025-09-22 16:00:00;30.63;62488.00;37.00;998.90;224;198;6.83;3
2025-09-22 16:00:01;30.65;62303.00;37.00;998.94;224;198;6.83;3
2025-09-22 16:00:02;30.65;62488.00;37.00;998.94;225;199;6.96;3
2025-09-22 16:00:03;30.66;62395.00;37.00;998.94;225;199;6.96;3
2025-09-22 16:00:04;30.67;62257.00;37.00;998.94;225;199;6.96;3
2025-09-22 16:00:05;30.67;62488.00;37.00;998.94;226;200;7.07;3
2025-09-22 16:00:06;30.68;61981.00;37.00;998.91;226;200;7.07;3
2025-09-22 16:00:07;30.69;62349.00;37.00;998.94;226;200;7.07;3
2025-09-22 16:00:08;30.70;61799.00;37.00;998.91;228;201;7.19;3
2025-09-22 16:00:09;30.70;61663.00;37.00;998.91;228;201;7.19;3
2025-09-22 16:00:10;30.71;61845.00;37.00;998.91;228;201;7.19;3
2025-09-22 16:00:11;30.71;61663.00;37.00;998.90;230;203;7.43;3
2025-09-22 16:00:12;30.72;62027.00;37.00;998.91;230;203;7.43;3
2025-09-22 16:00:13;30.73;61936.00;37.00;998.91;230;203;7.43;3
2025-09-22 16:00:14;30.74;61936.00;37.00;998.90;231;204;7.57;3
2025-09-22 16:00:15;30.75;61845.00;37.00;998.91;231;204;7.57;3
2025-09-22 16:00:16;30.75;61438.00;37.00;998.91;231;204;7.57;3
2025-09-22 16:00:17;30.76;60992.00;37.00;998.88;232;204;7.58;3
2025-09-22 16:00:18;30.77;61393.00;37.00;998.90;232;204;7.58;3
2025-09-22 16:00:19;30.77;61618.00;37.00;998.90;232;204;7.58;3
2025-09-22 16:00:20;30.77;61348.00;37.00;998.87;234;206;7.82;3
2025-09-22 16:00:21;30.79;61169.00;37.00;998.87;234;206;7.82;3
2025-09-22 16:00:22;30.79;61981.00;37.00;998.88;234;206;7.82;3
2025-09-22 16:00:23;30.79;61303.00;37.00;998.87;235;207;7.92;3
2025-09-22 16:00:24;30.80;61259.00;37.00;998.87;235;207;7.92;3
2025-09-22 16:00:25;30.80;61754.00;37.00;998.84;235;207;7.92;3
2025-09-22 16:00:26;30.81;61169.00;37.00;998.87;234;206;7.80;3
2025-09-22 16:00:27;30.81;61125.00;37.00;998.84;234;206;7.80;3
2025-09-22 16:00:28;30.82;61708.00;37.00;998.84;234;206;7.80;3
2025-09-22 16:00:29;30.83;61528.00;37.00;998.84;234;207;7.87;3
2025-09-22 16:00:30;30.83;61348.00;37.00;998.84;234;207;7.87;3
2025-09-22 16:00:31;30.83;61663.00;37.00;998.84;234;207;7.87;3
2025-09-22 16:00:32;30.84;61618.00;37.00;998.84;234;206;7.78;3
2025-09-22 16:00:33;30.84;61799.00;37.00;998.83;234;206;7.78;3
2025-09-22 16:00:34;30.85;61169.00;37.00;998.84;234;206;7.78;3
2025-09-22 16:00:35;30.85;61393.00;37.00;998.84;234;206;7.81;3
2025-09-22 16:00:36;30.86;61125.00;37.00;998.83;234;206;7.81;3
2025-09-22 16:00:37;30.86;61754.00;37.00;998.83;234;206;7.81;3
2025-09-22 16:00:38;30.87;61080.00;37.00;998.88;234;207;7.87;3
2025-09-22 16:00:39;30.87;61348.00;37.00;998.87;234;207;7.87;3
2025-09-22 16:00:40;30.88;61890.00;37.00;998.84;234;207;7.87;3
2025-09-22 16:00:41;30.88;62027.00;37.00;998.87;232;204;7.59;3
2025-09-22 16:00:42;30.88;61393.00;37.00;998.87;232;204;7.59;3
2025-09-22 16:00:43;30.88;61708.00;37.00;998.87;232;204;7.59;3
2025-09-22 16:00:44;30.89;61573.00;37.00;998.87;232;204;7.58;3
2025-09-22 16:00:45;30.89;61528.00;37.00;998.87;232;204;7.58;3
2025-09-22 16:00:46;30.90;61438.00;37.00;998.87;232;204;7.58;3
2025-09-22 16:00:47;30.90;61348.00;37.00;998.84;232;205;7.63;3
2025-09-22 16:00:48;30.91;61393.00;37.00;998.87;232;205;7.63;3
2025-09-22 16:00:49;30.91;61799.00;37.00;998.87;232;205;7.63;3
2025-09-22 16:00:50;30.92;61303.00;37.00;998.84;233;205;7.67;3
2025-09-22 16:00:51;30.92;61214.00;37.00;998.87;233;205;7.67;3
2025-09-22 16:00:52;30.92;61573.00;37.00;998.87;233;205;7.67;3
2025-09-22 16:00:53;30.93;60727.00;37.00;998.87;233;205;7.67;3
2025-09-22 16:00:54;30.93;61259.00;37.00;998.87;234;207;7.86;3
2025-09-22 16:00:55;30.94;61438.00;37.00;998.84;234;207;7.86;3
2025-09-22 16:00:56;30.94;61303.00;37.00;998.84;234;207;7.86;3
2025-09-22 16:00:57;30.94;61663.00;37.00;998.84;234;206;7.80;3
2025-09-22 16:00:58;30.94;61259.00;37.00;998.81;234;206;7.80;3
2025-09-22 16:00:59;30.95;61528.00;37.00;998.84;234;206;7.80;3
2025-09-22 16:01:00;30.96;61303.00;37.00;998.84;233;205;7.68;3
2025-09-22 16:01:01;30.96;61036.00;37.00;998.84;233;205;7.68;3
2025-09-22 16:01:02;30.97;61393.00;37.00;998.87;233;205;7.68;3
2025-09-22 16:01:03;30.97;61393.00;37.00;998.84;232;205;7.63;3
2025-09-22 16:01:04;30.97;61618.00;37.00;998.84;232;205;7.63;3
2025-09-22 16:01:05;30.97;61618.00;37.00;998.83;232;205;7.63;3
2025-09-22 16:01:06;30.98;61663.00;37.00;998.83;231;204;7.51;3
2025-09-22 16:01:07;30.98;61214.00;37.00;998.84;231;204;7.51;3
2025-09-22 16:01:08;30.98;61214.00;37.00;998.83;231;204;7.51;3
2025-09-22 16:01:09;30.98;61214.00;37.00;998.84;231;204;7.54;3
2025-09-22 16:01:10;30.99;61799.00;37.00;998.84;231;204;7.54;3
2025-09-22 16:01:11;31.00;60992.00;37.00;998.83;231;204;7.54;3
2025-09-22 16:01:12;31.00;61393.00;37.00;998.83;232;205;7.62;3
2025-09-22 16:01:13;31.00;61483.00;37.00;998.84;232;205;7.62;3
2025-09-22 16:01:14;31.02;61393.00;37.00;998.84;232;205;7.62;3
2025-09-22 16:01:15;31.01;61438.00;37.00;998.83;231;204;7.54;3
2025-09-22 16:01:16;31.02;61618.00;37.00;998.83;231;204;7.54;3
2025-09-22 16:01:17;31.02;60948.00;37.00;998.83;231;204;7.54;3
2025-09-22 16:01:18;31.02;60948.00;37.00;998.81;232;205;7.60;3
2025-09-22 16:01:19;31.03;61573.00;37.00;998.84;232;205;7.60;3
2025-09-22 16:01:20;31.03;61573.00;37.00;998.83;232;205;7.60;3
2025-09-22 16:01:21;31.04;61393.00;37.00;998.84;230;203;7.46;3
2025-09-22 16:01:22;31.04;61438.00;36.00;998.83;230;203;7.46;3
2025-09-22 16:01:23;31.04;61483.00;37.00;998.83;230;203;7.46;3
2025-09-22 16:01:24;31.04;61618.00;37.00;998.81;229;202;7.36;3
2025-09-22 16:01:25;31.05;61259.00;37.00;998.84;229;202;7.36;3
2025-09-22 16:01:26;31.05;61663.00;36.00;998.83;229;202;7.36;3
2025-09-22 16:01:27;31.05;61845.00;36.00;998.83;229;202;7.31;3
2025-09-22 16:01:28;31.05;62165.00;36.00;998.83;229;202;7.31;3
2025-09-22 16:01:29;31.06;61528.00;36.00;998.81;229;202;7.31;3
2025-09-22 16:01:30;31.06;61618.00;36.00;998.81;229;202;7.30;3
2025-09-22 16:01:31;31.06;62073.00;37.00;998.81;229;202;7.30;3
2025-09-22 16:01:32;31.07;61663.00;36.00;998.83;229;202;7.30;3
2025-09-22 16:01:33;31.07;61890.00;36.00;998.83;229;202;7.27;3
2025-09-22 16:01:34;31.07;61845.00;36.00;998.81;229;202;7.27;3
2025-09-22 16:01:35;31.08;61936.00;36.00;998.83;229;202;7.27;3
2025-09-22 16:01:36;31.08;61618.00;36.00;998.81;228;201;7.19;3
2025-09-22 16:01:37;31.08;61483.00;36.00;998.87;228;201;7.19;3
2025-09-22 16:01:38;31.09;62442.00;36.00;998.81;228;201;7.19;3
2025-09-22 16:01:39;31.09;61663.00;36.00;998.87;228;201;7.20;3
2025-09-22 16:01:40;31.09;61259.00;36.00;998.84;228;201;7.20;3
2025-09-22 16:01:41;31.10;61348.00;36.00;998.84;228;201;7.20;3
2025-09-22 16:01:42;31.10;61936.00;36.00;998.84;229;202;7.29;3
2025-09-22 16:01:43;31.10;61618.00;36.00;998.83;229;202;7.29;3
2025-09-22 16:01:44;31.10;61708.00;36.00;998.87;229;202;7.29;3
2025-09-22 16:01:45;31.11;61845.00;36.00;998.87;228;201;7.25;3
2025-09-22 16:01:46;31.11;61483.00;36.00;998.87;228;201;7.25;3
2025-09-22 16:01:47;31.11;62073.00;36.00;998.84;228;201;7.25;3
2025-09-22 16:01:48;31.11;61573.00;36.00;998.84;229;202;7.28;3
2025-09-22 16:01:49;31.12;61981.00;36.00;998.84;229;202;7.28;3
2025-09-22 16:01:50;31.13;61845.00;36.00;998.87;229;202;7.28;3
2025-09-22 16:01:51;31.12;61890.00;36.00;998.84;229;202;7.35;3
2025-09-22 16:01:52;31.12;61393.00;36.00;998.87;229;202;7.35;3
2025-09-22 16:01:53;31.13;61981.00;36.00;998.84;229;202;7.35;3
2025-09-22 16:01:54;31.13;62257.00;36.00;998.84;228;201;7.22;3
2025-09-22 16:01:55;31.13;61799.00;36.00;998.84;228;201;7.22;3
2025-09-22 16:01:56;31.14;61799.00;36.00;998.84;228;201;7.22;3
2025-09-22 16:01:57;31.14;62211.00;36.00;998.84;228;201;7.19;3
2025-09-22 16:01:58;31.14;61528.00;36.00;998.83;228;201;7.19;3
2025-09-22 16:01:59;31.14;62027.00;36.00;998.83;228;201;7.19;3
2025-09-22 16:02:00;31.15;61981.00;36.00;998.83;228;201;7.21;3
2025-09-22 16:02:01;31.15;61708.00;36.00;998.84;228;201;7.21;3
2025-09-22 16:02:02;31.16;62027.00;36.00;998.84;228;201;7.21;3
2025-09-22 16:02:03;31.16;62303.00;36.00;998.84;227;200;7.12;3
2025-09-22 16:02:04;31.16;62349.00;36.00;998.84;227;200;7.12;3
2025-09-22 16:02:05;31.16;62073.00;36.00;998.83;227;200;7.12;3
2025-09-22 16:02:06;31.16;61890.00;36.00;998.83;227;200;7.09;3
2025-09-22 16:02:07;31.16;61936.00;36.00;998.84;227;200;7.09;3
2025-09-22 16:02:08;31.17;61754.00;36.00;998.84;227;200;7.09;3
2025-09-22 16:02:09;31.17;62303.00;36.00;998.84;226;200;7.05;3
2025-09-22 16:02:10;31.17;61890.00;36.00;998.84;226;200;7.05;3
2025-09-22 16:02:11;31.18;61663.00;36.00;998.84;226;200;7.05;3
2025-09-22 16:02:12;31.18;62073.00;36.00;998.84;226;200;7.04;3
2025-09-22 16:02:13;31.18;62119.00;36.00;998.83;226;200;7.04;3
2025-09-22 16:02:14;31.18;62073.00;36.00;998.83;226;200;7.04;3
2025-09-22 16:02:15;31.18;62442.00;36.00;998.84;226;199;7.04;3
2025-09-22 16:02:16;31.18;61890.00;36.00;998.83;226;199;7.04;3
2025-09-22 16:02:17;31.19;62027.00;36.00;998.84;226;199;7.04;3
2025-09-22 16:02:18;31.19;61936.00;36.00;998.84;225;198;6.92;3
2025-09-22 16:02:19;31.19;62119.00;36.00;998.84;225;198;6.92;3
2025-09-22 16:02:20;31.20;61890.00;36.00;998.83;225;198;6.92;3
2025-09-22 16:02:21;31.20;62073.00;36.00;998.83;224;198;6.88;3
2025-09-22 16:02:22;31.20;62395.00;36.00;998.83;224;198;6.88;3
2025-09-22 16:02:23;31.21;61981.00;36.00;998.84;224;198;6.88;3
2025-09-22 16:02:24;31.21;62581.00;36.00;998.81;223;197;6.73;3
2025-09-22 16:02:25;31.21;61663.00;36.00;998.81;223;197;6.73;3
2025-09-22 16:02:26;31.22;61936.00;36.00;998.84;223;197;6.73;3
2025-09-22 16:02:27;31.20;61936.00;36.00;998.78;224;197;6.80;3
2025-09-22 16:02:28;31.22;62257.00;36.00;998.83;224;197;6.80;3
2025-09-22 16:02:29;31.22;62119.00;36.00;998.83;224;197;6.80;3
2025-09-22 16:02:30;31.22;61754.00;36.00;998.83;222;196;6.66;3
2025-09-22 16:02:31;31.22;62119.00;36.00;998.81;222;196;6.66;3
2025-09-22 16:02:32;31.23;62257.00;36.00;998.84;222;196;6.66;3
2025-09-22 16:02:33;31.23;62165.00;36.00;998.81;222;196;6.69;3
2025-09-22 16:02:34;31.23;62349.00;36.00;998.83;222;196;6.69;3
2025-09-22 16:02:35;31.23;62349.00;36.00;998.83;222;196;6.69;3
2025-09-22 16:02:36;31.23;62349.00;36.00;998.83;222;196;6.67;3
2025-09-22 16:02:37;31.24;62257.00;36.00;998.83;222;196;6.67;3
2025-09-22 16:02:38;31.24;62721.00;36.00;998.83;222;196;6.67;3
2025-09-22 16:02:39;31.23;62303.00;36.00;998.81;223;197;6.75;3
2025-09-22 16:02:40;31.23;62119.00;36.00;998.81;223;197;6.75;3
2025-09-22 16:02:41;31.25;62442.00;36.00;998.81;223;197;6.75;3
2025-09-22 16:02:42;31.25;62211.00;36.00;998.83;223;197;6.74;3
2025-09-22 16:02:43;31.25;62721.00;36.00;998.83;223;197;6.74;3
2025-09-22 16:02:44;31.25;62165.00;36.00;998.83;223;197;6.74;3
2025-09-22 16:02:45;31.25;62257.00;36.00;998.81;223;197;6.75;3
2025-09-22 16:02:46;31.25;62815.00;36.00;998.83;223;197;6.75;3
2025-09-22 16:02:47;31.26;62257.00;36.00;998.81;223;197;6.75;3
2025-09-22 16:02:48;31.26;62073.00;36.00;998.81;223;197;6.77;3
2025-09-22 16:02:49;31.26;62815.00;36.00;998.81;223;197;6.77;3
2025-09-22 16:02:50;31.27;62535.00;36.00;998.84;223;197;6.77;3
2025-09-22 16:02:51;31.26;62535.00;36.00;998.78;223;196;6.72;3
2025-09-22 16:02:52;31.26;62721.00;36.00;998.81;223;196;6.72;3
2025-09-22 16:02:53;31.27;62442.00;36.00;998.83;223;196;6.72;3
2025-09-22 16:02:54;31.28;62721.00;36.00;998.81;222;195;6.61;3
2025-09-22 16:02:55;31.27;63098.00;36.00;998.83;222;195;6.61;3
2025-09-22 16:02:56;31.27;62909.00;36.00;998.83;222;195;6.61;3
2025-09-22 16:02:57;31.28;63479.00;36.00;998.81;220;194;6.48;3
2025-09-22 16:02:58;31.28;62349.00;36.00;998.81;220;194;6.48;3
2025-09-22 16:02:59;31.28;62303.00;36.00;998.81;220;194;6.48;3
2025-09-22 16:03:00;31.28;62675.00;36.00;998.81;219;193;6.42;3
2025-09-22 16:03:01;31.28;63146.00;36.00;998.81;219;193;6.42;3
2025-09-22 16:03:02;31.29;62956.00;36.00;998.81;219;193;6.42;3
2025-09-22 16:03:03;31.28;63004.00;36.00;998.78;220;194;6.45;3
2025-09-22 16:03:04;31.29;62675.00;36.00;998.83;220;194;6.45;3
2025-09-22 16:03:05;31.29;63098.00;36.00;998.81;220;194;6.45;3
2025-09-22 16:03:06;31.29;62303.00;36.00;998.81;219;193;6.36;3
2025-09-22 16:03:07;31.29;62488.00;36.00;998.81;219;193;6.36;3
2025-09-22 16:03:08;31.29;62721.00;36.00;998.78;219;193;6.36;3
2025-09-22 16:03:09;31.30;62909.00;36.00;998.81;217;192;6.25;3
2025-09-22 16:03:10;31.30;62535.00;36.00;998.81;217;192;6.25;3
2025-09-22 16:03:11;31.30;62768.00;36.00;998.78;217;192;6.25;3
2025-09-22 16:03:12;31.31;62675.00;36.00;998.78;217;192;6.25;3
2025-09-22 16:03:13;31.31;63193.00;36.00;998.83;217;192;6.25;3
2025-09-22 16:03:14;31.31;63146.00;36.00;998.84;217;192;6.25;3
2025-09-22 16:03:15;31.31;62257.00;36.00;998.84;219;193;6.35;3
2025-09-22 16:03:16;31.30;62628.00;36.00;998.83;219;193;6.35;3
2025-09-22 16:03:17;31.31;63336.00;36.00;998.83;219;193;6.35;3
2025-09-22 16:03:18;31.32;62862.00;36.00;998.83;218;192;6.28;3
2025-09-22 16:03:19;31.31;62815.00;36.00;998.83;218;192;6.28;3
2025-09-22 16:03:20;31.32;62768.00;36.00;998.83;218;192;6.28;3
2025-09-22 16:03:21;31.32;62956.00;36.00;998.83;217;191;6.20;3
2025-09-22 16:03:22;31.32;63098.00;36.00;998.83;217;191;6.20;3
2025-09-22 16:03:23;31.32;62581.00;36.00;998.83;217;191;6.20;3
2025-09-22 16:03:24;31.32;62815.00;36.00;998.84;217;191;6.20;3
2025-09-22 16:03:25;31.33;62581.00;36.00;998.83;216;191;6.18;3
2025-09-22 16:03:26;31.33;63193.00;36.00;998.83;216;191;6.18;3
2025-09-22 16:03:27;31.32;63336.00;36.00;998.81;216;191;6.18;3
2025-09-22 16:03:28;31.33;63288.00;36.00;998.83;215;189;6.04;3
2025-09-22 16:03:29;31.33;63004.00;36.00;998.84;215;189;6.04;3
2025-09-22 16:03:30;31.33;63288.00;36.00;998.83;215;189;6.04;3
2025-09-22 16:03:31;31.33;63004.00;36.00;998.83;214;188;5.96;3
2025-09-22 16:03:32;31.33;63146.00;36.00;998.81;214;188;5.96;3
2025-09-22 16:03:33;31.34;62862.00;36.00;998.81;214;188;5.96;3
2025-09-22 16:03:34;31.34;63431.00;36.00;998.81;214;189;5.99;3
2025-09-22 16:03:35;31.34;63146.00;36.00;998.81;214;189;5.99;3
2025-09-22 16:03:36;31.34;63336.00;36.00;998.81;214;189;5.99;3
2025-09-22 16:03:37;31.34;63672.00;36.00;998.81;213;188;5.91;3
2025-09-22 16:03:38;31.35;63146.00;36.00;998.78;213;188;5.91;3
2025-09-22 16:03:39;31.35;63624.00;36.00;998.83;213;188;5.91;3
2025-09-22 16:03:40;31.35;63384.00;36.00;998.83;211;187;5.79;3
2025-09-22 16:03:41;31.35;63624.00;36.00;998.81;211;187;5.79;3
2025-09-22 16:03:42;31.35;63004.00;36.00;998.81;211;187;5.79;3
2025-09-22 16:03:43;31.35;63431.00;36.00;998.83;212;187;5.83;3
2025-09-22 16:03:44;31.35;63575.00;36.00;998.81;212;187;5.83;3
2025-09-22 16:03:45;31.36;63962.00;36.00;998.81;212;187;5.83;3
2025-09-22 16:03:46;31.36;63527.00;36.00;998.81;210;185;5.66;3
2025-09-22 16:03:47;31.36;63004.00;36.00;998.78;210;185;5.66;3
2025-09-22 16:03:48;31.36;63051.00;36.00;998.78;210;185;5.66;3
2025-09-22 16:03:49;31.36;63865.00;36.00;998.78;211;186;5.73;3
2025-09-22 16:03:50;31.36;63051.00;36.00;998.78;211;186;5.73;3
2025-09-22 16:03:51;31.37;63817.00;36.00;998.81;211;186;5.73;3
2025-09-22 16:03:52;31.37;63479.00;36.00;998.83;209;185;5.62;3
2025-09-22 16:03:53;31.37;63336.00;36.00;998.78;209;185;5.62;3
2025-09-22 16:03:54;31.37;63672.00;36.00;998.81;209;185;5.62;3
2025-09-22 16:03:55;31.37;63672.00;36.00;998.81;208;184;5.56;3
2025-09-22 16:03:56;31.38;63575.00;36.00;998.78;208;184;5.56;3
2025-09-22 16:03:57;31.38;63865.00;36.00;998.81;208;184;5.56;3
2025-09-22 16:03:58;31.37;63288.00;36.00;998.81;207;183;5.49;3
2025-09-22 16:03:59;31.38;63624.00;36.00;998.77;207;183;5.49;3
2025-09-22 16:04:00;31.38;63431.00;36.00;998.78;207;183;5.49;3
2025-09-22 16:04:01;31.39;63720.00;36.00;998.78;208;183;5.52;3
2025-09-22 16:04:02;31.38;63817.00;36.00;998.81;208;183;5.52;3
2025-09-22 16:04:03;31.39;63336.00;36.00;998.81;208;183;5.52;3
2025-09-22 16:04:04;31.39;63817.00;36.00;998.81;208;184;5.56;3
2025-09-22 16:04:05;31.39;63865.00;36.00;998.78;208;184;5.56;3
2025-09-22 16:04:06;31.39;63914.00;36.00;998.81;208;184;5.56;3
2025-09-22 16:04:07;31.40;63672.00;36.00;998.78;209;185;5.63;3
2025-09-22 16:04:08;31.40;63817.00;36.00;998.78;209;185;5.63;3
2025-09-22 16:04:09;31.40;63575.00;36.00;998.78;209;185;5.63;3
2025-09-22 16:04:10;31.40;63962.00;36.00;998.77;209;184;5.58;3
2025-09-22 16:04:11;31.40;63865.00;36.00;998.77;209;184;5.58;3
2025-09-22 16:04:12;31.41;63768.00;36.00;998.77;209;184;5.58;3
2025-09-22 16:04:13;31.41;64011.00;36.00;998.81;208;183;5.51;3
2025-09-22 16:04:14;31.41;63288.00;36.00;998.78;208;183;5.51;3
2025-09-22 16:04:15;31.41;63479.00;36.00;998.78;208;183;5.51;3
2025-09-22 16:04:16;31.41;64109.00;36.00;998.78;206;182;5.38;3
2025-09-22 16:04:17;31.41;64060.00;36.00;998.78;206;182;5.38;3
2025-09-22 16:04:18;31.42;63288.00;36.00;998.77;206;182;5.38;3
2025-09-22 16:04:19;31.42;63914.00;36.00;998.77;206;182;5.38;3
2025-09-22 16:04:20;31.41;64011.00;36.00;998.78;206;182;5.38;3
2025-09-22 16:04:21;31.42;64109.00;36.00;998.78;206;182;5.38;3
2025-09-22 16:04:22;31.41;63914.00;36.00;998.77;205;181;5.30;3
2025-09-22 16:04:23;31.42;64158.00;36.00;998.78;205;181;5.30;3
2025-09-22 16:04:24;31.42;63914.00;36.00;998.77;205;181;5.30;3
2025-09-22 16:04:25;31.43;63962.00;36.00;998.77;204;180;5.27;3
2025-09-22 16:04:26;31.43;64011.00;36.00;998.78;204;180;5.27;3
2025-09-22 16:04:27;31.42;63962.00;36.00;998.77;204;180;5.27;3
2025-09-22 16:04:28;31.43;63865.00;36.00;998.77;205;181;5.28;3
2025-09-22 16:04:29;31.43;64207.00;36.00;998.78;205;181;5.28;3
2025-09-22 16:04:30;31.43;64060.00;36.00;998.81;205;181;5.28;3
2025-09-22 16:04:31;31.43;63962.00;36.00;998.81;204;180;5.23;3
2025-09-22 16:04:32;31.44;63384.00;36.00;998.81;204;180;5.23;3
2025-09-22 16:04:33;31.43;63914.00;36.00;998.78;204;180;5.23;3
2025-09-22 16:04:34;31.44;63817.00;36.00;998.78;204;180;5.27;3
2025-09-22 16:04:35;31.44;63962.00;36.00;998.78;204;180;5.27;3
2025-09-22 16:04:36;31.43;64207.00;36.00;998.78;204;180;5.27;3
2025-09-22 16:04:37;31.44;64109.00;36.00;998.81;204;180;5.23;3
2025-09-22 16:04:38;31.44;64404.00;35.00;998.78;204;180;5.23;3
2025-09-22 16:04:39;31.44;64256.00;35.00;998.77;204;180;5.23;3
2025-09-22 16:04:40;31.44;64158.00;35.00;998.78;204;180;5.27;3
2025-09-22 16:04:41;31.44;64109.00;35.00;998.78;204;180;5.27;3
2025-09-22 16:04:42;31.44;64060.00;35.00;998.78;204;180;5.27;3
2025-09-22 16:04:43;31.44;64109.00;35.00;998.77;204;180;5.24;3
2025-09-22 16:04:44;31.45;64453.00;35.00;998.81;204;180;5.24;3
2025-09-22 16:04:45;31.44;63914.00;35.00;998.77;204;180;5.24;3
2025-09-22 16:04:46;31.45;64207.00;35.00;998.77;203;179;5.17;3
2025-09-22 16:04:47;31.44;64207.00;35.00;998.81;203;179;5.17;3
2025-09-22 16:04:48;31.45;64453.00;35.00;998.81;203;179;5.17;3
2025-09-22 16:04:49;31.45;63865.00;35.00;998.81;203;179;5.14;3
2025-09-22 16:04:50;31.45;64502.00;35.00;998.81;203;179;5.14;3
2025-09-22 16:04:51;31.45;63914.00;35.00;998.81;203;179;5.14;3
2025-09-22 16:04:52;31.45;64109.00;35.00;998.78;203;179;5.15;3
2025-09-22 16:04:53;31.45;64207.00;35.00;998.78;203;179;5.15;3
2025-09-22 16:04:54;31.46;64751.00;35.00;998.81;203;179;5.15;3
2025-09-22 16:04:55;31.45;64158.00;35.00;998.77;202;178;5.07;3
2025-09-22 16:04:56;31.46;64404.00;35.00;998.78;202;178;5.07;3
2025-09-22 16:04:57;31.46;64305.00;35.00;998.78;202;178;5.07;3
2025-09-22 16:04:58;31.46;64651.00;35.00;998.78;202;178;5.11;3
2025-09-22 16:04:59;31.46;64207.00;35.00;998.78;202;178;5.11;3
2025-09-22 16:05:00;31.46;64256.00;35.00;998.78;202;178;5.11;3
2025-09-22 16:05:01;31.46;64158.00;35.00;998.78;203;179;5.14;3
2025-09-22 16:05:02;31.47;64404.00;35.00;998.78;203;179;5.14;3
2025-09-22 16:05:03;31.47;64354.00;35.00;998.78;203;179;5.14;3
2025-09-22 16:05:04;31.47;64305.00;35.00;998.78;203;179;5.18;3
2025-09-22 16:05:05;31.46;64502.00;35.00;998.78;203;179;5.18;3
2025-09-22 16:05:06;31.46;63768.00;35.00;998.81;203;179;5.18;3
2025-09-22 16:05:07;31.46;64060.00;35.00;998.81;205;181;5.31;3
2025-09-22 16:05:08;31.47;64651.00;35.00;998.78;205;181;5.31;3
2025-09-22 16:05:09;31.47;64453.00;35.00;998.83;205;181;5.31;3
2025-09-22 16:05:10;31.47;64060.00;35.00;998.83;203;179;5.17;3
2025-09-22 16:05:11;31.47;64552.00;35.00;998.83;203;179;5.17;3
2025-09-22 16:05:12;31.47;64256.00;35.00;998.83;203;179;5.17;3
2025-09-22 16:05:13;31.48;63962.00;35.00;998.83;204;180;5.22;3
2025-09-22 16:05:14;31.47;64552.00;35.00;998.81;204;180;5.22;3
2025-09-22 16:05:15;31.47;64060.00;35.00;998.81;204;180;5.22;3
2025-09-22 16:05:16;31.47;64502.00;35.00;998.81;204;180;5.20;3
2025-09-22 16:05:17;31.47;63817.00;35.00;998.81;204;180;5.20;3
2025-09-22 16:05:18;31.48;64751.00;35.00;998.78;204;180;5.20;3
2025-09-22 16:05:19;31.46;64453.00;35.00;998.77;203;179;5.15;3
2025-09-22 16:05:20;31.47;64404.00;35.00;998.78;203;179;5.15;3
2025-09-22 16:05:21;31.48;64354.00;35.00;998.78;203;179;5.15;3
2025-09-22 16:05:22;31.47;65001.00;35.00;998.78;202;179;5.13;3
2025-09-22 16:05:23;31.48;64453.00;35.00;998.78;202;179;5.13;3
2025-09-22 16:05:24;31.48;64701.00;35.00;998.78;202;179;5.13;3
2025-09-22 16:05:25;31.48;65102.00;35.00;998.77;201;178;5.05;3
2025-09-22 16:05:26;31.48;64701.00;35.00;998.77;201;178;5.05;3
2025-09-22 16:05:27;31.49;65153.00;35.00;998.77;201;178;5.05;3
2025-09-22 16:05:28;31.49;64651.00;35.00;998.77;202;178;5.07;3
2025-09-22 16:05:29;31.49;64851.00;35.00;998.77;202;178;5.07;3
2025-09-22 16:05:30;31.48;64801.00;35.00;998.77;202;178;5.07;3
2025-09-22 16:05:31;31.48;64851.00;35.00;998.74;203;179;5.18;3
2025-09-22 16:05:32;31.48;64354.00;35.00;998.77;203;179;5.18;3
2025-09-22 16:05:33;31.48;65001.00;35.00;998.77;203;179;5.18;3
2025-09-22 16:05:34;31.48;64502.00;35.00;998.74;202;178;5.12;3
2025-09-22 16:05:35;31.48;64602.00;35.00;998.74;202;178;5.12;3
2025-09-22 16:05:36;31.49;64751.00;35.00;998.74;202;178;5.12;3
2025-09-22 16:05:37;31.49;64158.00;35.00;998.78;202;178;5.08;3
2025-09-22 16:05:38;31.49;64801.00;35.00;998.77;202;178;5.08;3
2025-09-22 16:05:39;31.49;64651.00;35.00;998.77;202;178;5.08;3
2025-09-22 16:05:40;31.50;64651.00;35.00;998.77;202;178;5.10;3
2025-09-22 16:05:41;31.50;65153.00;35.00;998.77;202;178;5.10;3
2025-09-22 16:05:42;31.49;65052.00;35.00;998.77;202;178;5.10;3
2025-09-22 16:05:43;31.49;64502.00;35.00;998.74;202;178;5.11;3
2025-09-22 16:05:44;31.50;65052.00;35.00;998.78;202;178;5.11;3
2025-09-22 16:05:45;31.49;64951.00;35.00;998.77;202;178;5.11;3
2025-09-22 16:05:46;31.49;65001.00;35.00;998.77;202;178;5.10;3
2025-09-22 16:05:47;31.49;64256.00;35.00;998.77;202;178;5.10;3
2025-09-22 16:05:48;31.50;64552.00;35.00;998.77;202;178;5.10;3
2025-09-22 16:05:49;31.50;65457.00;35.00;998.77;200;177;4.98;3
2025-09-22 16:05:50;31.50;64502.00;35.00;998.77;200;177;4.98;3
2025-09-22 16:05:51;31.50;65457.00;35.00;998.77;200;177;4.98;3
2025-09-22 16:05:52;31.50;64901.00;35.00;998.74;201;177;5.00;3
2025-09-22 16:05:53;31.50;65001.00;35.00;998.77;201;177;5.00;3
2025-09-22 16:05:54;31.50;64851.00;35.00;998.77;201;177;5.00;3
2025-09-22 16:05:55;31.50;65203.00;35.00;998.77;200;176;4.96;3
2025-09-22 16:05:56;31.49;65102.00;35.00;998.74;200;176;4.96;3
2025-09-22 16:05:57;31.50;65457.00;35.00;998.77;200;176;4.96;3
2025-09-22 16:05:58;31.50;65304.00;35.00;998.77;200;176;4.96;3
2025-09-22 16:05:59;31.50;64901.00;35.00;998.77;199;176;4.91;3
2025-09-22 16:06:00;31.51;65610.00;35.00;998.78;199;176;4.91;3
2025-09-22 16:06:01;31.50;64951.00;35.00;998.81;199;176;4.91;3
2025-09-22 16:06:02;31.51;64552.00;35.00;998.77;200;176;4.95;3
2025-09-22 16:06:03;31.51;65203.00;35.00;998.77;200;176;4.95;3
2025-09-22 16:06:04;31.51;65052.00;35.00;998.78;200;176;4.95;3
2025-09-22 16:06:05;31.51;65001.00;35.00;998.77;200;176;4.96;3
2025-09-22 16:06:06;31.51;64701.00;35.00;998.77;200;176;4.96;3
2025-09-22 16:06:07;31.51;65254.00;35.00;998.77;200;176;4.96;3
2025-09-22 16:06:08;31.50;65102.00;35.00;998.77;199;176;4.93;3
2025-09-22 16:06:09;31.51;65102.00;35.00;998.81;199;176;4.93;3
2025-09-22 16:06:10;31.51;64851.00;35.00;998.78;199;176;4.93;3
2025-09-22 16:06:11;31.51;65457.00;35.00;998.77;200;177;4.98;3
2025-09-22 16:06:12;31.51;64901.00;35.00;998.81;200;177;4.98;3
2025-09-22 16:06:13;31.51;65153.00;35.00;998.81;200;177;4.98;3
2025-09-22 16:06:14;31.51;65508.00;35.00;998.78;200;176;4.96;3
2025-09-22 16:06:15;31.51;65052.00;35.00;998.78;200;176;4.96;3
2025-09-22 16:06:16;31.51;64951.00;35.00;998.81;200;176;4.96;3
2025-09-22 16:06:17;31.51;65457.00;35.00;998.74;200;177;4.99;3
2025-09-22 16:06:18;31.51;65102.00;35.00;998.78;200;177;4.99;3
2025-09-22 16:06:19;31.51;65203.00;35.00;998.78;200;177;4.99;3
2025-09-22 16:06:20;31.50;64701.00;35.00;998.78;200;176;4.96;3
2025-09-22 16:06:21;31.51;65102.00;35.00;998.78;200;176;4.96;3
2025-09-22 16:06:22;31.51;65559.00;35.00;998.78;200;176;4.96;3
2025-09-22 16:06:23;31.51;64951.00;35.00;998.78;199;175;4.88;3
2025-09-22 16:06:24;31.52;65102.00;35.00;998.78;199;175;4.88;3
2025-09-22 16:06:25;31.52;65559.00;35.00;998.78;199;175;4.88;3
2025-09-22 16:06:26;31.52;64552.00;35.00;998.77;198;175;4.83;3
2025-09-22 16:06:27;31.52;65713.00;35.00;998.77;198;175;4.83;3
2025-09-22 16:06:28;31.52;65508.00;35.00;998.77;198;175;4.83;3
2025-09-22 16:06:29;31.52;65508.00;35.00;998.77;198;174;4.80;3
2025-09-22 16:06:30;31.52;65052.00;35.00;998.77;198;174;4.80;3
2025-09-22 16:06:31;31.52;64701.00;35.00;998.77;198;174;4.80;3
2025-09-22 16:06:32;31.52;65052.00;35.00;998.77;199;176;4.92;3
2025-09-22 16:06:33;31.52;65508.00;35.00;998.77;199;176;4.92;3
2025-09-22 16:06:34;31.52;64951.00;35.00;998.77;199;176;4.92;3
2025-09-22 16:06:35;31.53;65355.00;35.00;998.77;199;175;4.87;3
2025-09-22 16:06:36;31.52;65406.00;35.00;998.77;199;175;4.87;3
2025-09-22 16:06:37;31.53;65713.00;35.00;998.77;199;175;4.87;3
2025-09-22 16:06:38;31.53;65102.00;35.00;998.77;197;174;4.79;3
2025-09-22 16:06:39;31.52;65406.00;35.00;998.77;197;174;4.79;3
2025-09-22 16:06:40;31.52;65713.00;35.00;998.77;197;174;4.79;3
2025-09-22 16:06:41;31.52;65971.00;35.00;998.77;196;173;4.73;3
2025-09-22 16:06:42;31.52;65355.00;35.00;998.78;196;173;4.73;3
2025-09-22 16:06:43;31.52;65559.00;35.00;998.77;196;173;4.73;3
2025-09-22 16:06:44;31.52;65304.00;35.00;998.77;196;173;4.73;3
2025-09-22 16:06:45;31.52;65867.00;35.00;998.84;196;173;4.73;3
2025-09-22 16:06:46;31.53;65610.00;35.00;998.77;196;173;4.73;3
2025-09-22 16:06:47;31.53;65457.00;35.00;998.77;196;173;4.70;3
2025-09-22 16:06:48;31.52;65559.00;35.00;998.77;196;173;4.70;3
2025-09-22 16:06:49;31.53;65559.00;35.00;998.77;196;173;4.70;3
2025-09-22 16:06:50;31.53;65559.00;35.00;998.83;196;173;4.71;3
2025-09-22 16:06:51;31.53;65816.00;35.00;998.77;196;173;4.71;3
2025-09-22 16:06:52;31.53;65559.00;35.00;998.83;196;173;4.71;3
2025-09-22 16:06:53;31.53;65713.00;35.00;998.77;195;172;4.67;3
2025-09-22 16:06:54;31.52;65406.00;35.00;998.77;195;172;4.67;3
2025-09-22 16:06:55;31.53;65764.00;35.00;998.77;195;172;4.67;3
2025-09-22 16:06:56;31.53;65867.00;35.00;998.77;195;172;4.65;3
2025-09-22 16:06:57;31.52;65662.00;35.00;998.83;195;172;4.65;3
2025-09-22 16:06:58;31.53;66388.00;35.00;998.81;195;172;4.65;3
2025-09-22 16:06:59;31.53;65764.00;35.00;998.73;194;171;4.60;3
2025-09-22 16:07:00;31.53;65867.00;35.00;998.77;194;171;4.60;3
2025-09-22 16:07:01;31.53;65816.00;35.00;998.77;194;171;4.60;3
2025-09-22 16:07:02;31.53;65559.00;35.00;998.77;194;171;4.60;3
2025-09-22 16:07:03;31.53;65867.00;35.00;998.74;194;171;4.60;3
2025-09-22 16:07:04;31.53;65867.00;35.00;998.73;194;171;4.60;3
2025-09-22 16:07:05;31.53;65816.00;35.00;998.73;196;173;4.70;3
2025-09-22 16:07:06;31.53;65867.00;35.00;998.73;196;173;4.70;3
2025-09-22 16:07:07;31.54;66231.00;35.00;998.73;196;173;4.70;3
2025-09-22 16:07:08;31.53;65662.00;35.00;998.74;196;173;4.69;3
2025-09-22 16:07:09;31.53;65816.00;35.00;998.74;196;173;4.69;3
2025-09-22 16:07:10;31.54;65971.00;35.00;998.77;196;173;4.69;3
2025-09-22 16:07:11;31.54;65971.00;35.00;998.77;195;172;4.63;3
2025-09-22 16:07:12;31.54;66023.00;35.00;998.78;195;172;4.63;3
2025-09-22 16:07:13;31.54;66283.00;35.00;998.78;195;172;4.63;3
2025-09-22 16:07:14;31.54;65971.00;35.00;998.77;196;172;4.67;3
2025-09-22 16:07:15;31.53;66023.00;35.00;998.77;196;172;4.67;3
2025-09-22 16:07:16;31.54;66074.00;35.00;998.77;196;172;4.67;3
2025-09-22 16:07:17;31.54;65816.00;35.00;998.74;194;171;4.58;3
2025-09-22 16:07:18;31.54;65764.00;35.00;998.74;194;171;4.58;3
2025-09-22 16:07:19;31.54;66023.00;35.00;998.74;194;171;4.58;3
2025-09-22 16:07:20;31.54;66126.00;35.00;998.73;194;171;4.59;3
2025-09-22 16:07:21;31.54;66126.00;35.00;998.73;194;171;4.59;3
2025-09-22 16:07:22;31.54;66179.00;35.00;998.73;194;171;4.59;3
2025-09-22 16:07:23;31.54;66074.00;35.00;998.70;193;170;4.54;3
2025-09-22 16:07:24;31.54;66074.00;35.00;998.70;193;170;4.54;3
2025-09-22 16:07:25;31.54;66074.00;35.00;998.70;193;170;4.54;3
2025-09-22 16:07:26;31.54;66598.00;35.00;998.70;192;170;4.47;3
2025-09-22 16:07:27;31.54;66179.00;35.00;998.70;192;170;4.47;3
2025-09-22 16:07:28;31.54;66283.00;35.00;998.70;192;170;4.47;3
2025-09-22 16:07:29;31.54;66388.00;35.00;998.70;191;169;4.42;3
2025-09-22 16:07:30;31.54;66074.00;35.00;998.70;191;169;4.42;3
2025-09-22 16:07:31;31.55;66023.00;35.00;998.69;191;169;4.42;3
2025-09-22 16:07:32;31.54;66388.00;35.00;998.69;189;167;4.28;3
2025-09-22 16:07:33;31.54;66126.00;35.00;998.69;189;167;4.28;3
2025-09-22 16:07:34;31.54;65867.00;35.00;998.67;189;167;4.28;3
2025-09-22 16:07:35;31.54;66074.00;35.00;998.67;189;167;4.29;3
2025-09-22 16:07:36;31.54;66179.00;35.00;998.67;189;167;4.29;3
2025-09-22 16:07:37;31.55;66388.00;35.00;998.67;189;167;4.29;3
2025-09-22 16:07:38;31.54;66283.00;35.00;998.65;190;168;4.34;3
2025-09-22 16:07:39;31.54;66074.00;35.00;998.67;190;168;4.34;3
2025-09-22 16:07:40;31.55;66598.00;35.00;998.69;190;168;4.34;3
2025-09-22 16:07:41;31.55;66545.00;35.00;998.67;190;168;4.36;3
2025-09-22 16:07:42;31.55;66335.00;35.00;998.67;190;168;4.36;3
2025-09-22 16:07:43;31.55;66231.00;35.00;998.67;190;168;4.36;3
2025-09-22 16:07:44;31.55;66126.00;35.00;998.69;191;168;4.38;3
2025-09-22 16:07:45;31.55;66283.00;35.00;998.69;191;168;4.38;3
2025-09-22 16:07:46;31.55;66023.00;35.00;998.69;191;168;4.38;3
2025-09-22 16:07:47;31.54;66493.00;35.00;998.70;190;167;4.33;3
2025-09-22 16:07:48;31.54;66179.00;35.00;998.70;190;167;4.33;3
2025-09-22 16:07:49;31.55;66916.00;35.00;998.70;190;167;4.33;3
2025-09-22 16:07:50;31.54;66388.00;35.00;998.73;189;166;4.26;3
2025-09-22 16:07:51;31.55;65867.00;35.00;998.73;189;166;4.26;3
2025-09-22 16:07:52;31.55;66388.00;35.00;998.77;189;166;4.26;3
2025-09-22 16:07:53;31.55;66598.00;35.00;998.74;188;166;4.24;3
2025-09-22 16:07:54;31.55;66388.00;35.00;998.73;188;166;4.24;3
2025-09-22 16:07:55;31.55;66651.00;35.00;998.74;188;166;4.24;3
2025-09-22 16:07:56;31.55;66179.00;35.00;998.74;189;167;4.28;3
2025-09-22 16:07:57;31.55;66231.00;35.00;998.77;189;167;4.28;3
2025-09-22 16:07:58;31.55;66231.00;35.00;998.74;189;167;4.28;3
2025-09-22 16:07:59;31.54;66704.00;35.00;998.74;190;168;4.36;3
2025-09-22 16:08:00;31.55;66916.00;35.00;998.77;190;168;4.36;3
2025-09-22 16:08:01;31.55;66757.00;35.00;998.78;190;168;4.36;3
2025-09-22 16:08:02;31.55;66757.00;35.00;998.78;190;167;4.32;3
2025-09-22 16:08:03;31.55;66493.00;35.00;998.78;190;167;4.32;3
2025-09-22 16:08:04;31.55;66863.00;35.00;998.81;190;167;4.32;3
2025-09-22 16:08:05;31.55;66545.00;35.00;998.81;188;166;4.24;3
2025-09-22 16:08:06;31.55;66810.00;35.00;998.81;188;166;4.24;3
2025-09-22 16:08:07;31.55;66493.00;35.00;998.78;188;166;4.24;3
2025-09-22 16:08:08;31.55;66651.00;35.00;998.78;188;166;4.21;3
2025-09-22 16:08:09;31.55;66970.00;35.00;998.81;188;166;4.21;3
2025-09-22 16:08:10;31.55;66493.00;35.00;998.81;188;166;4.21;3
2025-09-22 16:08:11;31.54;66335.00;35.00;998.78;186;164;4.14;3
2025-09-22 16:08:12;31.55;67076.00;35.00;998.81;186;164;4.14;3
2025-09-22 16:08:13;31.56;66757.00;35.00;998.81;186;164;4.14;3
2025-09-22 16:08:14;31.56;67023.00;35.00;998.81;186;164;4.14;3
2025-09-22 16:08:15;31.55;66179.00;35.00;998.81;186;164;4.14;3
2025-09-22 16:08:16;31.56;66704.00;35.00;998.78;186;164;4.14;3
2025-09-22 16:08:17;31.56;66863.00;35.00;998.81;185;163;4.08;3
2025-09-22 16:08:18;31.56;66863.00;35.00;998.81;185;163;4.08;3
2025-09-22 16:08:19;31.56;66863.00;35.00;998.81;185;163;4.08;3
2025-09-22 16:08:20;31.56;66704.00;35.00;998.81;186;164;4.09;3
2025-09-22 16:08:21;31.56;67184.00;35.00;998.81;186;164;4.09;3
2025-09-22 16:08:22;31.56;66598.00;35.00;998.83;186;164;4.09;3
2025-09-22 16:08:23;31.56;66810.00;35.00;998.81;185;164;4.09;3
2025-09-22 16:08:24;31.55;66810.00;35.00;998.81;185;164;4.09;3
2025-09-22 16:08:25;31.56;66704.00;35.00;998.81;185;164;4.09;3
2025-09-22 16:08:26;31.56;67023.00;35.00;998.81;185;163;4.05;3
2025-09-22 16:08:27;31.56;66916.00;35.00;998.81;185;163;4.05;3
2025-09-22 16:08:28;31.56;66970.00;35.00;998.81;185;163;4.05;3
2025-09-22 16:08:29;31.56;67184.00;35.00;998.78;185;163;4.05;3
2025-09-22 16:08:30;31.56;66493.00;35.00;998.78;184;162;4.00;3
2025-09-22 16:08:31;31.56;66179.00;35.00;998.78;184;162;4.00;3
2025-09-22 16:08:32;31.56;66757.00;35.00;998.78;184;162;4.00;3
2025-09-22 16:08:33;31.56;67130.00;35.00;998.78;184;163;4.03;3
2025-09-22 16:08:34;31.55;67291.00;35.00;998.78;184;163;4.03;3
2025-09-22 16:08:35;31.56;66651.00;35.00;998.78;184;163;4.03;3
2025-09-22 16:08:36;31.56;67345.00;35.00;998.78;185;163;4.07;3
2025-09-22 16:08:37;31.56;67076.00;35.00;998.81;185;163;4.07;3
2025-09-22 16:08:38;31.56;66810.00;35.00;998.78;185;163;4.07;3
2025-09-22 16:08:39;31.56;66916.00;35.00;998.81;185;163;4.07;3
2025-09-22 16:08:40;31.56;67237.00;35.00;998.78;185;163;4.07;3
2025-09-22 16:08:41;31.56;67076.00;35.00;998.78;185;163;4.07;3
2025-09-22 16:08:42;31.56;66863.00;35.00;998.78;184;163;4.03;3
2025-09-22 16:08:43;31.56;67507.00;35.00;998.78;184;163;4.03;3
2025-09-22 16:08:44;31.56;67184.00;35.00;998.78;184;163;4.03;3
2025-09-22 16:08:45;31.56;66757.00;35.00;998.78;184;162;3.99;3
2025-09-22 16:08:46;31.56;67616.00;35.00;998.78;184;162;3.99;3
2025-09-22 16:08:47;31.56;67345.00;35.00;998.81;184;162;3.99;3
2025-09-22 16:08:48;31.56;67291.00;35.00;998.78;183;161;3.94;3
2025-09-22 16:08:49;31.56;67507.00;35.00;998.78;183;161;3.94;3
2025-09-22 16:08:50;31.56;67184.00;35.00;998.78;183;161;3.94;3
2025-09-22 16:08:51;31.56;67076.00;35.00;998.78;182;161;3.93;3
2025-09-22 16:08:52;31.56;67291.00;35.00;998.78;182;161;3.93;3
2025-09-22 16:08:53;31.56;67562.00;35.00;998.78;182;161;3.93;3
2025-09-22 16:08:54;31.56;67076.00;35.00;998.78;181;160;3.87;3
2025-09-22 16:08:55;31.56;67237.00;35.00;998.78;181;160;3.87;3
2025-09-22 16:08:56;31.56;67507.00;35.00;998.81;181;160;3.87;3
2025-09-22 16:08:57;31.56;67616.00;35.00;998.78;181;159;3.83;3
2025-09-22 16:08:58;31.57;67453.00;35.00;998.78;181;159;3.83;3
2025-09-22 16:08:59;31.57;66598.00;35.00;998.77;181;159;3.83;3
2025-09-22 16:09:00;31.56;67399.00;35.00;998.77;183;161;3.93;3
2025-09-22 16:09:01;31.56;67237.00;35.00;998.78;183;161;3.93;3
2025-09-22 16:09:02;31.57;67453.00;35.00;998.78;183;161;3.93;3
2025-09-22 16:09:03;31.57;67562.00;35.00;998.77;182;160;3.90;3
2025-09-22 16:09:04;31.57;67130.00;35.00;998.78;182;160;3.90;3
2025-09-22 16:09:05;31.57;67291.00;35.00;998.78;182;160;3.90;3
2025-09-22 16:09:06;31.57;67780.00;35.00;998.81;182;160;3.88;3
2025-09-22 16:09:07;31.57;67507.00;35.00;998.78;182;160;3.88;3
2025-09-22 16:09:08;31.57;67889.00;35.00;998.78;182;160;3.88;3
2025-09-22 16:09:09;31.57;67670.00;35.00;998.77;180;159;3.80;3
2025-09-22 16:09:10;31.57;67999.00;35.00;998.77;180;159;3.80;3
2025-09-22 16:09:11;31.57;67453.00;35.00;998.78;180;159;3.80;3
2025-09-22 16:09:12;31.57;67834.00;35.00;998.77;180;159;3.79;3
2025-09-22 16:09:13;31.57;67834.00;35.00;998.77;180;159;3.79;3
2025-09-22 16:09:14;31.57;67184.00;35.00;998.77;180;159;3.79;3
2025-09-22 16:09:15;31.57;67076.00;35.00;998.78;179;158;3.77;3
2025-09-22 16:09:16;31.57;67562.00;35.00;998.74;179;158;3.77;3
2025-09-22 16:09:17;31.57;67345.00;35.00;998.77;179;158;3.77;3
2025-09-22 16:09:18;31.57;68054.00;35.00;998.78;180;159;3.79;3
2025-09-22 16:09:19;31.57;68331.00;35.00;998.78;180;159;3.79;3
2025-09-22 16:09:20;31.57;68109.00;35.00;998.77;180;159;3.79;3
2025-09-22 16:09:21;31.58;67345.00;35.00;998.73;180;159;3.83;3
2025-09-22 16:09:22;31.57;67507.00;35.00;998.74;180;159;3.83;3
2025-09-22 16:09:23;31.57;67780.00;35.00;998.77;180;159;3.83;3
2025-09-22 16:09:24;31.57;67670.00;35.00;998.73;179;158;3.76;3
2025-09-22 16:09:25;31.57;67453.00;35.00;998.74;179;158;3.76;3
2025-09-22 16:09:26;31.57;67507.00;35.00;998.74;179;158;3.76;3
2025-09-22 16:09:27;31.58;68275.00;35.00;998.74;179;158;3.77;3
2025-09-22 16:09:28;31.58;67184.00;35.00;998.77;179;158;3.77;3
2025-09-22 16:09:29;31.57;67725.00;35.00;998.77;179;158;3.77;3
2025-09-22 16:09:30;31.57;67345.00;35.00;998.77;179;158;3.73;3
2025-09-22 16:09:31;31.57;67999.00;35.00;998.77;179;158;3.73;3
2025-09-22 16:09:32;31.57;67780.00;35.00;998.77;179;158;3.73;3
2025-09-22 16:09:33;31.57;67562.00;35.00;998.74;177;156;3.66;3
2025-09-22 16:09:34;31.57;67291.00;35.00;998.77;177;156;3.66;3
2025-09-22 16:09:35;31.57;67562.00;35.00;998.73;177;156;3.66;3
2025-09-22 16:09:36;31.57;67670.00;35.00;998.73;176;155;3.59;3
2025-09-22 16:09:37;31.56;67507.00;35.00;998.73;176;155;3.59;3
2025-09-22 16:09:38;31.58;67944.00;35.00;998.78;176;155;3.59;3
2025-09-22 16:09:39;31.57;67345.00;35.00;998.77;176;155;3.60;3
2025-09-22 16:09:40;31.57;67725.00;35.00;998.78;176;155;3.60;3
2025-09-22 16:09:41;31.57;68275.00;35.00;998.77;176;155;3.60;3
2025-09-22 16:09:42;31.57;67507.00;35.00;998.77;176;156;3.62;3
2025-09-22 16:09:43;31.57;67616.00;35.00;998.74;176;156;3.62;3
2025-09-22 16:09:44;31.57;67889.00;35.00;998.77;176;156;3.62;3
2025-09-22 16:09:45;31.57;67999.00;35.00;998.73;177;156;3.67;3
2025-09-22 16:09:46;31.57;67999.00;35.00;998.77;177;156;3.67;3
2025-09-22 16:09:47;31.57;67889.00;35.00;998.77;177;156;3.67;3
2025-09-22 16:09:48;31.58;67889.00;35.00;998.74;178;157;3.69;3
2025-09-22 16:09:49;31.57;67130.00;35.00;998.77;178;157;3.69;3
2025-09-22 16:09:50;31.57;68054.00;35.00;998.77;178;157;3.69;3
2025-09-22 16:09:51;31.57;67725.00;35.00;998.77;177;156;3.66;3
2025-09-22 16:09:52;31.57;67999.00;35.00;998.77;177;156;3.66;3
2025-09-22 16:09:53;31.57;67834.00;35.00;998.77;177;156;3.66;3
2025-09-22 16:09:54;31.57;67889.00;35.00;998.77;177;156;3.63;3
2025-09-22 16:09:55;31.57;67889.00;35.00;998.77;177;156;3.63;3
2025-09-22 16:09:56;31.58;67616.00;35.00;998.77;177;156;3.63;3
2025-09-22 16:09:57;31.58;67834.00;35.00;998.77;176;155;3.60;3
2025-09-22 16:09:58;31.57;67725.00;35.00;998.77;176;155;3.60;3
2025-09-22 16:09:59;31.57;68054.00;35.00;998.77;176;155;3.60;3
2025-09-22 16:10:00;31.58;68109.00;35.00;998.73;177;156;3.65;3
2025-09-22 16:10:01;31.57;67780.00;35.00;998.74;177;156;3.65;3
2025-09-22 16:10:02;31.58;68220.00;35.00;998.78;177;156;3.65;3
2025-09-22 16:10:03;31.57;67453.00;35.00;998.74;176;155;3.60;3
2025-09-22 16:10:04;31.57;67944.00;35.00;998.73;176;155;3.60;3
2025-09-22 16:10:05;31.57;67834.00;35.00;998.77;176;155;3.60;3
2025-09-22 16:10:06;31.57;67616.00;35.00;998.77;176;155;3.59;3
2025-09-22 16:10:07;31.57;67616.00;35.00;998.77;176;155;3.59;3
2025-09-22 16:10:08;31.57;67616.00;35.00;998.77;176;155;3.59;3
2025-09-22 16:10:09;31.57;67725.00;35.00;998.73;176;155;3.60;3
2025-09-22 16:10:10;31.57;67670.00;35.00;998.77;176;155;3.60;3
2025-09-22 16:10:11;31.57;68109.00;35.00;998.74;176;155;3.60;3
2025-09-22 16:10:12;31.57;67507.00;35.00;998.73;175;154;3.56;3
2025-09-22 16:10:13;31.58;68275.00;35.00;998.77;175;154;3.56;3
2025-09-22 16:10:14;31.58;68054.00;35.00;998.77;175;154;3.56;3
2025-09-22 16:10:15;31.57;67725.00;35.00;998.73;175;154;3.55;3
2025-09-22 16:10:16;31.57;68220.00;35.00;998.77;175;154;3.55;3
2025-09-22 16:10:17;31.57;68220.00;35.00;998.77;175;154;3.55;3
2025-09-22 16:10:18;31.57;67616.00;35.00;998.78;175;155;3.58;3
2025-09-22 16:10:19;31.54;68220.00;35.00;998.77;175;155;3.58;3
2025-09-22 16:10:20;31.49;68054.00;35.00;998.74;175;155;3.58;3
2025-09-22 16:10:21;31.45;68109.00;35.00;998.73;175;154;3.55;3
2025-09-22 16:10:22;31.44;68834.00;35.00;998.74;175;154;3.55;3
2025-09-22 16:10:23;31.44;68442.00;35.00;998.74;175;154;3.55;3
2025-09-22 16:10:24;31.44;68947.00;35.00;998.74;172;152;3.44;3
2025-09-22 16:10:25;31.43;69004.00;35.00;998.77;172;152;3.44;3
2025-09-22 16:10:26;31.43;68891.00;35.00;998.77;172;152;3.44;3
2025-09-22 16:10:27;31.43;69518.00;35.00;998.77;171;151;3.38;3
2025-09-22 16:10:28;31.43;69575.00;35.00;998.77;171;151;3.38;3
2025-09-22 16:10:29;31.43;69174.00;35.00;998.77;171;151;3.38;3
2025-09-22 16:10:30;31.43;68610.00;35.00;998.77;169;149;3.29;3
2025-09-22 16:10:31;31.38;68442.00;35.00;998.74;169;149;3.29;3
2025-09-22 16:10:32;31.36;68722.00;35.00;998.77;169;149;3.29;3
2025-09-22 16:10:33;31.30;68666.00;35.00;998.74;169;150;3.30;3
2025-09-22 16:10:34;31.31;68554.00;35.00;998.78;169;150;3.30;3
2025-09-22 16:10:35;31.32;68778.00;35.00;998.77;169;150;3.30;3
2025-09-22 16:10:36;31.32;69004.00;35.00;998.77;169;149;3.28;3
2025-09-22 16:10:37;31.33;68666.00;35.00;998.78;169;149;3.28;3
2025-09-22 16:10:38;31.34;68666.00;35.00;998.78;169;149;3.28;3
2025-09-22 16:10:39;31.34;67834.00;35.00;998.77;169;149;3.28;3
2025-09-22 16:10:40;31.34;68109.00;35.00;998.77;169;149;3.28;3
2025-09-22 16:10:41;31.34;67725.00;35.00;998.77;169;149;3.28;3
2025-09-22 16:10:42;31.34;66810.00;35.00;998.74;174;154;3.52;3
2025-09-22 16:10:43;31.33;66545.00;35.00;998.77;174;154;3.52;3
2025-09-22 16:10:44;31.33;66757.00;35.00;998.77;174;154;3.52;3
2025-09-22 16:10:45;31.33;66757.00;35.00;998.74;178;157;3.71;3
2025-09-22 16:10:46;31.34;66283.00;35.00;998.77;178;157;3.71;3
2025-09-22 16:10:47;31.34;65867.00;35.00;998.74;178;157;3.71;3
2025-09-22 16:10:48;31.35;66283.00;35.00;998.74;182;161;3.91;3
2025-09-22 16:10:49;31.34;65508.00;35.00;998.74;182;161;3.91;3
2025-09-22 16:10:50;31.34;65508.00;35.00;998.73;182;161;3.91;3
2025-09-22 16:10:51;31.34;66074.00;35.00;998.74;186;164;4.10;3
2025-09-22 16:10:52;31.34;65816.00;35.00;998.74;186;164;4.10;3
2025-09-22 16:10:53;31.34;65559.00;35.00;998.74;186;164;4.10;3
2025-09-22 16:10:54;31.35;65102.00;35.00;998.77;191;168;4.38;3
2025-09-22 16:10:55;31.35;65508.00;35.00;998.77;191;168;4.38;3
2025-09-22 16:10:56;31.35;64801.00;35.00;998.77;191;168;4.38;3
2025-09-22 16:10:57;31.35;65203.00;35.00;998.74;194;171;4.57;3
2025-09-22 16:10:58;31.36;65457.00;35.00;998.74;194;171;4.57;3
2025-09-22 16:10:59;31.36;64901.00;35.00;998.74;194;171;4.57;3
2025-09-22 16:11:00;31.37;64354.00;35.00;998.77;194;171;4.57;3
2025-09-22 16:11:01;31.37;64901.00;35.00;998.77;199;175;4.86;3
2025-09-22 16:11:02;31.37;64851.00;35.00;998.77;199;175;4.86;3
2025-09-22 16:11:03;31.38;64158.00;35.00;998.77;199;175;4.86;3
2025-09-22 16:11:04;31.38;64011.00;35.00;998.77;203;178;5.10;3
2025-09-22 16:11:05;31.38;63431.00;35.00;998.77;203;178;5.10;3
2025-09-22 16:11:06;31.39;63527.00;35.00;998.78;203;178;5.10;3
2025-09-22 16:11:07;31.39;63624.00;35.00;998.78;207;182;5.40;3
2025-09-22 16:11:08;31.39;63768.00;35.00;998.77;207;182;5.40;3
2025-09-22 16:11:09;31.40;63672.00;35.00;998.77;207;182;5.40;3
2025-09-22 16:11:10;31.40;63575.00;35.00;998.77;210;184;5.59;3
2025-09-22 16:11:11;31.41;63241.00;35.00;998.74;210;184;5.59;3
2025-09-22 16:11:12;31.41;63098.00;35.00;998.74;210;184;5.59;3
2025-09-22 16:11:13;31.41;63479.00;35.00;998.74;213;187;5.85;3
2025-09-22 16:11:14;31.41;63146.00;35.00;998.77;213;187;5.85;3
2025-09-22 16:11:15;31.42;62628.00;35.00;998.77;213;187;5.85;3
2025-09-22 16:11:16;31.42;62862.00;35.00;998.77;217;191;6.14;3
2025-09-22 16:11:17;31.42;62862.00;35.00;998.77;217;191;6.14;3
2025-09-22 16:11:18;31.42;62349.00;35.00;998.77;217;191;6.14;3
2025-09-22 16:11:19;31.42;62862.00;35.00;998.77;220;193;6.42;3
2025-09-22 16:11:20;31.43;62815.00;35.00;998.77;220;193;6.42;3
2025-09-22 16:11:21;31.43;62257.00;35.00;998.77;220;193;6.42;3
2025-09-22 16:11:22;31.43;62303.00;35.00;998.77;223;196;6.65;3
2025-09-22 16:11:23;31.43;62165.00;35.00;998.74;223;196;6.65;3
2025-09-22 16:11:24;31.43;62442.00;35.00;998.77;223;196;6.65;3
2025-09-22 16:11:25;31.44;62119.00;35.00;998.74;224;197;6.76;3
2025-09-22 16:11:26;31.43;62027.00;35.00;998.74;224;197;6.76;3
2025-09-22 16:11:27;31.44;61799.00;35.00;998.74;224;197;6.76;3
2025-09-22 16:11:28;31.44;61393.00;35.00;998.77;227;199;7.00;3
2025-09-22 16:11:29;31.45;61845.00;35.00;998.77;227;199;7.00;3
2025-09-22 16:11:30;31.45;61708.00;35.00;998.77;227;199;7.00;3
2025-09-22 16:11:31;31.45;61528.00;35.00;998.73;229;201;7.20;3
2025-09-22 16:11:32;31.45;61618.00;35.00;998.74;229;201;7.20;3
2025-09-22 16:11:33;31.45;61483.00;35.00;998.74;229;201;7.20;3
2025-09-22 16:11:34;31.45;61663.00;35.00;998.74;231;203;7.41;3
2025-09-22 16:11:35;31.46;61438.00;35.00;998.74;231;203;7.41;3
2025-09-22 16:11:36;31.46;61303.00;35.00;998.73;231;203;7.41;3
2025-09-22 16:11:37;31.46;61618.00;35.00;998.74;234;205;7.63;3
2025-09-22 16:11:38;31.46;61528.00;35.00;998.73;234;205;7.63;3
2025-09-22 16:11:39;31.46;61438.00;35.00;998.73;234;205;7.63;3
2025-09-22 16:11:40;31.47;61303.00;35.00;998.73;234;205;7.69;3
2025-09-22 16:11:41;31.47;61573.00;35.00;998.77;234;205;7.69;3
2025-09-22 16:11:42;31.47;61438.00;35.00;998.77;234;205;7.69;3
2025-09-22 16:11:43;31.47;61303.00;35.00;998.74;235;206;7.76;3
2025-09-22 16:11:44;31.47;61259.00;35.00;998.74;235;206;7.76;3
2025-09-22 16:11:45;31.48;61169.00;35.00;998.77;235;206;7.76;3
2025-09-22 16:11:46;31.47;61393.00;35.00;998.74;236;207;7.89;3
2025-09-22 16:11:47;31.48;61169.00;35.00;998.74;236;207;7.89;3
2025-09-22 16:11:48;31.48;61259.00;35.00;998.74;236;207;7.89;3
2025-09-22 16:11:49;31.48;60859.00;35.00;998.74;238;209;8.07;3
2025-09-22 16:11:50;31.48;60640.00;35.00;998.78;238;209;8.07;3
2025-09-22 16:11:51;31.48;60552.00;35.00;998.74;238;209;8.07;3
2025-09-22 16:11:52;31.48;59862.00;35.00;998.74;239;210;8.21;3
2025-09-22 16:11:53;31.49;60249.00;35.00;998.74;239;210;8.21;3
2025-09-22 16:11:54;31.48;60684.00;35.00;998.77;239;210;8.21;3
2025-09-22 16:11:55;31.49;60422.00;35.00;998.77;241;211;8.36;3
2025-09-22 16:11:56;31.49;60465.00;35.00;998.77;241;211;8.36;3
2025-09-22 16:11:57;31.49;60552.00;35.00;998.77;241;211;8.36;3
2025-09-22 16:11:58;31.49;60509.00;35.00;998.77;242;212;8.50;3
2025-09-22 16:11:59;31.49;60684.00;35.00;998.77;242;212;8.50;3
2025-09-22 16:12:00;31.50;60335.00;35.00;998.74;242;212;8.50;3
2025-09-22 16:12:01;31.50;59777.00;35.00;998.74;245;214;8.80;3
2025-09-22 16:12:02;31.50;60249.00;35.00;998.74;245;214;8.80;3
2025-09-22 16:12:03;31.50;60292.00;35.00;998.74;245;214;8.80;3
2025-09-22 16:12:04;31.49;60378.00;35.00;998.74;245;215;8.89;3
2025-09-22 16:12:05;31.50;60378.00;35.00;998.73;245;215;8.89;3
2025-09-22 16:12:06;31.51;60465.00;35.00;998.73;245;215;8.89;3
2025-09-22 16:12:07;31.51;60119.00;35.00;998.73;245;215;8.86;3
2025-09-22 16:12:08;31.51;60162.00;35.00;998.70;245;215;8.86;3
2025-09-22 16:12:09;31.51;60249.00;35.00;998.70;245;215;8.86;3
2025-09-22 16:12:10;31.50;60422.00;35.00;998.73;246;215;8.94;3
2025-09-22 16:12:11;31.51;59905.00;35.00;998.70;246;215;8.94;3
2025-09-22 16:12:12;31.51;60422.00;35.00;998.73;246;215;8.94;3
2025-09-22 16:12:13;31.51;60119.00;35.00;998.70;247;216;9.09;3
2025-09-22 16:12:14;31.51;60378.00;35.00;998.74;247;216;9.09;3
2025-09-22 16:12:15;31.52;60378.00;35.00;998.73;247;216;9.09;3
2025-09-22 16:12:16;31.51;60033.00;35.00;998.74;247;216;9.05;3
2025-09-22 16:12:17;31.51;60292.00;35.00;998.74;247;216;9.05;3
2025-09-22 16:12:18;31.51;60162.00;35.00;998.74;247;216;9.05;3
2025-09-22 16:12:19;31.52;60422.00;35.00;998.74;247;217;9.12;3
2025-09-22 16:12:20;31.52;60465.00;35.00;998.74;247;217;9.12;3
2025-09-22 16:12:21;31.52;60076.00;35.00;998.77;247;217;9.12;3
2025-09-22 16:12:22;31.52;60076.00;35.00;998.74;248;217;9.24;3
2025-09-22 16:12:23;31.52;60596.00;35.00;998.74;248;217;9.24;3
2025-09-22 16:12:24;31.52;60119.00;35.00;998.74;248;217;9.24;3
2025-09-22 16:12:25;31.52;60509.00;35.00;998.74;248;217;9.15;3
2025-09-22 16:12:26;31.53;59905.00;35.00;998.81;248;217;9.15;3
2025-09-22 16:12:27;31.53;59990.00;35.00;998.81;248;217;9.15;3
2025-09-22 16:12:28;31.52;60552.00;35.00;998.77;247;217;9.11;3
2025-09-22 16:12:29;31.52;60205.00;35.00;998.77;247;217;9.11;3
2025-09-22 16:12:30;31.52;60465.00;35.00;998.74;247;217;9.11;3
2025-09-22 16:12:31;31.52;60162.00;35.00;998.81;247;216;9.04;3
2025-09-22 16:12:32;31.53;60119.00;35.00;998.81;247;216;9.04;3
2025-09-22 16:12:33;31.52;59990.00;35.00;998.77;247;216;9.04;3
2025-09-22 16:12:34;31.52;59905.00;35.00;998.77;247;216;9.10;3
2025-09-22 16:12:35;31.53;60076.00;35.00;998.74;247;216;9.10;3
2025-09-22 16:12:36;31.53;60162.00;35.00;998.74;247;216;9.10;3
2025-09-22 16:12:37;31.53;60422.00;35.00;998.81;247;216;9.01;3
2025-09-22 16:12:38;31.54;60378.00;35.00;998.83;247;216;9.01;3
2025-09-22 16:12:39;31.53;60033.00;35.00;998.81;247;216;9.01;3
2025-09-22 16:12:40;31.52;60033.00;35.00;998.74;247;216;9.03;3
2025-09-22 16:12:41;31.53;60422.00;35.00;998.81;247;216;9.03;3
2025-09-22 16:12:42;31.53;60378.00;35.00;998.81;247;216;9.03;3
2025-09-22 16:12:43;31.54;60249.00;35.00;998.81;246;215;8.88;3
2025-09-22 16:12:44;31.54;60205.00;35.00;998.81;246;215;8.88;3
2025-09-22 16:12:45;31.54;60076.00;35.00;998.81;246;215;8.88;3
2025-09-22 16:12:46;31.54;60033.00;35.00;998.78;247;216;9.01;3
2025-09-22 16:12:47;31.54;59990.00;35.00;998.78;247;216;9.01;3
2025-09-22 16:12:48;31.54;60249.00;35.00;998.81;247;216;9.01;3
2025-09-22 16:12:49;31.54;60292.00;35.00;998.81;247;216;9.01;3
2025-09-22 16:12:50;31.54;60249.00;35.00;998.78;247;216;9.01;3
2025-09-22 16:12:51;31.54;60335.00;35.00;998.78;247;216;9.01;3
2025-09-22 16:12:52;31.54;60292.00;35.00;998.78;247;216;9.00;3
2025-09-22 16:12:53;31.54;59820.00;35.00;998.78;247;216;9.00;3
2025-09-22 16:12:54;31.54;59777.00;35.00;998.78;247;216;9.00;3
2025-09-22 16:12:55;31.54;60119.00;35.00;998.78;247;216;9.02;3
2025-09-22 16:12:56;31.54;59990.00;35.00;998.78;247;216;9.02;3
2025-09-22 16:12:57;31.54;60249.00;35.00;998.78;247;216;9.02;3
2025-09-22 16:12:58;31.54;60292.00;35.00;998.77;247;216;9.01;3
2025-09-22 16:12:59;31.54;60205.00;35.00;998.78;247;216;9.01;3
2025-09-22 16:13:00;31.54;59862.00;35.00;998.78;247;216;9.01;3
2025-09-22 16:13:01;31.54;60422.00;35.00;998.78;246;215;8.95;3
2025-09-22 16:13:02;31.54;59948.00;35.00;998.81;246;215;8.95;3
2025-09-22 16:13:03;31.55;59905.00;35.00;998.78;246;215;8.95;3
2025-09-22 16:13:04;31.54;60727.00;35.00;998.78;245;214;8.80;3
2025-09-22 16:13:05;31.54;60249.00;35.00;998.81;245;214;8.80;3
2025-09-22 16:13:06;31.55;59948.00;35.00;998.78;245;214;8.80;3
2025-09-22 16:13:07;31.55;60465.00;35.00;998.81;244;214;8.76;3
2025-09-22 16:13:08;31.55;60119.00;35.00;998.81;244;214;8.76;3
2025-09-22 16:13:09;31.54;60292.00;35.00;998.81;244;214;8.76;3
2025-09-22 16:13:10;31.55;60378.00;35.00;998.81;245;214;8.82;3
2025-09-22 16:13:11;31.54;60684.00;35.00;998.81;245;214;8.82;3
2025-09-22 16:13:12;31.54;59905.00;35.00;998.81;245;214;8.82;3
2025-09-22 16:13:13;31.55;60422.00;35.00;998.81;245;214;8.81;3
2025-09-22 16:13:14;31.54;60205.00;35.00;998.81;245;214;8.81;3
2025-09-22 16:13:15;31.55;60596.00;35.00;998.81;245;214;8.81;3
2025-09-22 16:13:16;31.54;60378.00;35.00;998.81;245;214;8.82;3
2025-09-22 16:13:17;31.54;60076.00;35.00;998.81;245;214;8.82;3
2025-09-22 16:13:18;31.55;60205.00;35.00;998.81;245;214;8.82;3
2025-09-22 16:13:19;31.55;60509.00;35.00;998.83;246;216;8.98;3
2025-09-22 16:13:20;31.55;60509.00;35.00;998.83;246;216;8.98;3
2025-09-22 16:13:21;31.55;60033.00;35.00;998.83;246;216;8.98;3
2025-09-22 16:13:22;31.55;60552.00;35.00;998.83;246;215;8.92;3
2025-09-22 16:13:23;31.55;59990.00;35.00;998.81;246;215;8.92;3
2025-09-22 16:13:24;31.55;60552.00;35.00;998.83;246;215;8.92;3
2025-09-22 16:13:25;31.55;60684.00;35.00;998.83;245;214;8.78;3
2025-09-22 16:13:26;31.55;59862.00;35.00;998.83;245;214;8.78;3
2025-09-22 16:13:27;31.55;60552.00;35.00;998.81;245;214;8.78;3
2025-09-22 16:13:28;31.55;60859.00;35.00;998.83;243;213;8.63;3
2025-09-22 16:13:29;31.55;60859.00;35.00;998.81;243;213;8.63;3
2025-09-22 16:13:30;31.54;60465.00;35.00;998.81;243;213;8.63;3
2025-09-22 16:13:31;31.55;60815.00;35.00;998.81;243;212;8.54;3
2025-09-22 16:13:32;31.55;60640.00;35.00;998.81;243;212;8.54;3
2025-09-22 16:13:33;31.55;60596.00;35.00;998.81;243;212;8.54;3
2025-09-22 16:13:34;31.55;60815.00;35.00;998.81;243;212;8.54;3
2025-09-22 16:13:35;31.54;60596.00;35.00;998.81;242;212;8.48;3
2025-09-22 16:13:36;31.54;60640.00;35.00;998.81;242;212;8.48;3
2025-09-22 16:13:37;31.55;60596.00;35.00;998.81;242;212;8.48;3
2025-09-22 16:13:38;31.55;60596.00;35.00;998.81;242;212;8.51;3
2025-09-22 16:13:39;31.55;60596.00;35.00;998.81;242;212;8.51;3
2025-09-22 16:13:40;31.55;60859.00;35.00;998.78;242;212;8.51;3
2025-09-22 16:13:41;31.54;60859.00;35.00;998.77;242;211;8.44;3
2025-09-22 16:13:42;31.55;60640.00;35.00;998.78;242;211;8.44;3
2025-09-22 16:13:43;31.54;60684.00;35.00;998.77;242;211;8.44;3
2025-09-22 16:13:44;31.55;60292.00;35.00;998.78;242;212;8.45;3
2025-09-22 16:13:45;31.55;60422.00;35.00;998.77;242;212;8.45;3
2025-09-22 16:13:46;31.54;60903.00;35.00;998.77;242;212;8.45;3
2025-09-22 16:13:47;31.55;60727.00;35.00;998.77;241;211;8.38;3
2025-09-22 16:13:48;31.55;61125.00;35.00;998.77;241;211;8.38;3
2025-09-22 16:13:49;31.55;60948.00;35.00;998.77;241;211;8.38;3
2025-09-22 16:13:50;31.55;60903.00;35.00;998.74;241;211;8.32;3
2025-09-22 16:13:51;31.55;60992.00;35.00;998.74;241;211;8.32;3
2025-09-22 16:13:52;31.55;60596.00;35.00;998.77;241;211;8.32;3
2025-09-22 16:13:53;31.55;61125.00;35.00;998.77;241;211;8.39;3
2025-09-22 16:13:54;31.55;60422.00;35.00;998.74;241;211;8.39;3
2025-09-22 16:13:55;31.54;60465.00;35.00;998.74;241;211;8.39;3
2025-09-22 16:13:56;31.55;60992.00;35.00;998.78;242;212;8.49;3
2025-09-22 16:13:57;31.55;61169.00;35.00;998.74;242;212;8.49;3
2025-09-22 16:13:58;31.55;60992.00;35.00;998.77;242;212;8.49;3
2025-09-22 16:13:59;31.55;60859.00;35.00;998.77;241;211;8.38;3
2025-09-22 16:14:00;31.55;60948.00;35.00;998.74;241;211;8.38;3
2025-09-22 16:14:01;31.55;61125.00;35.00;998.77;241;211;8.38;3
2025-09-22 16:14:02;31.55;60859.00;35.00;998.78;240;210;8.26;3
2025-09-22 16:14:03;31.55;60815.00;35.00;998.77;240;210;8.26;3
2025-09-22 16:14:04;31.55;60552.00;35.00;998.77;240;210;8.26;3
2025-09-22 16:14:05;31.55;61080.00;35.00;998.81;241;211;8.32;3
2025-09-22 16:14:06;31.55;60948.00;35.00;998.81;241;211;8.32;3
2025-09-22 16:14:07;31.55;61259.00;35.00;998.78;241;211;8.32;3
2025-09-22 16:14:08;31.55;60596.00;35.00;998.78;241;211;8.33;3
2025-09-22 16:14:09;31.55;60596.00;35.00;998.78;241;211;8.33;3
2025-09-22 16:14:10;31.55;61125.00;35.00;998.83;241;211;8.33;3
2025-09-22 16:14:11;31.55;61080.00;35.00;998.83;240;210;8.25;3
2025-09-22 16:14:12;31.55;61348.00;35.00;998.78;240;210;8.25;3
2025-09-22 16:14:13;31.55;61036.00;35.00;998.78;240;210;8.25;3
2025-09-22 16:14:14;31.54;61036.00;35.00;998.78;240;210;8.20;3
2025-09-22 16:14:15;31.55;60992.00;35.00;998.81;240;210;8.20;3
2025-09-22 16:14:16;31.55;61036.00;35.00;998.78;240;210;8.20;3
2025-09-22 16:14:17;31.55;61214.00;35.00;998.78;239;209;8.12;3
2025-09-22 16:14:18;31.55;61393.00;35.00;998.81;239;209;8.12;3
2025-09-22 16:14:19;31.55;60903.00;35.00;998.78;239;209;8.12;3
2025-09-22 16:14:20;31.54;61618.00;35.00;998.81;239;209;8.14;3
2025-09-22 16:14:21;31.54;60596.00;35.00;998.81;239;209;8.14;3
2025-09-22 16:14:22;31.55;61036.00;35.00;998.81;239;209;8.14;3
2025-09-22 16:14:23;31.54;61259.00;35.00;998.83;237;207;7.94;3
2025-09-22 16:14:24;31.55;60859.00;35.00;998.81;237;207;7.94;3
2025-09-22 16:14:25;31.55;61528.00;35.00;998.81;237;207;7.94;3
2025-09-22 16:14:26;31.54;61393.00;35.00;998.81;236;207;7.83;3
2025-09-22 16:14:27;31.55;61393.00;35.00;998.83;236;207;7.83;3
2025-09-22 16:14:28;31.55;61483.00;35.00;998.81;236;207;7.83;3
2025-09-22 16:14:29;31.55;61036.00;35.00;998.81;238;208;8.02;3
2025-09-22 16:14:30;31.55;60771.00;35.00;998.83;238;208;8.02;3
2025-09-22 16:14:31;31.55;61438.00;35.00;998.83;238;208;8.02;3
2025-09-22 16:14:32;31.54;61303.00;35.00;998.83;237;207;7.91;3
2025-09-22 16:14:33;31.54;60948.00;35.00;998.83;237;207;7.91;3
2025-09-22 16:14:34;31.55;61259.00;35.00;998.83;237;207;7.91;3
2025-09-22 16:14:35;31.55;61348.00;35.00;998.83;235;205;7.70;3
2025-09-22 16:14:36;31.54;61393.00;35.00;998.83;235;205;7.70;3
2025-09-22 16:14:37;31.54;61214.00;35.00;998.83;235;205;7.70;3
2025-09-22 16:14:38;31.54;61618.00;35.00;998.83;235;206;7.76;3
2025-09-22 16:14:39;31.54;61169.00;35.00;998.81;235;206;7.76;3
2025-09-22 16:14:40;31.54;61483.00;35.00;998.83;235;206;7.76;3
2025-09-22 16:14:41;31.54;61303.00;35.00;998.83;234;205;7.60;3
2025-09-22 16:14:42;31.55;62303.00;35.00;998.83;234;205;7.60;3
2025-09-22 16:14:43;31.54;61890.00;35.00;998.83;234;205;7.60;3
2025-09-22 16:14:44;31.54;61708.00;35.00;998.83;233;203;7.47;3
2025-09-22 16:14:45;31.54;61438.00;35.00;998.81;233;203;7.47;3
2025-09-22 16:14:46;31.54;61259.00;35.00;998.81;233;203;7.47;3
2025-09-22 16:14:47;31.54;61663.00;35.00;998.83;234;205;7.61;3
2025-09-22 16:14:48;31.55;61890.00;35.00;998.81;234;205;7.61;3
2025-09-22 16:14:49;31.54;61393.00;35.00;998.81;234;205;7.61;3
2025-09-22 16:14:50;31.54;61890.00;35.00;998.81;233;204;7.54;3
2025-09-22 16:14:51;31.54;61708.00;35.00;998.81;233;204;7.54;3
2025-09-22 16:14:52;31.55;61890.00;35.00;998.81;233;204;7.54;3
2025-09-22 16:14:53;31.54;62073.00;35.00;998.78;233;204;7.48;3
2025-09-22 16:14:54;31.54;62073.00;35.00;998.81;233;204;7.48;3
2025-09-22 16:14:55;31.54;62257.00;35.00;998.78;233;204;7.48;3
2025-09-22 16:14:56;31.53;61890.00;35.00;998.78;233;204;7.49;3
2025-09-22 16:14:57;31.54;61618.00;35.00;998.78;233;204;7.49;3
2025-09-22 16:14:58;31.54;61663.00;35.00;998.81;233;204;7.49;3
2025-09-22 16:14:59;31.54;61708.00;35.00;998.78;231;202;7.35;3
2025-09-22 16:15:00;31.54;61936.00;35.00;998.81;231;202;7.35;3
2025-09-22 16:15:01;31.54;61080.00;35.00;998.78;231;202;7.35;3
2025-09-22 16:15:02;31.54;61890.00;35.00;998.81;231;202;7.37;3
2025-09-22 16:15:03;31.54;61845.00;35.00;998.78;231;202;7.37;3
2025-09-22 16:15:04;31.54;62165.00;35.00;998.81;231;202;7.37;3
2025-09-22 16:15:05;31.54;61845.00;35.00;998.78;231;202;7.30;3
2025-09-22 16:15:06;31.54;61890.00;35.00;998.81;231;202;7.30;3
2025-09-22 16:15:07;31.54;61936.00;35.00;998.81;231;202;7.30;3
2025-09-22 16:15:08;31.53;61438.00;35.00;998.78;230;201;7.22;3
2025-09-22 16:15:09;31.53;61981.00;35.00;998.77;230;201;7.22;3
2025-09-22 16:15:10;31.53;61845.00;35.00;998.78;230;201;7.22;3
2025-09-22 16:15:11;31.54;61890.00;35.00;998.77;230;201;7.23;3
2025-09-22 16:15:12;31.54;61845.00;35.00;998.77;230;201;7.23;3
2025-09-22 16:15:13;31.54;61936.00;35.00;998.78;230;201;7.23;3
2025-09-22 16:15:14;31.54;61981.00;35.00;998.78;229;201;7.16;3
2025-09-22 16:15:15;31.53;61936.00;35.00;998.77;229;201;7.16;3
2025-09-22 16:15:16;31.54;61981.00;35.00;998.78;229;201;7.16;3
2025-09-22 16:15:17;31.54;62027.00;35.00;998.77;229;200;7.10;3
2025-09-22 16:15:18;31.54;62073.00;35.00;998.78;229;200;7.10;3
2025-09-22 16:15:19;31.54;62073.00;35.00;998.78;229;200;7.10;3
2025-09-22 16:15:20;31.54;62165.00;35.00;998.73;228;200;7.07;3
2025-09-22 16:15:21;31.53;62488.00;35.00;998.78;228;200;7.07;3
2025-09-22 16:15:22;31.53;61936.00;35.00;998.73;228;200;7.07;3
2025-09-22 16:15:23;31.53;62257.00;35.00;998.78;228;199;7.00;3
2025-09-22 16:15:24;31.54;62073.00;35.00;998.78;228;199;7.00;3
2025-09-22 16:15:25;31.53;62257.00;35.00;998.78;228;199;7.00;3
2025-09-22 16:15:26;31.53;62257.00;35.00;998.81;228;199;7.02;3
2025-09-22 16:15:27;31.53;62535.00;35.00;998.81;228;199;7.02;3
2025-09-22 16:15:28;31.53;62349.00;35.00;998.77;228;199;7.02;3
2025-09-22 16:15:29;31.53;62165.00;35.00;998.83;228;199;7.02;3
2025-09-22 16:15:30;31.53;62395.00;35.00;998.81;228;199;7.02;3
2025-09-22 16:15:31;31.53;62349.00;35.00;998.74;228;199;7.02;3
2025-09-22 16:15:32;31.53;62442.00;35.00;998.74;227;199;6.94;3
2025-09-22 16:15:33;31.53;62303.00;35.00;998.83;227;199;6.94;3
2025-09-22 16:15:34;31.53;62395.00;35.00;998.81;227;199;6.94;3
2025-09-22 16:15:35;31.53;62862.00;35.00;998.83;227;198;6.91;3
2025-09-22 16:15:36;31.54;62581.00;35.00;998.83;227;198;6.91;3
2025-09-22 16:15:37;31.53;61981.00;35.00;998.81;227;198;6.91;3
2025-09-22 16:15:38;31.53;62027.00;35.00;998.83;226;198;6.88;3
2025-09-22 16:15:39;31.53;62815.00;35.00;998.77;226;198;6.88;3
2025-09-22 16:15:40;31.53;62675.00;35.00;998.81;226;198;6.88;3
2025-09-22 16:15:41;31.53;62257.00;35.00;998.81;226;198;6.89;3
2025-09-22 16:15:42;31.53;62675.00;35.00;998.83;226;198;6.89;3
2025-09-22 16:15:43;31.53;62349.00;35.00;998.83;226;198;6.89;3
2025-09-22 16:15:44;31.53;62303.00;35.00;998.74;226;198;6.89;3
2025-09-22 16:15:45;31.53;62721.00;35.00;998.83;226;198;6.89;3
2025-09-22 16:15:46;31.53;62488.00;35.00;998.83;226;198;6.89;3
2025-09-22 16:15:47;31.52;62303.00;35.00;998.74;226;198;6.88;3
2025-09-22 16:15:48;31.53;62675.00;35.00;998.81;226;198;6.88;3
2025-09-22 16:15:49;31.53;62628.00;35.00;998.74;226;198;6.88;3
2025-09-22 16:15:50;31.53;62721.00;35.00;998.81;225;197;6.76;3
2025-09-22 16:15:51;31.53;62395.00;35.00;998.74;225;197;6.76;3
2025-09-22 16:15:52;31.53;62488.00;35.00;998.74;225;197;6.76;3
2025-09-22 16:15:53;31.52;62488.00;35.00;998.74;225;197;6.75;3
2025-09-22 16:15:54;31.52;62909.00;35.00;998.74;225;197;6.75;3
2025-09-22 16:15:55;31.53;63004.00;35.00;998.78;225;197;6.75;3
2025-09-22 16:15:56;31.53;62535.00;35.00;998.74;225;197;6.73;3
2025-09-22 16:15:57;31.53;62768.00;35.00;998.74;225;197;6.73;3
2025-09-22 16:15:58;31.53;62628.00;35.00;998.74;225;197;6.73;3
2025-09-22 16:15:59;31.53;62628.00;35.00;998.77;224;196;6.70;3
2025-09-22 16:16:00;31.52;62956.00;35.00;998.74;224;196;6.70;3
2025-09-22 16:16:01;31.52;62535.00;35.00;998.74;224;196;6.70;3
2025-09-22 16:16:02;31.53;62909.00;35.00;998.74;223;195;6.60;3
2025-09-22 16:16:03;31.52;62628.00;35.00;998.74;223;195;6.60;3
2025-09-22 16:16:04;31.52;63051.00;35.00;998.74;223;195;6.60;3
2025-09-22 16:16:05;31.52;62628.00;35.00;998.74;223;195;6.61;3
2025-09-22 16:16:06;31.52;62956.00;35.00;998.74;223;195;6.61;3
2025-09-22 16:16:07;31.52;63004.00;35.00;998.74;223;195;6.61;3
2025-09-22 16:16:08;31.52;63431.00;35.00;998.74;223;195;6.61;3
2025-09-22 16:16:09;31.52;63004.00;35.00;998.74;221;193;6.41;3
2025-09-22 16:16:10;31.52;62909.00;35.00;998.74;221;193;6.41;3
2025-09-22 16:16:11;31.52;63288.00;35.00;998.77;221;193;6.41;3
2025-09-22 16:16:12;31.52;63241.00;35.00;998.77;220;192;6.32;3
2025-09-22 16:16:13;31.52;62956.00;35.00;998.77;220;192;6.32;3
2025-09-22 16:16:14;31.53;63004.00;35.00;998.77;220;192;6.32;3
2025-09-22 16:16:15;31.52;62721.00;35.00;998.77;220;192;6.32;3
2025-09-22 16:16:16;31.52;63288.00;35.00;998.77;220;192;6.32;3
2025-09-22 16:16:17;31.52;62815.00;35.00;998.74;220;192;6.32;3
2025-09-22 16:16:18;31.52;63193.00;35.00;998.74;220;193;6.37;3
2025-09-22 16:16:19;31.52;63098.00;35.00;998.77;220;193;6.37;3
2025-09-22 16:16:20;31.52;62862.00;35.00;998.74;220;193;6.37;3
2025-09-22 16:16:21;31.52;63098.00;35.00;998.78;221;193;6.39;3
2025-09-22 16:16:22;31.52;63098.00;35.00;998.78;221;193;6.39;3
2025-09-22 16:16:23;31.51;63527.00;35.00;998.77;221;193;6.39;3
2025-09-22 16:16:24;31.51;62815.00;35.00;998.77;219;192;6.25;3
2025-09-22 16:16:25;31.52;63193.00;35.00;998.77;219;192;6.25;3
2025-09-22 16:16:26;31.51;62675.00;35.00;998.70;219;192;6.25;3
2025-09-22 16:16:27;31.52;63479.00;35.00;998.74;220;193;6.35;3
2025-09-22 16:16:28;31.51;62956.00;35.00;998.77;220;193;6.35;3
2025-09-22 16:16:29;31.51;63146.00;35.00;998.77;220;193;6.35;3
2025-09-22 16:16:30;31.51;63672.00;35.00;998.74;220;192;6.31;3
2025-09-22 16:16:31;31.51;63146.00;35.00;998.77;220;192;6.31;3
2025-09-22 16:16:32;31.51;63624.00;35.00;998.77;220;192;6.31;3
2025-09-22 16:16:33;31.51;63336.00;35.00;998.77;218;191;6.17;3
2025-09-22 16:16:34;31.51;62721.00;35.00;998.74;218;191;6.17;3
2025-09-22 16:16:35;31.51;63575.00;35.00;998.74;218;191;6.17;3
2025-09-22 16:16:36;31.51;62721.00;35.00;998.73;217;190;6.09;3
2025-09-22 16:16:37;31.50;63575.00;35.00;998.74;217;190;6.09;3
2025-09-22 16:16:38;31.51;63004.00;35.00;998.73;217;190;6.09;3
2025-09-22 16:16:39;31.51;63575.00;35.00;998.73;217;190;6.07;3
2025-09-22 16:16:40;31.51;63575.00;35.00;998.73;217;190;6.07;3
2025-09-22 16:16:41;31.50;63241.00;35.00;998.74;217;190;6.07;3
2025-09-22 16:16:42;31.51;63914.00;35.00;998.73;217;190;6.09;3
2025-09-22 16:16:43;31.51;62768.00;35.00;998.70;217;190;6.09;3
2025-09-22 16:16:44;31.50;63384.00;35.00;998.74;217;190;6.09;3
2025-09-22 16:16:45;31.51;63384.00;35.00;998.73;216;189;5.97;3
2025-09-22 16:16:46;31.50;63575.00;35.00;998.73;216;189;5.97;3
2025-09-22 16:16:47;31.51;63288.00;35.00;998.70;216;189;5.97;3
2025-09-22 16:16:48;31.49;63624.00;35.00;998.70;216;189;6.02;3
2025-09-22 16:16:49;31.50;63865.00;35.00;998.73;216;189;6.02;3
2025-09-22 16:16:50;31.50;63479.00;35.00;998.74;216;189;6.02;3
2025-09-22 16:16:51;31.50;63817.00;35.00;998.70;216;189;6.01;3
2025-09-22 16:16:52;31.50;63527.00;35.00;998.70;216;189;6.01;3
2025-09-22 16:16:53;31.50;63431.00;35.00;998.70;216;189;6.01;3
2025-09-22 16:16:54;31.50;63527.00;35.00;998.70;216;189;6.01;3
2025-09-22 16:16:55;31.50;64256.00;35.00;998.70;216;189;6.01;3
2025-09-22 16:16:56;31.51;63384.00;35.00;998.70;216;189;6.01;3
2025-09-22 16:16:57;31.50;63914.00;35.00;998.73;215;188;5.93;3
2025-09-22 16:16:58;31.50;63768.00;35.00;998.73;215;188;5.93;3
2025-09-22 16:16:59;31.50;63527.00;35.00;998.73;215;188;5.93;3
2025-09-22 16:17:00;31.49;63914.00;35.00;998.73;215;188;5.94;3
2025-09-22 16:17:01;31.50;63575.00;35.00;998.73;215;188;5.94;3
2025-09-22 16:17:02;31.50;63672.00;35.00;998.73;215;188;5.94;3
2025-09-22 16:17:03;31.50;63575.00;35.00;998.73;214;187;5.84;3
2025-09-22 16:17:04;31.50;63527.00;35.00;998.70;214;187;5.84;3
2025-09-22 16:17:05;31.50;63672.00;35.00;998.73;214;187;5.84;3
2025-09-22 16:17:06;31.50;63962.00;35.00;998.73;214;187;5.84;3
2025-09-22 16:17:07;31.50;63768.00;35.00;998.73;214;187;5.84;3
2025-09-22 16:17:08;31.50;63817.00;35.00;998.70;214;187;5.84;3
2025-09-22 16:17:09;31.50;64256.00;35.00;998.73;215;188;5.92;3
2025-09-22 16:17:10;31.50;63527.00;35.00;998.70;215;188;5.92;3
2025-09-22 16:17:11;31.50;64060.00;35.00;998.73;215;188;5.92;3
2025-09-22 16:17:12;31.50;63720.00;35.00;998.73;214;187;5.82;3
2025-09-22 16:17:13;31.50;64256.00;35.00;998.73;214;187;5.82;3
2025-09-22 16:17:14;31.50;63672.00;35.00;998.73;214;187;5.82;3
2025-09-22 16:17:15;31.50;64207.00;35.00;998.73;212;186;5.71;3
2025-09-22 16:17:16;31.50;63962.00;35.00;998.70;212;186;5.71;3
2025-09-22 16:17:17;31.49;64158.00;35.00;998.73;212;186;5.71;3
2025-09-22 16:17:18;31.50;64158.00;35.00;998.73;211;185;5.64;3
2025-09-22 16:17:19;31.49;63914.00;35.00;998.73;211;185;5.64;3
2025-09-22 16:17:20;31.50;64256.00;35.00;998.73;211;185;5.64;3
2025-09-22 16:17:21;31.50;63962.00;35.00;998.73;212;185;5.68;3
2025-09-22 16:17:22;31.50;64109.00;35.00;998.74;212;185;5.68;3
2025-09-22 16:17:23;31.49;63768.00;35.00;998.74;212;185;5.68;3
2025-09-22 16:17:24;31.49;64060.00;35.00;998.74;212;186;5.70;3
2025-09-22 16:17:25;31.50;63768.00;35.00;998.74;212;186;5.70;3
2025-09-22 16:17:26;31.49;64011.00;35.00;998.74;212;186;5.70;3
2025-09-22 16:17:27;31.50;64404.00;35.00;998.74;212;185;5.67;3
2025-09-22 16:17:28;31.49;64552.00;35.00;998.74;212;185;5.67;3
2025-09-22 16:17:29;31.50;64158.00;35.00;998.74;212;185;5.67;3
2025-09-22 16:17:30;31.50;64207.00;35.00;998.74;212;185;5.66;3
2025-09-22 16:17:31;31.49;64158.00;35.00;998.74;212;185;5.66;3
2025-09-22 16:17:32;31.49;64305.00;35.00;998.74;212;185;5.66;3
2025-09-22 16:17:33;31.49;64207.00;35.00;998.74;212;185;5.66;3
2025-09-22 16:17:34;31.49;64354.00;35.00;998.74;212;185;5.66;3
2025-09-22 16:17:35;31.50;64060.00;35.00;998.74;212;185;5.66;3
2025-09-22 16:17:36;31.48;64651.00;35.00;998.73;210;183;5.51;3
2025-09-22 16:17:37;31.49;64453.00;35.00;998.74;210;183;5.51;3
2025-09-22 16:17:38;31.49;64404.00;35.00;998.74;210;183;5.51;3
2025-09-22 16:17:39;31.50;64158.00;35.00;998.77;210;184;5.55;3
2025-09-22 16:17:40;31.50;64502.00;35.00;998.77;210;184;5.55;3
2025-09-22 16:17:41;31.49;63914.00;35.00;998.77;210;184;5.55;3
2025-09-22 16:17:42;31.49;65052.00;35.00;998.77;208;182;5.41;3
2025-09-22 16:17:43;31.49;64305.00;35.00;998.77;208;182;5.41;3
2025-09-22 16:17:44;31.49;64453.00;35.00;998.77;208;182;5.41;3
2025-09-22 16:17:45;31.49;64305.00;35.00;998.74;208;182;5.39;3
2025-09-22 16:17:46;31.49;64305.00;35.00;998.74;208;182;5.39;3
2025-09-22 16:17:47;31.49;64256.00;35.00;998.74;208;182;5.39;3
2025-09-22 16:17:48;31.49;64060.00;35.00;998.73;206;180;5.27;3
2025-09-22 16:17:49;31.49;64453.00;35.00;998.77;206;180;5.27;3
2025-09-22 16:17:50;31.49;64701.00;35.00;998.73;206;180;5.27;3
2025-09-22 16:17:51;31.49;64651.00;35.00;998.74;205;180;5.22;3
2025-09-22 16:17:52;31.49;64602.00;35.00;998.73;205;180;5.22;3
2025-09-22 16:17:53;31.49;64354.00;35.00;998.73;205;180;5.22;3
2025-09-22 16:17:54;31.49;64207.00;35.00;998.77;205;180;5.21;3
2025-09-22 16:17:55;31.49;64901.00;35.00;998.74;205;180;5.21;3
2025-09-22 16:17:56;31.49;64701.00;35.00;998.77;205;180;5.21;3
2025-09-22 16:17:57;31.49;64552.00;35.00;998.74;206;180;5.23;3
2025-09-22 16:17:58;31.49;64901.00;35.00;998.73;206;180;5.23;3
2025-09-22 16:17:59;31.49;65001.00;35.00;998.77;206;180;5.23;3
2025-09-22 16:18:00;31.48;64552.00;35.00;998.73;206;180;5.25;3
2025-09-22 16:18:01;31.48;64158.00;35.00;998.73;206;180;5.25;3
2025-09-22 16:18:02;31.49;64901.00;35.00;998.73;206;180;5.25;3
2025-09-22 16:18:03;31.49;64801.00;35.00;998.74;208;182;5.39;3
2025-09-22 16:18:04;31.48;64552.00;35.00;998.70;208;182;5.39;3
2025-09-22 16:18:05;31.49;64502.00;35.00;998.73;208;182;5.39;3
2025-09-22 16:18:06;31.49;64404.00;35.00;998.70;207;181;5.34;3
2025-09-22 16:18:07;31.48;64552.00;35.00;998.70;207;181;5.34;3
2025-09-22 16:18:08;31.48;64602.00;35.00;998.70;207;181;5.34;3
2025-09-22 16:18:09;31.48;65001.00;35.00;998.70;206;180;5.23;3
2025-09-22 16:18:10;31.49;65052.00;35.00;998.73;206;180;5.23;3
2025-09-22 16:18:11;31.48;64851.00;35.00;998.70;206;180;5.23;3
2025-09-22 16:18:12;31.48;65203.00;35.00;998.70;204;179;5.13;3
2025-09-22 16:18:13;31.48;65102.00;35.00;998.70;204;179;5.13;3
2025-09-22 16:18:14;31.48;65001.00;35.00;998.70;204;179;5.13;3
2025-09-22 16:18:15;31.48;65001.00;35.00;998.70;204;179;5.14;3
2025-09-22 16:18:16;31.48;64701.00;35.00;998.70;204;179;5.14;3
2025-09-22 16:18:17;31.48;64701.00;35.00;998.70;204;179;5.14;3
2025-09-22 16:18:18;31.48;65001.00;35.00;998.70;203;178;5.08;3
2025-09-22 16:18:19;31.49;65559.00;35.00;998.70;203;178;5.08;3
2025-09-22 16:18:20;31.48;64951.00;35.00;998.70;203;178;5.08;3
2025-09-22 16:18:21;31.48;65254.00;35.00;998.70;202;177;4.98;3
2025-09-22 16:18:22;31.48;64552.00;35.00;998.70;202;177;4.98;3
2025-09-22 16:18:23;31.48;65001.00;35.00;998.69;202;177;4.98;3
2025-09-22 16:18:24;31.48;65052.00;35.00;998.69;202;177;4.98;3
2025-09-22 16:18:25;31.48;64751.00;35.00;998.69;202;177;4.98;3
2025-09-22 16:18:26;31.48;64751.00;35.00;998.69;202;177;4.98;3
2025-09-22 16:18:27;31.48;65153.00;35.00;998.69;202;177;5.01;3
2025-09-22 16:18:28;31.48;65052.00;35.00;998.70;202;177;5.01;3
2025-09-22 16:18:29;31.49;65102.00;35.00;998.69;202;177;5.01;3
2025-09-22 16:18:30;31.48;65052.00;35.00;998.70;202;177;5.00;3
2025-09-22 16:18:31;31.49;64701.00;35.00;998.70;202;177;5.00;3
2025-09-22 16:18:32;31.48;64651.00;35.00;998.70;202;177;5.00;3
2025-09-22 16:18:33;31.49;65304.00;35.00;998.70;201;176;4.95;3
2025-09-22 16:18:34;31.48;65203.00;35.00;998.69;201;176;4.95;3
2025-09-22 16:18:35;31.48;65052.00;35.00;998.69;201;176;4.95;3
2025-09-22 16:18:36;31.48;65052.00;35.00;998.70;202;176;4.97;3
2025-09-22 16:18:37;31.49;65406.00;35.00;998.70;202;176;4.97;3
2025-09-22 16:18:38;31.49;65406.00;34.00;998.73;202;176;4.97;3
2025-09-22 16:18:39;31.49;65052.00;35.00;998.73;202;176;4.97;3
2025-09-22 16:18:40;31.49;65203.00;35.00;998.69;202;177;4.97;3
2025-09-22 16:18:41;31.49;65254.00;35.00;998.69;202;177;4.97;3
2025-09-22 16:18:42;31.49;65610.00;35.00;998.70;202;177;4.97;3
2025-09-22 16:18:43;31.49;64901.00;35.00;998.70;200;175;4.88;3
2025-09-22 16:18:44;31.48;65001.00;35.00;998.70;200;175;4.88;3
2025-09-22 16:18:45;31.48;65254.00;35.00;998.70;200;175;4.88;3
2025-09-22 16:18:46;31.48;65713.00;35.00;998.70;200;175;4.88;3
2025-09-22 16:18:47;31.48;65355.00;35.00;998.70;200;175;4.88;3
2025-09-22 16:18:48;31.48;65304.00;35.00;998.70;200;175;4.88;3
2025-09-22 16:18:49;31.48;65508.00;35.00;998.70;200;175;4.87;3
2025-09-22 16:18:50;31.48;65662.00;35.00;998.69;200;175;4.87;3
2025-09-22 16:18:51;31.48;65764.00;35.00;998.70;200;175;4.87;3
2025-09-22 16:18:52;31.49;65610.00;35.00;998.69;199;174;4.78;3
2025-09-22 16:18:53;31.48;65406.00;35.00;998.70;199;174;4.78;3
2025-09-22 16:18:54;31.48;65052.00;35.00;998.69;199;174;4.78;3
2025-09-22 16:18:55;31.48;65304.00;35.00;998.70;200;175;4.85;3
2025-09-22 16:18:56;31.49;65254.00;35.00;998.70;200;175;4.85;3
2025-09-22 16:18:57;31.48;65816.00;35.00;998.70;200;175;4.85;3
2025-09-22 16:18:58;31.49;65304.00;35.00;998.70;198;174;4.76;3
2025-09-22 16:18:59;31.49;65355.00;35.00;998.70;198;174;4.76;3
2025-09-22 16:19:00;31.48;65610.00;35.00;998.69;198;174;4.76;3
2025-09-22 16:19:01;31.48;65867.00;35.00;998.69;198;173;4.73;3
2025-09-22 16:19:02;31.48;65971.00;35.00;998.69;198;173;4.73;3
2025-09-22 16:19:03;31.48;65304.00;35.00;998.69;198;173;4.73;3
2025-09-22 16:19:04;31.48;65304.00;35.00;998.69;199;174;4.77;3
2025-09-22 16:19:05;31.48;65254.00;35.00;998.69;199;174;4.77;3
2025-09-22 16:19:06;31.48;66074.00;35.00;998.69;199;174;4.77;3
2025-09-22 16:19:07;31.48;65867.00;35.00;998.69;197;172;4.66;3
2025-09-22 16:19:08;31.48;65355.00;35.00;998.69;197;172;4.66;3
2025-09-22 16:19:09;31.48;65713.00;35.00;998.69;197;172;4.66;3
2025-09-22 16:19:10;31.48;65508.00;35.00;998.69;197;172;4.65;3
2025-09-22 16:19:11;31.48;65971.00;35.00;998.69;197;172;4.65;3
2025-09-22 16:19:12;31.48;65971.00;35.00;998.69;197;172;4.65;3
2025-09-22 16:19:13;31.48;65867.00;35.00;998.69;196;172;4.62;3
2025-09-22 16:19:14;31.49;65713.00;35.00;998.69;196;172;4.62;3
2025-09-22 16:19:15;31.48;65919.00;34.00;998.69;196;172;4.62;3
2025-09-22 16:19:16;31.47;65254.00;35.00;998.69;196;172;4.62;3
2025-09-22 16:19:17;31.48;66283.00;35.00;998.69;196;172;4.62;3
2025-09-22 16:19:18;31.48;65919.00;35.00;998.69;196;172;4.62;3
2025-09-22 16:19:19;31.48;65508.00;35.00;998.69;197;172;4.65;3
2025-09-22 16:19:20;31.49;65406.00;35.00;998.70;197;172;4.65;3
2025-09-22 16:19:21;31.49;65764.00;35.00;998.73;197;172;4.65;3
2025-09-22 16:19:22;31.49;65867.00;35.00;998.69;196;172;4.64;3
2025-09-22 16:19:23;31.48;66126.00;35.00;998.69;196;172;4.64;3
2025-09-22 16:19:24;31.49;65971.00;35.00;998.69;196;172;4.64;3
2025-09-22 16:19:25;31.48;65662.00;35.00;998.69;196;172;4.62;3
2025-09-22 16:19:26;31.49;65816.00;35.00;998.69;196;172;4.62;3
2025-09-22 16:19:27;31.48;65764.00;35.00;998.69;196;172;4.62;3
2025-09-22 16:19:28;31.48;65971.00;35.00;998.69;196;172;4.62;3
2025-09-22 16:19:29;31.48;65764.00;35.00;998.69;196;172;4.62;3
2025-09-22 16:19:30;31.48;66545.00;35.00;998.69;196;172;4.62;3
2025-09-22 16:19:31;31.49;65919.00;35.00;998.69;195;171;4.57;3
2025-09-22 16:19:32;31.49;65919.00;35.00;998.69;195;171;4.57;3
2025-09-22 16:19:33;31.49;66598.00;35.00;998.70;195;171;4.57;3
2025-09-22 16:19:34;31.49;65764.00;35.00;998.69;193;169;4.45;3
2025-09-22 16:19:35;31.48;66023.00;35.00;998.70;193;169;4.45;3
2025-09-22 16:19:36;31.48;66126.00;35.00;998.73;193;169;4.45;3
2025-09-22 16:19:37;31.49;66179.00;35.00;998.70;193;169;4.42;3
2025-09-22 16:19:38;31.49;66335.00;35.00;998.69;193;169;4.42;3
2025-09-22 16:19:39;31.49;65971.00;35.00;998.70;193;169;4.42;3
2025-09-22 16:19:40;31.48;65971.00;35.00;998.70;193;169;4.45;3
2025-09-22 16:19:41;31.49;66335.00;35.00;998.70;193;169;4.45;3
2025-09-22 16:19:42;31.49;66126.00;35.00;998.70;193;169;4.45;3
2025-09-22 16:19:43;31.49;66335.00;35.00;998.69;194;170;4.48;3
2025-09-22 16:19:44;31.49;66126.00;34.00;998.70;194;170;4.48;3
2025-09-22 16:19:45;31.49;66074.00;35.00;998.69;194;170;4.48;3
2025-09-22 16:19:46;31.49;66388.00;35.00;998.70;194;170;4.47;3
2025-09-22 16:19:47;31.48;66335.00;35.00;998.70;194;170;4.47;3
2025-09-22 16:19:48;31.49;65919.00;35.00;998.70;194;170;4.47;3
2025-09-22 16:19:49;31.49;66388.00;35.00;998.70;194;169;4.47;3
2025-09-22 16:19:50;31.49;66545.00;35.00;998.70;194;169;4.47;3
2025-09-22 16:19:51;31.49;66388.00;35.00;998.67;194;169;4.47;3
2025-09-22 16:19:52;31.48;65816.00;35.00;998.67;193;169;4.41;3
2025-09-22 16:19:53;31.48;66335.00;35.00;998.70;193;169;4.41;3
2025-09-22 16:19:54;31.49;66545.00;35.00;998.70;193;169;4.41;3
2025-09-22 16:19:55;31.49;65764.00;35.00;998.69;193;169;4.41;3
2025-09-22 16:19:56;31.49;66231.00;34.00;998.69;193;169;4.41;3
2025-09-22 16:19:57;31.49;66335.00;35.00;998.65;193;169;4.41;3
2025-09-22 16:19:58;31.49;66335.00;34.00;998.65;192;168;4.39;3
2025-09-22 16:19:59;31.49;65919.00;35.00;998.65;192;168;4.39;3
2025-09-22 16:20:00;31.49;66493.00;35.00;998.67;192;168;4.39;3
2025-09-22 16:20:01;31.49;66598.00;34.00;998.67;190;167;4.29;3
2025-09-22 16:20:02;31.50;66440.00;34.00;998.67;190;167;4.29;3
2025-09-22 16:20:03;31.49;66283.00;34.00;998.67;190;167;4.29;3
2025-09-22 16:20:04;31.49;66651.00;34.00;998.65;191;167;4.34;3
2025-09-22 16:20:05;31.49;66545.00;35.00;998.65;191;167;4.34;3
2025-09-22 16:20:06;31.49;66283.00;35.00;998.67;191;167;4.34;3
2025-09-22 16:20:07;31.49;65971.00;34.00;998.67;193;169;4.44;3
2025-09-22 16:20:08;31.50;66916.00;34.00;998.69;193;169;4.44;3
2025-09-22 16:20:09;31.49;66545.00;34.00;998.67;193;169;4.44;3
2025-09-22 16:20:10;31.50;66335.00;35.00;998.67;193;169;4.44;3
2025-09-22 16:20:11;31.49;66231.00;34.00;998.67;193;169;4.44;3
2025-09-22 16:20:12;31.49;66598.00;35.00;998.67;193;169;4.44;3
2025-09-22 16:20:13;31.49;66598.00;34.00;998.67;192;168;4.36;3
2025-09-22 16:20:14;31.49;66863.00;35.00;998.67;192;168;4.36;3
2025-09-22 16:20:15;31.50;66335.00;35.00;998.67;192;168;4.36;3
2025-09-22 16:20:16;31.49;66493.00;35.00;998.65;192;168;4.35;3
2025-09-22 16:20:17;31.50;66651.00;34.00;998.67;192;168;4.35;3
2025-09-22 16:20:18;31.49;66916.00;34.00;998.67;192;168;4.35;3
2025-09-22 16:20:19;31.49;66970.00;35.00;998.67;192;168;4.35;3
2025-09-22 16:20:20;31.50;66126.00;35.00;998.67;192;168;4.35;3
2025-09-22 16:20:21;31.49;66023.00;34.00;998.67;192;168;4.35;3
2025-09-22 16:20:22;31.49;66916.00;34.00;998.67;191;167;4.33;3
2025-09-22 16:20:23;31.50;66598.00;35.00;998.67;191;167;4.33;3
2025-09-22 16:20:24;31.49;66757.00;34.00;998.67;191;167;4.33;3
2025-09-22 16:20:25;31.50;66231.00;34.00;998.67;192;168;4.35;3
2025-09-22 16:20:26;31.50;66651.00;35.00;998.67;192;168;4.35;3
2025-09-22 16:20:27;31.50;66598.00;35.00;998.67;192;168;4.35;3
2025-09-22 16:20:28;31.49;67130.00;34.00;998.65;190;166;4.25;3
2025-09-22 16:20:29;31.49;66335.00;34.00;998.67;190;166;4.25;3
2025-09-22 16:20:30;31.50;67184.00;35.00;998.67;190;166;4.25;3
2025-09-22 16:20:31;31.50;66335.00;35.00;998.67;187;164;4.12;3
2025-09-22 16:20:32;31.50;67076.00;35.00;998.67;187;164;4.12;3
2025-09-22 16:20:33;31.50;66493.00;35.00;998.67;187;164;4.12;3
2025-09-22 16:20:34;31.50;66970.00;35.00;998.67;188;165;4.15;3
2025-09-22 16:20:35;31.50;66810.00;35.00;998.67;188;165;4.15;3
2025-09-22 16:20:36;31.50;66863.00;35.00;998.69;188;165;4.15;3
2025-09-22 16:20:37;31.50;66651.00;35.00;998.67;188;165;4.15;3
2025-09-22 16:20:38;31.50;66863.00;35.00;998.67;188;165;4.15;3
2025-09-22 16:20:39;31.50;67076.00;35.00;998.67;188;165;4.15;3
2025-09-22 16:20:40;31.50;67184.00;35.00;998.67;187;164;4.10;3
2025-09-22 16:20:41;31.50;66335.00;35.00;998.69;187;164;4.10;3
2025-09-22 16:20:42;31.50;66863.00;35.00;998.69;187;164;4.10;3
2025-09-22 16:20:43;31.50;67184.00;35.00;998.69;186;163;4.06;3
2025-09-22 16:20:44;31.50;67076.00;35.00;998.67;186;163;4.06;3
2025-09-22 16:20:45;31.50;67130.00;35.00;998.69;186;163;4.06;3
2025-09-22 16:20:46;31.50;66810.00;34.00;998.69;187;164;4.10;3
2025-09-22 16:20:47;31.50;66863.00;35.00;998.69;187;164;4.10;3
2025-09-22 16:20:48;31.50;67130.00;35.00;998.69;187;164;4.10;3
2025-09-22 16:20:49;31.50;67237.00;35.00;998.69;188;164;4.13;3
2025-09-22 16:20:50;31.50;67237.00;35.00;998.69;188;164;4.13;3
2025-09-22 16:20:51;31.50;66704.00;35.00;998.70;188;164;4.13;3
2025-09-22 16:20:52;31.51;66704.00;35.00;998.69;188;165;4.16;3
2025-09-22 16:20:53;31.50;66704.00;35.00;998.70;188;165;4.16;3
2025-09-22 16:20:54;31.51;66970.00;35.00;998.70;188;165;4.16;3
2025-09-22 16:20:55;31.50;66916.00;35.00;998.69;187;164;4.09;3
2025-09-22 16:20:56;31.50;66916.00;34.00;998.70;187;164;4.09;3
2025-09-22 16:20:57;31.50;67291.00;35.00;998.70;187;164;4.09;3
2025-09-22 16:20:58;31.51;67670.00;35.00;998.74;186;163;4.03;3
2025-09-22 16:20:59;31.50;67670.00;35.00;998.70;186;163;4.03;3
2025-09-22 16:21:00;31.50;67616.00;35.00;998.70;186;163;4.03;3
2025-09-22 16:21:01;31.50;67507.00;35.00;998.70;185;162;3.99;3
2025-09-22 16:21:02;31.50;66916.00;35.00;998.70;185;162;3.99;3
2025-09-22 16:21:03;31.50;67237.00;35.00;998.70;185;162;3.99;3
2025-09-22 16:21:04;31.51;67291.00;35.00;998.70;185;162;3.97;3
2025-09-22 16:21:05;31.51;66757.00;35.00;998.70;185;162;3.97;3
2025-09-22 16:21:06;31.51;67725.00;35.00;998.70;185;162;3.97;3
2025-09-22 16:21:07;31.50;66651.00;35.00;998.74;186;163;4.05;3
2025-09-22 16:21:08;31.50;66970.00;35.00;998.74;186;163;4.05;3
2025-09-22 16:21:09;31.51;67399.00;35.00;998.70;186;163;4.05;3
2025-09-22 16:21:10;31.50;67453.00;35.00;998.73;185;162;3.98;3
2025-09-22 16:21:11;31.51;67399.00;35.00;998.70;185;162;3.98;3
2025-09-22 16:21:12;31.51;67291.00;35.00;998.70;185;162;3.98;3
2025-09-22 16:21:13;31.51;67184.00;35.00;998.70;185;162;3.98;3
2025-09-22 16:21:14;31.50;67562.00;35.00;998.70;185;162;3.98;3
2025-09-22 16:21:15;31.50;67345.00;35.00;998.69;185;162;3.98;3
2025-09-22 16:21:16;31.51;67291.00;35.00;998.73;185;162;3.98;3
2025-09-22 16:21:17;31.51;67616.00;35.00;998.73;184;161;3.95;3
2025-09-22 16:21:18;31.51;67616.00;35.00;998.73;184;161;3.95;3
2025-09-22 16:21:19;31.51;67616.00;35.00;998.73;184;161;3.95;3
2025-09-22 16:21:20;31.51;67780.00;35.00;998.70;183;160;3.89;3
2025-09-22 16:21:21;31.51;67184.00;35.00;998.74;183;160;3.89;3
2025-09-22 16:21:22;31.51;67399.00;34.00;998.74;183;160;3.89;3
2025-09-22 16:21:23;31.51;67944.00;35.00;998.73;183;161;3.91;3
2025-09-22 16:21:24;31.51;67725.00;35.00;998.73;183;161;3.91;3
2025-09-22 16:21:25;31.51;67345.00;34.00;998.73;183;161;3.91;3
2025-09-22 16:21:26;31.51;67130.00;35.00;998.73;184;161;3.94;3
2025-09-22 16:21:27;31.51;67616.00;35.00;998.73;184;161;3.94;3
2025-09-22 16:21:28;31.51;67562.00;34.00;998.73;184;161;3.94;3
2025-09-22 16:21:29;31.52;67616.00;35.00;998.73;184;161;3.93;3
2025-09-22 16:21:30;31.51;69004.00;35.00;998.73;184;161;3.93;3
2025-09-22 16:21:31;31.51;67507.00;35.00;998.73;184;161;3.93;3
2025-09-22 16:21:32;31.50;67130.00;35.00;998.70;183;161;3.91;3
2025-09-22 16:21:33;31.51;67453.00;35.00;998.70;183;161;3.91;3
2025-09-22 16:21:34;31.51;67399.00;35.00;998.73;183;161;3.91;3
2025-09-22 16:21:35;31.52;67999.00;35.00;998.73;183;161;3.91;3
2025-09-22 16:21:36;31.51;67507.00;34.00;998.73;183;161;3.91;3
2025-09-22 16:21:37;31.51;67780.00;35.00;998.73;183;161;3.91;3
2025-09-22 16:21:38;31.51;67725.00;35.00;998.73;182;160;3.85;3
2025-09-22 16:21:39;31.51;67616.00;35.00;998.73;182;160;3.85;3
2025-09-22 16:21:40;31.51;67670.00;35.00;998.73;182;160;3.85;3
2025-09-22 16:21:41;31.51;67507.00;35.00;998.73;182;159;3.83;3
2025-09-22 16:21:42;31.52;67670.00;34.00;998.73;182;159;3.83;3
2025-09-22 16:21:43;31.51;68054.00;35.00;998.73;182;159;3.83;3
2025-09-22 16:21:44;31.51;67616.00;34.00;998.73;180;158;3.76;3
2025-09-22 16:21:45;31.52;68109.00;34.00;998.73;180;158;3.76;3
2025-09-22 16:21:46;31.51;67780.00;35.00;998.70;180;158;3.76;3
2025-09-22 16:21:47;31.52;67944.00;35.00;998.70;181;159;3.80;3
2025-09-22 16:21:48;31.52;67780.00;34.00;998.73;181;159;3.80;3
2025-09-22 16:21:49;31.52;68331.00;34.00;998.73;181;159;3.80;3
2025-09-22 16:21:50;31.53;67562.00;35.00;998.70;180;157;3.73;3
2025-09-22 16:21:51;31.52;68109.00;35.00;998.73;180;157;3.73;3
2025-09-22 16:21:52;31.52;67345.00;35.00;998.73;180;157;3.73;3
2025-09-22 16:21:53;31.52;67237.00;35.00;998.70;179;157;3.71;3
2025-09-22 16:21:54;31.52;68331.00;34.00;998.70;179;157;3.71;3
2025-09-22 16:21:55;31.52;66970.00;34.00;998.70;179;157;3.71;3
2025-09-22 16:21:56;31.52;67725.00;35.00;998.70;182;160;3.85;3
2025-09-22 16:21:57;31.52;67999.00;35.00;998.70;182;160;3.85;3
2025-09-22 16:21:58;31.52;68220.00;34.00;998.70;182;160;3.85;3
2025-09-22 16:21:59;31.52;68442.00;34.00;998.73;181;158;3.76;3
2025-09-22 16:22:00;31.52;68610.00;34.00;998.70;181;158;3.76;3
2025-09-22 16:22:01;31.53;67944.00;35.00;998.70;181;158;3.76;3
2025-09-22 16:22:02;31.52;67944.00;34.00;998.70;180;158;3.74;3
2025-09-22 16:22:03;31.52;67999.00;34.00;998.70;180;158;3.74;3
2025-09-22 16:22:04;31.52;67507.00;34.00;998.70;180;158;3.74;3
2025-09-22 16:22:05;31.52;68109.00;35.00;998.70;181;158;3.78;3
2025-09-22 16:22:06;31.53;68109.00;35.00;998.73;181;158;3.78;3
2025-09-22 16:22:07;31.52;68331.00;35.00;998.73;181;158;3.78;3
2025-09-22 16:22:08;31.52;68164.00;35.00;998.70;179;157;3.70;3
2025-09-22 16:22:09;31.52;67399.00;35.00;998.70;179;157;3.70;3
2025-09-22 16:22:10;31.52;68220.00;34.00;998.70;179;157;3.70;3
2025-09-22 16:22:11;31.52;67834.00;34.00;998.70;179;157;3.70;3
2025-09-22 16:22:12;31.52;68109.00;34.00;998.70;179;157;3.70;3
2025-09-22 16:22:13;31.52;68610.00;34.00;998.70;179;157;3.70;3
2025-09-22 16:22:14;31.52;67670.00;34.00;998.69;178;156;3.64;3
2025-09-22 16:22:15;31.52;68610.00;34.00;998.70;178;156;3.64;3
2025-09-22 16:22:16;31.52;68331.00;35.00;998.70;178;156;3.64;3
2025-09-22 16:22:17;31.52;68275.00;34.00;998.70;177;155;3.61;3
2025-09-22 16:22:18;31.53;68275.00;34.00;998.77;177;155;3.61;3
2025-09-22 16:22:19;31.53;68275.00;34.00;998.70;177;155;3.61;3
2025-09-22 16:22:20;31.53;68331.00;34.00;998.70;179;157;3.68;3
2025-09-22 16:22:21;31.52;68275.00;34.00;998.69;179;157;3.68;3
2025-09-22 16:22:22;31.52;67999.00;35.00;998.70;179;157;3.68;3
2025-09-22 16:22:23;31.52;68331.00;34.00;998.74;177;155;3.61;3
2025-09-22 16:22:24;31.53;68666.00;34.00;998.74;177;155;3.61;3
2025-09-22 16:22:25;31.53;68275.00;34.00;998.74;177;155;3.61;3
2025-09-22 16:22:26;31.53;67999.00;34.00;998.69;177;155;3.59;3
2025-09-22 16:22:27;31.52;67670.00;34.00;998.69;177;155;3.59;3
2025-09-22 16:22:28;31.52;68275.00;34.00;998.69;177;155;3.59;3
2025-09-22 16:22:29;31.53;68275.00;35.00;998.69;177;155;3.60;3
2025-09-22 16:22:30;31.53;68386.00;34.00;998.70;177;155;3.60;3
2025-09-22 16:22:31;31.53;68386.00;34.00;998.74;177;155;3.60;3
2025-09-22 16:22:32;31.53;68275.00;35.00;998.69;177;155;3.60;3
2025-09-22 16:22:33;31.53;68275.00;34.00;998.70;177;155;3.60;3
2025-09-22 16:22:34;31.53;68331.00;34.00;998.74;177;155;3.60;3
2025-09-22 16:22:35;31.53;68498.00;34.00;998.74;178;156;3.63;3
2025-09-22 16:22:36;31.53;68666.00;34.00;998.69;178;156;3.63;3
2025-09-22 16:22:37;31.53;68331.00;34.00;998.74;178;156;3.63;3
2025-09-22 16:22:38;31.53;68498.00;34.00;998.69;177;155;3.59;3
2025-09-22 16:22:39;31.53;68275.00;34.00;998.74;177;155;3.59;3
2025-09-22 16:22:40;31.53;68722.00;34.00;998.74;177;155;3.59;3
2025-09-22 16:22:41;31.54;68722.00;34.00;998.74;178;156;3.64;3
2025-09-22 16:22:42;31.53;68666.00;34.00;998.74;178;156;3.64;3
2025-09-22 16:22:43;31.54;68442.00;34.00;998.74;178;156;3.64;3
2025-09-22 16:22:44;31.53;68386.00;34.00;998.69;176;154;3.53;3
2025-09-22 16:22:45;31.53;68666.00;34.00;998.74;176;154;3.53;3
2025-09-22 16:22:46;31.53;68610.00;34.00;998.74;176;154;3.53;3
2025-09-22 16:22:47;31.53;68498.00;34.00;998.77;176;154;3.55;3
2025-09-22 16:22:48;31.54;68722.00;34.00;998.77;176;154;3.55;3
2025-09-22 16:22:49;31.54;68778.00;34.00;998.77;176;154;3.55;3
2025-09-22 16:22:50;31.54;68947.00;34.00;998.74;176;154;3.53;3
2025-09-22 16:22:51;31.53;68947.00;34.00;998.77;176;154;3.53;3
2025-09-22 16:22:52;31.53;68498.00;34.00;998.77;176;154;3.53;3
2025-09-22 16:22:53;31.53;68386.00;34.00;998.74;176;154;3.55;3
2025-09-22 16:22:54;31.54;68666.00;34.00;998.74;176;154;3.55;3
2025-09-22 16:22:55;31.54;69061.00;34.00;998.74;176;154;3.55;3
2025-09-22 16:22:56;31.54;68891.00;34.00;998.77;177;155;3.57;3
2025-09-22 16:22:57;31.53;68947.00;34.00;998.77;177;155;3.57;3
2025-09-22 16:22:58;31.53;68947.00;34.00;998.77;177;155;3.57;3
2025-09-22 16:22:59;31.54;68947.00;34.00;998.74;177;155;3.60;3
2025-09-22 16:23:00;31.54;68610.00;34.00;998.74;177;155;3.60;3
2025-09-22 16:23:01;31.54;69004.00;34.00;998.74;177;155;3.60;3
2025-09-22 16:23:02;31.53;68722.00;34.00;998.77;177;155;3.60;3
2025-09-22 16:23:03;31.54;68666.00;34.00;998.77;177;155;3.60;3
2025-09-22 16:23:04;31.54;68891.00;34.00;998.77;177;155;3.60;3
2025-09-22 16:23:05;31.54;68275.00;34.00;998.77;178;155;3.61;3
2025-09-22 16:23:06;31.54;68054.00;34.00;998.77;178;155;3.61;3
2025-09-22 16:23:07;31.54;68386.00;34.00;998.77;178;155;3.61;3
2025-09-22 16:23:08;31.54;68778.00;34.00;998.77;178;155;3.61;3
2025-09-22 16:23:09;31.54;68220.00;34.00;998.77;178;155;3.61;3
2025-09-22 16:23:10;31.54;68275.00;34.00;998.77;178;155;3.61;3
2025-09-22 16:23:11;31.54;68722.00;34.00;998.77;177;155;3.58;3
2025-09-22 16:23:12;31.54;68054.00;34.00;998.77;177;155;3.58;3
2025-09-22 16:23:13;31.54;68722.00;34.00;998.77;177;155;3.58;3
2025-09-22 16:23:14;31.54;68722.00;34.00;998.77;176;154;3.56;3
2025-09-22 16:23:15;31.53;68778.00;34.00;998.74;176;154;3.56;3
2025-09-22 16:23:16;31.54;69346.00;34.00;998.77;176;154;3.56;3
2025-09-22 16:23:17;31.53;69117.00;34.00;998.77;178;156;3.65;3
2025-09-22 16:23:18;31.54;68778.00;34.00;998.77;178;156;3.65;3
2025-09-22 16:23:19;31.54;69288.00;34.00;998.74;178;156;3.65;3
2025-09-22 16:23:20;31.54;69117.00;34.00;998.77;177;155;3.61;3
2025-09-22 16:23:21;31.54;69174.00;34.00;998.77;177;155;3.61;3
2025-09-22 16:23:22;31.54;68498.00;34.00;998.77;177;155;3.61;3
2025-09-22 16:23:23;31.54;68610.00;34.00;998.77;177;155;3.59;3
2025-09-22 16:23:24;31.54;69061.00;34.00;998.74;177;155;3.59;3
2025-09-22 16:23:25;31.53;69174.00;34.00;998.77;177;155;3.59;3
2025-09-22 16:23:26;31.54;68722.00;34.00;998.74;176;154;3.55;3
2025-09-22 16:23:27;31.54;69288.00;34.00;998.77;176;154;3.55;3
2025-09-22 16:23:28;31.54;69346.00;34.00;998.77;176;154;3.55;3
2025-09-22 16:23:29;31.54;69004.00;34.00;998.77;175;153;3.50;3
2025-09-22 16:23:30;31.54;69061.00;34.00;998.77;175;153;3.50;3
2025-09-22 16:23:31;31.54;69346.00;34.00;998.77;175;153;3.50;3
2025-09-22 16:23:32;31.54;69174.00;34.00;998.74;175;153;3.50;3
2025-09-22 16:23:33;31.54;69174.00;34.00;998.77;175;153;3.50;3
2025-09-22 16:23:34;31.54;68722.00;34.00;998.77;175;153;3.50;3
2025-09-22 16:23:35;31.54;69061.00;34.00;998.77;176;154;3.52;3
2025-09-22 16:23:36;31.54;68834.00;34.00;998.77;176;154;3.52;3
2025-09-22 16:23:37;31.54;69633.00;34.00;998.74;176;154;3.52;3
2025-09-22 16:23:38;31.54;69231.00;34.00;998.74;175;153;3.51;3
2025-09-22 16:23:39;31.54;68947.00;34.00;998.74;175;153;3.51;3
2025-09-22 16:23:40;31.54;69117.00;34.00;998.74;175;153;3.51;3
2025-09-22 16:23:41;31.54;69117.00;34.00;998.74;176;154;3.52;3
2025-09-22 16:23:42;31.54;69231.00;34.00;998.74;176;154;3.52;3
2025-09-22 16:23:43;31.55;69403.00;34.00;998.74;176;154;3.52;3
2025-09-22 16:23:44;31.55;69806.00;34.00;998.77;176;154;3.52;3
2025-09-22 16:23:45;31.54;69460.00;34.00;998.74;174;152;3.44;3
2025-09-22 16:23:46;31.54;69403.00;34.00;998.77;174;152;3.44;3
2025-09-22 16:23:47;31.54;69981.00;34.00;998.77;174;152;3.44;3
2025-09-22 16:23:48;31.54;69004.00;34.00;998.74;172;151;3.37;3
2025-09-22 16:23:49;31.54;69288.00;34.00;998.77;172;151;3.37;3
2025-09-22 16:23:50;31.54;68610.00;34.00;998.77;172;151;3.37;3
2025-09-22 16:23:51;31.54;69748.00;34.00;998.74;175;153;3.49;3
2025-09-22 16:23:52;31.54;69231.00;34.00;998.78;175;153;3.49;3
2025-09-22 16:23:53;31.55;69231.00;34.00;998.77;175;153;3.49;3
2025-09-22 16:23:54;31.54;69460.00;34.00;998.77;175;153;3.49;3
2025-09-22 16:23:55;31.55;69117.00;34.00;998.77;175;153;3.49;3
2025-09-22 16:23:56;31.54;69174.00;34.00;998.77;175;153;3.49;3
2025-09-22 16:23:57;31.55;69174.00;34.00;998.77;175;153;3.51;3
2025-09-22 16:23:58;31.55;69403.00;34.00;998.74;175;153;3.51;3
2025-09-22 16:23:59;31.55;69691.00;34.00;998.77;175;153;3.51;3
2025-09-22 16:24:00;31.54;69575.00;34.00;998.74;174;152;3.45;3
2025-09-22 16:24:01;31.54;69633.00;34.00;998.77;174;152;3.45;3
2025-09-22 16:24:02;31.55;69575.00;34.00;998.74;174;152;3.45;3
2025-09-22 16:24:03;31.55;69117.00;34.00;998.77;174;152;3.43;3
2025-09-22 16:24:04;31.54;69806.00;34.00;998.77;174;152;3.43;3
2025-09-22 16:24:05;31.55;69575.00;34.00;998.77;174;152;3.43;3
2025-09-22 16:24:06;31.54;69288.00;34.00;998.77;173;152;3.42;3
2025-09-22 16:24:07;31.54;69518.00;34.00;998.77;173;152;3.42;3
2025-09-22 16:24:08;31.55;69403.00;34.00;998.81;173;152;3.42;3
2025-09-22 16:24:09;31.55;69403.00;34.00;998.81;174;152;3.43;3
2025-09-22 16:24:10;31.55;68778.00;34.00;998.77;174;152;3.43;3
2025-09-22 16:24:11;31.55;69346.00;34.00;998.77;174;152;3.43;3
2025-09-22 16:24:12;31.54;69518.00;34.00;998.77;174;152;3.45;3
2025-09-22 16:24:13;31.55;69346.00;34.00;998.78;174;152;3.45;3
2025-09-22 16:24:14;31.55;69460.00;34.00;998.77;174;152;3.45;3
2025-09-22 16:24:15;31.55;69575.00;34.00;998.81;174;152;3.44;3
2025-09-22 16:24:16;31.55;70039.00;34.00;998.81;174;152;3.44;3
2025-09-22 16:24:17;31.55;69691.00;34.00;998.77;174;152;3.44;3
2025-09-22 16:24:18;31.55;69288.00;34.00;998.81;173;152;3.41;3
2025-09-22 16:24:19;31.55;69922.00;34.00;998.77;173;152;3.41;3
2025-09-22 16:24:20;31.55;69288.00;34.00;998.81;173;152;3.41;3
2025-09-22 16:24:21;31.55;69691.00;34.00;998.77;173;151;3.39;3
2025-09-22 16:24:22;31.55;69288.00;34.00;998.81;173;151;3.39;3
2025-09-22 16:24:23;31.55;69864.00;34.00;998.77;173;151;3.39;3
2025-09-22 16:24:24;31.54;69518.00;34.00;998.78;172;151;3.36;3
2025-09-22 16:24:25;31.55;69575.00;34.00;998.83;172;151;3.36;3
2025-09-22 16:24:26;31.55;69806.00;34.00;998.81;172;151;3.36;3
2025-09-22 16:24:27;31.55;69518.00;34.00;998.81;172;150;3.35;3
2025-09-22 16:24:28;31.55;69346.00;34.00;998.81;172;150;3.35;3
2025-09-22 16:24:29;31.55;69981.00;34.00;998.77;172;150;3.35;3
2025-09-22 16:24:30;31.55;69575.00;34.00;998.77;171;150;3.32;3
2025-09-22 16:24:31;31.55;69748.00;34.00;998.77;171;150;3.32;3
2025-09-22 16:24:32;31.55;70215.00;34.00;998.78;171;150;3.32;3
2025-09-22 16:24:33;31.55;69231.00;34.00;998.81;170;149;3.29;3
2025-09-22 16:24:34;31.55;69864.00;34.00;998.78;170;149;3.29;3
2025-09-22 16:24:35;31.55;69864.00;34.00;998.81;170;149;3.29;3
2025-09-22 16:24:36;31.54;69806.00;34.00;998.77;171;149;3.29;3
2025-09-22 16:24:37;31.55;70215.00;34.00;998.78;171;149;3.29;3
2025-09-22 16:24:38;31.55;69691.00;34.00;998.81;171;149;3.29;3
2025-09-22 16:24:39;31.55;70097.00;34.00;998.77;170;149;3.28;3
2025-09-22 16:24:40;31.55;69748.00;34.00;998.78;170;149;3.28;3
2025-09-22 16:24:41;31.55;69518.00;34.00;998.78;170;149;3.28;3
2025-09-22 16:24:42;31.56;69806.00;34.00;998.78;171;150;3.33;3
2025-09-22 16:24:43;31.56;70156.00;34.00;998.81;171;150;3.33;3
2025-09-22 16:24:44;31.55;69864.00;34.00;998.78;171;150;3.33;3
2025-09-22 16:24:45;31.55;69981.00;34.00;998.78;172;151;3.37;3
