timestamp;temperature;gas;humidity;barometer;IAQ;IAQ_S;VOCS;accuracy;humidty_corrected;temp_corrected
2025-10-12 13:35:29;28.92;105606.00;39.00;1008.41;48;35;0.58;1;55.63;22.92
2025-10-12 13:35:30;28.92;105672.00;39.00;1008.41;48;35;0.58;1;55.63;22.92
2025-10-12 13:35:31;28.92;106475.00;39.00;1008.41;48;35;0.58;1;55.63;22.92
2025-10-12 13:35:32;28.92;106005.00;39.00;1008.41;47;34;0.57;1;55.63;22.92
2025-10-12 13:35:33;28.92;106139.00;39.00;1008.39;47;34;0.57;1;55.63;22.92
2025-10-12 13:35:34;28.93;106340.00;39.00;1008.39;47;34;0.57;1;55.63;22.93
2025-10-12 13:35:35;28.93;106206.00;39.00;1008.43;49;35;0.58;1;55.63;22.93
2025-10-12 13:35:36;28.92;106340.00;40.00;1008.39;49;35;0.58;1;57.06;22.92
2025-10-12 13:35:37;28.92;106340.00;40.00;1008.39;49;35;0.58;1;57.06;22.92
2025-10-12 13:35:38;28.93;105143.00;40.00;1008.41;47;34;0.57;1;57.05;22.93
2025-10-12 13:35:39;28.93;106139.00;39.00;1008.43;47;34;0.57;1;55.63;22.93
2025-10-12 13:35:40;28.93;105539.00;40.00;1008.39;47;34;0.57;1;57.05;22.93
2025-10-12 13:35:41;28.93;105078.00;40.00;1008.41;48;35;0.58;1;57.05;22.93
2025-10-12 13:35:42;28.93;106273.00;40.00;1008.41;48;35;0.58;1;57.05;22.93
2025-10-12 13:35:43;28.93;105407.00;40.00;1008.41;48;35;0.58;1;57.05;22.93
2025-10-12 13:35:44;28.93;106005.00;40.00;1008.41;48;35;0.58;1;57.05;22.93
2025-10-12 13:35:45;28.93;105539.00;40.00;1008.41;48;35;0.58;1;57.05;22.93
2025-10-12 13:35:46;28.93;106072.00;40.00;1008.41;48;35;0.58;1;57.05;22.93
2025-10-12 13:35:47;28.93;104037.00;40.00;1008.41;47;34;0.58;1;57.05;22.93
2025-10-12 13:35:48;28.94;100313.00;40.00;1008.41;47;34;0.58;1;57.05;22.94
2025-10-12 13:35:49;28.94;97917.00;40.00;1008.39;47;34;0.58;1;57.05;22.94
2025-10-12 13:35:50;28.94;95201.00;40.00;1008.39;81;49;0.72;1;57.05;22.94
2025-10-12 13:35:51;28.94;93610.00;40.00;1008.41;81;49;0.72;1;57.05;22.94
2025-10-12 13:35:52;28.96;94329.00;40.00;1008.41;81;49;0.72;1;57.05;22.96
2025-10-12 13:35:53;28.96;94012.00;40.00;1008.41;110;62;0.88;1;57.05;22.96
2025-10-12 13:35:54;28.95;93075.00;40.00;1008.41;110;62;0.88;1;57.05;22.95
2025-10-12 13:35:55;28.96;92157.00;40.00;1008.39;110;62;0.88;1;57.05;22.96
2025-10-12 13:35:56;28.96;91157.00;40.00;1008.39;139;74;1.06;1;57.05;22.96
2025-10-12 13:35:57;28.96;89794.00;40.00;1008.41;139;74;1.06;1;57.05;22.96
2025-10-12 13:35:58;28.96;88751.00;40.00;1008.39;139;74;1.06;1;57.05;22.96
2025-10-12 13:35:59;28.96;89222.00;40.00;1008.39;172;89;1.32;1;57.05;22.96
2025-10-12 13:36:00;28.97;88470.00;41.00;1008.41;172;89;1.32;1;58.47;22.97
2025-10-12 13:36:01;28.97;87732.00;41.00;1008.41;172;89;1.32;1;58.47;22.97
2025-10-12 13:36:02;28.97;88192.00;41.00;1008.41;198;100;1.57;1;58.47;22.97
2025-10-12 13:36:03;28.97;87640.00;41.00;1008.41;198;100;1.57;1;58.47;22.97
2025-10-12 13:36:04;28.97;87005.00;41.00;1008.41;198;100;1.57;1;58.47;22.97
2025-10-12 13:36:05;28.98;86202.00;41.00;1008.39;221;110;1.82;1;58.47;22.98
2025-10-12 13:36:06;28.99;86114.00;41.00;1008.39;221;110;1.82;1;58.47;22.99
2025-10-12 13:36:07;28.98;86557.00;41.00;1008.39;221;110;1.82;1;58.47;22.98
2025-10-12 13:36:08;28.99;86025.00;41.00;1008.41;239;118;2.06;1;58.47;22.99
2025-10-12 13:36:09;28.99;86290.00;41.00;1008.41;239;118;2.06;1;58.47;22.99
2025-10-12 13:36:10;29.00;86025.00;41.00;1008.41;239;118;2.06;1;58.47;23.00
2025-10-12 13:36:11;29.00;85414.00;41.00;1008.39;250;124;2.23;1;58.47;23.00
2025-10-12 13:36:12;29.00;85240.00;41.00;1008.39;250;124;2.23;1;58.47;23.00
2025-10-12 13:36:13;29.00;84300.00;41.00;1008.39;250;124;2.23;1;58.47;23.00
2025-10-12 13:36:14;29.00;84300.00;41.00;1008.41;259;128;2.40;1;58.47;23.00
2025-10-12 13:36:15;29.00;84725.00;41.00;1008.39;259;128;2.40;1;58.47;23.00
2025-10-12 13:36:16;29.01;84554.00;41.00;1008.39;259;128;2.40;1;58.47;23.01
2025-10-12 13:36:17;29.00;84300.00;41.00;1008.41;267;133;2.56;1;58.47;23.00
2025-10-12 13:36:18;29.00;84384.00;41.00;1008.39;267;133;2.56;1;58.47;23.00
2025-10-12 13:36:19;29.00;84810.00;41.00;1008.39;267;133;2.56;1;58.47;23.00
2025-10-12 13:36:20;29.01;84300.00;41.00;1008.37;272;136;2.67;1;58.47;23.01
2025-10-12 13:36:21;29.00;84131.00;41.00;1008.39;272;136;2.67;1;58.47;23.00
2025-10-12 13:36:22;29.01;83963.00;41.00;1008.41;272;136;2.67;1;58.47;23.01
2025-10-12 13:36:23;29.01;83879.00;41.00;1008.37;277;138;2.79;1;58.47;23.01
2025-10-12 13:36:24;29.01;83629.00;41.00;1008.41;277;138;2.79;1;58.47;23.01
2025-10-12 13:36:25;29.01;84047.00;41.00;1008.39;277;138;2.79;1;58.47;23.01
2025-10-12 13:36:26;29.01;84047.00;41.00;1008.39;276;139;2.82;1;58.47;23.01
2025-10-12 13:36:27;29.02;84047.00;41.00;1008.39;276;139;2.82;1;58.47;23.02
2025-10-12 13:36:28;29.02;84047.00;41.00;1008.39;276;139;2.82;1;58.47;23.02
2025-10-12 13:36:29;29.02;83879.00;41.00;1008.39;277;140;2.86;1;58.47;23.02
2025-10-12 13:36:30;29.02;84047.00;41.00;1008.37;277;140;2.86;1;58.47;23.02
2025-10-12 13:36:31;29.03;84215.00;41.00;1008.39;277;140;2.86;1;58.46;23.03
2025-10-12 13:36:32;29.03;84810.00;41.00;1008.39;276;140;2.87;1;58.46;23.03
2025-10-12 13:36:33;29.03;84215.00;41.00;1008.39;276;140;2.87;1;58.46;23.03
2025-10-12 13:36:34;29.03;83795.00;41.00;1008.41;276;140;2.87;1;58.46;23.03
2025-10-12 13:36:35;29.03;84131.00;41.00;1008.37;276;141;2.91;1;58.46;23.03
2025-10-12 13:36:36;29.03;84047.00;41.00;1008.39;276;141;2.91;1;58.46;23.03
2025-10-12 13:36:37;29.03;84300.00;41.00;1008.37;276;141;2.91;1;58.46;23.03
2025-10-12 13:36:38;29.04;84384.00;41.00;1008.39;271;140;2.84;1;58.46;23.04
2025-10-12 13:36:39;29.04;83879.00;41.00;1008.37;271;140;2.84;1;58.46;23.04
2025-10-12 13:36:40;29.04;84554.00;41.00;1008.39;271;140;2.84;1;58.46;23.04
2025-10-12 13:36:41;29.05;84810.00;41.00;1008.41;267;138;2.79;1;58.46;23.05
2025-10-12 13:36:42;29.04;84725.00;41.00;1008.37;267;138;2.79;1;58.46;23.04
2025-10-12 13:36:43;29.05;84896.00;41.00;1008.37;267;138;2.79;1;58.46;23.05
2025-10-12 13:36:44;29.05;84131.00;41.00;1008.37;265;138;2.79;1;58.46;23.05
2025-10-12 13:36:45;29.05;84982.00;41.00;1008.39;265;138;2.79;1;58.46;23.05
2025-10-12 13:36:46;29.05;85327.00;41.00;1008.39;265;138;2.79;1;58.46;23.05
2025-10-12 13:36:47;29.04;85240.00;41.00;1008.37;261;137;2.74;1;58.46;23.04
2025-10-12 13:36:48;29.05;85154.00;41.00;1008.37;261;137;2.74;1;58.46;23.05
2025-10-12 13:36:49;29.06;85068.00;41.00;1008.39;261;137;2.74;1;58.46;23.06
2025-10-12 13:36:50;29.06;85500.00;41.00;1008.37;256;135;2.66;1;58.46;23.06
2025-10-12 13:36:51;29.06;84725.00;41.00;1008.37;256;135;2.66;1;58.46;23.06
2025-10-12 13:36:52;29.06;85327.00;41.00;1008.41;256;135;2.66;1;58.46;23.06
2025-10-12 13:36:53;29.06;84896.00;41.00;1008.37;251;134;2.60;1;58.46;23.06
2025-10-12 13:36:54;29.06;85068.00;41.00;1008.37;251;134;2.60;1;58.46;23.06
2025-10-12 13:36:55;29.06;85500.00;41.00;1008.37;251;134;2.60;1;58.46;23.06
2025-10-12 13:36:56;29.07;85587.00;41.00;1008.39;248;132;2.53;1;58.46;23.07
2025-10-12 13:36:57;29.07;85850.00;41.00;1008.39;248;132;2.53;1;58.46;23.07
2025-10-12 13:36:58;29.07;85938.00;41.00;1008.39;248;132;2.53;1;58.46;23.07
2025-10-12 13:36:59;29.07;85154.00;41.00;1008.37;246;131;2.50;1;58.46;23.07
2025-10-12 13:37:00;29.07;85587.00;41.00;1008.37;246;131;2.50;1;58.46;23.07
2025-10-12 13:37:01;29.08;85587.00;41.00;1008.37;246;131;2.50;1;58.46;23.08
2025-10-12 13:37:02;29.08;86114.00;41.00;1008.37;241;129;2.41;1;58.46;23.08
2025-10-12 13:37:03;29.08;85850.00;41.00;1008.37;241;129;2.41;1;58.46;23.08
2025-10-12 13:37:04;29.08;85762.00;41.00;1008.39;241;129;2.41;1;58.46;23.08
2025-10-12 13:37:05;29.08;86290.00;41.00;1008.37;238;128;2.37;1;58.46;23.08
2025-10-12 13:37:06;29.08;86290.00;41.00;1008.37;238;128;2.37;1;58.46;23.08
2025-10-12 13:37:07;29.09;86025.00;41.00;1008.39;238;128;2.37;1;58.46;23.09
2025-10-12 13:37:08;29.09;87367.00;41.00;1008.39;231;124;2.24;1;58.46;23.09
2025-10-12 13:37:09;29.09;85938.00;41.00;1008.39;231;124;2.24;1;58.46;23.09
2025-10-12 13:37:10;29.09;86379.00;41.00;1008.39;231;124;2.24;1;58.46;23.09
2025-10-12 13:37:11;29.09;86290.00;41.00;1008.39;230;124;2.24;1;58.46;23.09
2025-10-12 13:37:12;29.09;86379.00;41.00;1008.39;230;124;2.24;1;58.46;23.09
2025-10-12 13:37:13;29.09;86202.00;41.00;1008.39;230;124;2.24;1;58.46;23.09
2025-10-12 13:37:14;29.10;85938.00;41.00;1008.37;231;124;2.24;1;58.45;23.10
2025-10-12 13:37:15;29.10;86468.00;41.00;1008.37;231;124;2.24;1;58.45;23.10
2025-10-12 13:37:16;29.10;85587.00;41.00;1008.37;231;124;2.24;1;58.45;23.10
2025-10-12 13:37:17;29.10;86825.00;41.00;1008.37;227;122;2.18;1;58.45;23.10
2025-10-12 13:37:18;29.10;86202.00;41.00;1008.37;227;122;2.18;1;58.45;23.10
2025-10-12 13:37:19;29.10;86379.00;41.00;1008.39;227;122;2.18;1;58.45;23.10
2025-10-12 13:37:20;29.11;86202.00;41.00;1008.39;227;122;2.18;1;58.45;23.11
2025-10-12 13:37:21;29.11;86557.00;41.00;1008.39;227;122;2.18;1;58.45;23.11
2025-10-12 13:37:22;29.11;86290.00;41.00;1008.39;227;122;2.18;1;58.45;23.11
2025-10-12 13:37:23;29.11;86468.00;41.00;1008.39;227;122;2.18;1;58.45;23.11
2025-10-12 13:37:24;29.11;86114.00;41.00;1008.39;226;121;2.16;1;58.45;23.11
2025-10-12 13:37:25;29.12;86646.00;41.00;1008.39;226;121;2.16;1;58.45;23.12
2025-10-12 13:37:26;29.12;86290.00;41.00;1008.37;226;121;2.16;1;58.45;23.12
2025-10-12 13:37:27;29.12;86736.00;41.00;1008.37;225;121;2.15;1;58.45;23.12
2025-10-12 13:37:28;29.12;86825.00;41.00;1008.37;225;121;2.15;1;58.45;23.12
2025-10-12 13:37:29;29.12;87186.00;41.00;1008.37;225;121;2.15;1;58.45;23.12
2025-10-12 13:37:30;29.13;86825.00;41.00;1008.37;221;119;2.09;1;58.45;23.13
2025-10-12 13:37:31;29.13;86646.00;41.00;1008.37;221;119;2.09;1;58.45;23.13
2025-10-12 13:37:32;29.13;87549.00;41.00;1008.43;221;119;2.09;1;58.45;23.13
2025-10-12 13:37:33;29.13;86468.00;41.00;1008.43;217;117;2.03;1;58.45;23.13
2025-10-12 13:37:34;29.13;87005.00;41.00;1008.43;217;117;2.03;1;58.45;23.13
2025-10-12 13:37:35;29.13;86915.00;41.00;1008.43;217;117;2.03;1;58.45;23.13
2025-10-12 13:37:36;29.13;87005.00;41.00;1008.41;216;117;2.02;1;58.45;23.13
2025-10-12 13:37:37;29.13;87276.00;41.00;1008.43;216;117;2.02;1;58.45;23.13
2025-10-12 13:37:38;29.13;86825.00;41.00;1008.43;216;117;2.02;1;58.45;23.13
2025-10-12 13:37:39;29.13;87005.00;41.00;1008.41;216;117;2.01;1;58.45;23.13
2025-10-12 13:37:40;29.14;86915.00;41.00;1008.41;216;117;2.01;1;58.45;23.14
2025-10-12 13:37:41;29.14;87549.00;41.00;1008.41;216;117;2.01;1;58.45;23.14
2025-10-12 13:37:42;29.13;87549.00;41.00;1008.41;213;115;1.97;1;58.45;23.13
2025-10-12 13:37:43;29.14;87005.00;41.00;1008.41;213;115;1.97;1;58.45;23.14
2025-10-12 13:37:44;29.14;87186.00;41.00;1008.41;213;115;1.97;1;58.45;23.14
2025-10-12 13:37:45;29.14;86468.00;41.00;1008.41;212;115;1.96;1;58.45;23.14
2025-10-12 13:37:46;29.14;87095.00;41.00;1008.41;212;115;1.96;1;58.45;23.14
2025-10-12 13:37:47;29.14;87276.00;41.00;1008.41;212;115;1.96;1;58.45;23.14
2025-10-12 13:37:48;29.14;87549.00;41.00;1008.39;211;114;1.94;1;58.45;23.14
2025-10-12 13:37:49;29.15;87367.00;41.00;1008.41;211;114;1.94;1;58.45;23.15
2025-10-12 13:37:50;29.15;87367.00;41.00;1008.41;211;114;1.94;1;58.45;23.15
2025-10-12 13:37:51;29.15;87276.00;41.00;1008.41;210;114;1.93;1;58.45;23.15
2025-10-12 13:37:52;29.16;86825.00;41.00;1008.43;210;114;1.93;1;58.44;23.16
2025-10-12 13:37:53;29.16;87005.00;41.00;1008.41;210;114;1.93;1;58.44;23.16
2025-10-12 13:37:54;29.15;87367.00;41.00;1008.41;210;114;1.93;1;58.45;23.15
2025-10-12 13:37:55;29.16;87640.00;41.00;1008.41;210;114;1.93;1;58.44;23.16
2025-10-12 13:37:56;29.16;87915.00;41.00;1008.41;210;114;1.93;1;58.44;23.16
2025-10-12 13:37:57;29.15;88751.00;41.00;1008.39;208;113;1.89;1;58.45;23.15
2025-10-12 13:37:58;29.16;89033.00;41.00;1008.41;208;113;1.89;1;58.44;23.16
2025-10-12 13:37:59;29.16;88751.00;41.00;1008.41;208;113;1.89;1;58.44;23.16
2025-10-12 13:38:00;29.16;89890.00;41.00;1008.41;202;110;1.81;1;58.44;23.16
2025-10-12 13:38:01;29.16;89317.00;41.00;1008.41;202;110;1.81;1;58.44;23.16
2025-10-12 13:38:02;29.17;90082.00;41.00;1008.41;202;110;1.81;1;58.44;23.17
2025-10-12 13:38:03;29.16;89698.00;41.00;1008.39;193;106;1.70;1;58.44;23.16
2025-10-12 13:38:04;29.16;89986.00;41.00;1008.41;193;106;1.70;1;58.44;23.16
2025-10-12 13:38:05;29.17;90373.00;41.00;1008.41;193;106;1.70;1;58.44;23.17
2025-10-12 13:38:06;29.17;89412.00;41.00;1008.41;186;102;1.62;1;58.44;23.17
2025-10-12 13:38:07;29.17;88470.00;41.00;1008.41;186;102;1.62;1;58.44;23.17
2025-10-12 13:38:08;29.17;86468.00;41.00;1008.41;186;102;1.62;1;58.44;23.17
2025-10-12 13:38:09;29.18;83712.00;41.00;1008.41;196;107;1.73;1;58.44;23.18
2025-10-12 13:38:10;29.17;82399.00;41.00;1008.41;196;107;1.73;1;58.44;23.17
2025-10-12 13:38:11;29.18;81362.00;42.00;1008.41;196;107;1.73;1;59.87;23.18
2025-10-12 13:38:12;29.18;80814.00;42.00;1008.41;220;119;2.07;1;59.87;23.18
2025-10-12 13:38:13;29.17;80274.00;42.00;1008.41;220;119;2.07;1;59.87;23.17
2025-10-12 13:38:14;29.17;80659.00;42.00;1008.39;220;119;2.07;1;59.87;23.17
2025-10-12 13:38:15;29.18;79892.00;42.00;1008.41;240;128;2.40;1;59.87;23.18
2025-10-12 13:38:16;29.18;79665.00;42.00;1008.39;240;128;2.40;1;59.87;23.18
2025-10-12 13:38:17;29.18;79515.00;42.00;1008.39;240;128;2.40;1;59.87;23.18
2025-10-12 13:38:18;29.18;79590.00;42.00;1008.37;258;138;2.76;1;59.87;23.18
2025-10-12 13:38:19;29.18;79968.00;42.00;1008.39;258;138;2.76;1;59.87;23.18
2025-10-12 13:38:20;29.18;79439.00;42.00;1008.37;258;138;2.76;1;59.87;23.18
2025-10-12 13:38:21;29.19;79140.00;42.00;1008.37;269;144;3.02;1;59.87;23.19
2025-10-12 13:38:22;29.19;78843.00;42.00;1008.41;269;144;3.02;1;59.87;23.19
2025-10-12 13:38:23;29.19;79741.00;42.00;1008.41;269;144;3.02;1;59.87;23.19
2025-10-12 13:38:24;29.19;78917.00;42.00;1008.39;278;149;3.27;1;59.87;23.19
2025-10-12 13:38:25;29.20;78696.00;42.00;1008.39;278;149;3.27;1;59.86;23.20
2025-10-12 13:38:26;29.20;78622.00;42.00;1008.39;278;149;3.27;1;59.86;23.20
2025-10-12 13:38:27;29.19;77966.00;42.00;1008.39;283;152;3.43;1;59.87;23.19
2025-10-12 13:38:28;29.20;78256.00;42.00;1008.39;283;152;3.43;1;59.86;23.20
2025-10-12 13:38:29;29.20;78183.00;42.00;1008.39;283;152;3.43;1;59.86;23.20
2025-10-12 13:38:30;29.21;77391.00;42.00;1008.41;294;158;3.77;1;59.86;23.21
2025-10-12 13:38:31;29.21;76966.00;42.00;1008.41;294;158;3.77;1;59.86;23.21
2025-10-12 13:38:32;29.21;76825.00;42.00;1008.41;294;158;3.77;1;59.86;23.21
2025-10-12 13:38:33;29.21;76545.00;42.00;1008.41;300;162;3.98;1;59.86;23.21
2025-10-12 13:38:34;29.22;76685.00;42.00;1008.41;300;162;3.98;1;59.86;23.22
2025-10-12 13:38:35;29.22;76896.00;42.00;1008.39;300;162;3.98;1;59.86;23.22
2025-10-12 13:38:36;29.22;77249.00;42.00;1008.41;304;165;4.17;1;59.86;23.22
2025-10-12 13:38:37;29.22;76337.00;42.00;1008.39;304;165;4.17;1;59.86;23.22
2025-10-12 13:38:38;29.23;76615.00;42.00;1008.39;304;165;4.17;1;59.86;23.23
2025-10-12 13:38:39;29.23;76337.00;42.00;1008.43;304;166;4.22;1;59.86;23.23
2025-10-12 13:38:40;29.23;76060.00;42.00;1008.41;304;166;4.22;1;59.86;23.23
2025-10-12 13:38:41;29.23;76268.00;42.00;1008.41;304;166;4.22;1;59.86;23.23
2025-10-12 13:38:42;29.23;76268.00;42.00;1008.41;308;169;4.42;1;59.86;23.23
2025-10-12 13:38:43;29.23;76685.00;42.00;1008.41;308;169;4.42;1;59.86;23.23
2025-10-12 13:38:44;29.23;75992.00;42.00;1008.41;308;169;4.42;1;59.86;23.23
2025-10-12 13:38:45;29.23;75311.00;42.00;1008.41;312;171;4.60;1;59.86;23.23
2025-10-12 13:38:46;29.23;75923.00;42.00;1008.39;312;171;4.60;1;59.86;23.23
2025-10-12 13:38:47;29.24;76268.00;42.00;1008.39;312;171;4.60;1;59.86;23.24
2025-10-12 13:38:48;29.24;76545.00;42.00;1008.39;311;172;4.63;1;59.86;23.24
2025-10-12 13:38:49;29.25;75855.00;42.00;1008.39;311;172;4.63;1;59.86;23.25
2025-10-12 13:38:50;29.25;76129.00;42.00;1008.39;311;172;4.63;1;59.86;23.25
2025-10-12 13:38:51;29.25;75650.00;42.00;1008.43;314;174;4.79;1;59.86;23.25
2025-10-12 13:38:52;29.25;75786.00;43.00;1008.41;314;174;4.79;1;61.28;23.25
2025-10-12 13:38:53;29.25;75992.00;43.00;1008.41;314;174;4.79;1;61.28;23.25
2025-10-12 13:38:54;29.25;76476.00;43.00;1008.39;312;174;4.79;1;61.28;23.25
2025-10-12 13:38:55;29.26;76268.00;43.00;1008.41;312;174;4.79;1;61.28;23.26
2025-10-12 13:38:56;29.26;75718.00;43.00;1008.41;312;174;4.79;1;61.28;23.26
2025-10-12 13:38:57;29.26;75582.00;43.00;1008.39;310;174;4.79;1;61.28;23.26
2025-10-12 13:38:58;29.26;76337.00;43.00;1008.39;310;174;4.79;1;61.28;23.26
2025-10-12 13:38:59;29.26;76198.00;43.00;1008.39;310;174;4.79;1;61.28;23.26
2025-10-12 13:39:00;29.27;75786.00;43.00;1008.39;310;174;4.81;1;61.28;23.27
2025-10-12 13:39:01;29.26;75514.00;43.00;1008.37;310;174;4.81;1;61.28;23.26
2025-10-12 13:39:02;29.26;75446.00;43.00;1008.37;310;174;4.81;1;61.28;23.26
2025-10-12 13:39:03;29.26;75992.00;43.00;1008.37;308;174;4.82;1;61.28;23.26
2025-10-12 13:39:04;29.27;76060.00;43.00;1008.35;308;174;4.82;1;61.28;23.27
2025-10-12 13:39:05;29.27;75718.00;43.00;1008.37;308;174;4.82;1;61.28;23.27
2025-10-12 13:39:06;29.27;76337.00;43.00;1008.39;303;172;4.67;1;61.28;23.27
2025-10-12 13:39:07;29.27;75514.00;43.00;1008.37;303;172;4.67;1;61.28;23.27
2025-10-12 13:39:08;29.27;75786.00;43.00;1008.37;303;172;4.67;1;61.28;23.27
2025-10-12 13:39:09;29.28;76198.00;43.00;1008.37;298;171;4.56;1;61.28;23.28
2025-10-12 13:39:10;29.27;75718.00;43.00;1008.37;298;171;4.56;1;61.28;23.27
2025-10-12 13:39:11;29.27;76406.00;43.00;1008.37;298;171;4.56;1;61.28;23.27
2025-10-12 13:39:12;29.28;75650.00;43.00;1008.37;297;171;4.57;1;61.28;23.28
2025-10-12 13:39:13;29.28;75786.00;43.00;1008.37;297;171;4.57;1;61.28;23.28
2025-10-12 13:39:14;29.28;75582.00;43.00;1008.35;297;171;4.57;1;61.28;23.28
2025-10-12 13:39:15;29.28;76896.00;43.00;1008.37;292;169;4.45;1;61.28;23.28
2025-10-12 13:39:16;29.28;76755.00;43.00;1008.35;292;169;4.45;1;61.28;23.28
2025-10-12 13:39:17;29.28;76406.00;43.00;1008.35;292;169;4.45;1;61.28;23.28
2025-10-12 13:39:18;29.28;76337.00;43.00;1008.37;289;168;4.38;1;61.28;23.28
2025-10-12 13:39:19;29.28;76060.00;43.00;1008.37;289;168;4.38;1;61.28;23.28
2025-10-12 13:39:20;29.28;76476.00;43.00;1008.37;289;168;4.38;1;61.28;23.28
2025-10-12 13:39:21;29.29;76825.00;43.00;1008.37;284;167;4.28;1;61.27;23.29
2025-10-12 13:39:22;29.29;75992.00;43.00;1008.39;284;167;4.28;1;61.27;23.29
2025-10-12 13:39:23;29.29;76198.00;43.00;1008.37;284;167;4.28;1;61.27;23.29
2025-10-12 13:39:24;29.29;76685.00;43.00;1008.39;282;166;4.24;1;61.27;23.29
2025-10-12 13:39:25;29.29;76268.00;43.00;1008.37;282;166;4.24;1;61.27;23.29
2025-10-12 13:39:26;29.29;76198.00;43.00;1008.39;282;166;4.24;1;61.27;23.29
2025-10-12 13:39:27;29.29;76896.00;43.00;1008.37;278;165;4.15;1;61.27;23.29
2025-10-12 13:39:28;29.29;76476.00;43.00;1008.37;278;165;4.15;1;61.27;23.29
2025-10-12 13:39:29;29.29;77749.00;43.00;1008.39;278;165;4.15;1;61.27;23.29
2025-10-12 13:39:30;29.29;76896.00;43.00;1008.37;274;163;4.07;1;61.27;23.29
2025-10-12 13:39:31;29.29;76896.00;43.00;1008.39;274;163;4.07;1;61.27;23.29
2025-10-12 13:39:32;29.29;76825.00;43.00;1008.39;274;163;4.07;1;61.27;23.29
2025-10-12 13:39:33;29.30;76615.00;43.00;1008.37;273;164;4.08;1;61.27;23.30
2025-10-12 13:39:34;29.29;76685.00;43.00;1008.37;273;164;4.08;1;61.27;23.29
2025-10-12 13:39:35;29.29;76615.00;43.00;1008.37;273;164;4.08;1;61.27;23.29
2025-10-12 13:39:36;29.30;77391.00;43.00;1008.37;268;161;3.95;1;61.27;23.30
2025-10-12 13:39:37;29.30;76755.00;43.00;1008.37;268;161;3.95;1;61.27;23.30
2025-10-12 13:39:38;29.30;77320.00;43.00;1008.35;268;161;3.95;1;61.27;23.30
2025-10-12 13:39:39;29.30;77107.00;43.00;1008.37;265;160;3.88;1;61.27;23.30
2025-10-12 13:39:40;29.30;76406.00;43.00;1008.37;265;160;3.88;1;61.27;23.30
2025-10-12 13:39:41;29.30;76545.00;43.00;1008.37;265;160;3.88;1;61.27;23.30
2025-10-12 13:39:42;29.30;76825.00;43.00;1008.35;263;160;3.87;1;61.27;23.30
2025-10-12 13:39:43;29.30;76896.00;43.00;1008.35;263;160;3.87;1;61.27;23.30
2025-10-12 13:39:44;29.30;77037.00;43.00;1008.35;263;160;3.87;1;61.27;23.30
2025-10-12 13:39:45;29.30;76685.00;43.00;1008.35;263;160;3.87;1;61.27;23.30
2025-10-12 13:39:46;29.30;76825.00;43.00;1008.37;262;160;3.87;2;61.27;23.30
2025-10-12 13:39:47;29.31;77037.00;43.00;1008.35;262;160;3.87;2;61.27;23.31
2025-10-12 13:39:48;29.31;76966.00;43.00;1008.37;262;160;3.87;2;61.27;23.31
2025-10-12 13:39:49;29.31;77821.00;43.00;1008.37;259;159;3.82;2;61.27;23.31
2025-10-12 13:39:50;29.31;77677.00;43.00;1008.35;259;159;3.82;2;61.27;23.31
2025-10-12 13:39:51;29.30;76685.00;43.00;1008.37;259;159;3.82;2;61.27;23.30
2025-10-12 13:39:52;29.31;77606.00;43.00;1008.37;258;159;3.83;2;61.27;23.31
2025-10-12 13:39:53;29.31;76966.00;43.00;1008.37;258;159;3.83;2;61.27;23.31
2025-10-12 13:39:54;29.31;77320.00;43.00;1008.37;258;159;3.83;2;61.27;23.31
2025-10-12 13:39:55;29.31;77320.00;43.00;1008.37;255;158;3.75;2;61.27;23.31
2025-10-12 13:39:56;29.31;77749.00;43.00;1008.37;255;158;3.75;2;61.27;23.31
2025-10-12 13:39:57;29.31;77320.00;43.00;1008.37;255;158;3.75;2;61.27;23.31
2025-10-12 13:39:58;29.31;78329.00;43.00;1008.37;252;157;3.69;2;61.27;23.31
2025-10-12 13:39:59;29.31;77534.00;43.00;1008.37;252;157;3.69;2;61.27;23.31
2025-10-12 13:40:00;29.31;77534.00;43.00;1008.37;252;157;3.69;2;61.27;23.31
2025-10-12 13:40:01;29.31;77966.00;43.00;1008.37;249;156;3.62;2;61.27;23.31
2025-10-12 13:40:02;29.31;77320.00;43.00;1008.37;249;156;3.62;2;61.27;23.31
2025-10-12 13:40:03;29.31;77463.00;43.00;1008.37;249;156;3.62;2;61.27;23.31
2025-10-12 13:40:04;29.31;77534.00;43.00;1008.37;248;155;3.57;2;61.27;23.31
2025-10-12 13:40:05;29.32;77606.00;43.00;1008.37;248;155;3.57;2;61.27;23.32
2025-10-12 13:40:06;29.32;78110.00;43.00;1008.37;248;155;3.57;2;61.27;23.32
2025-10-12 13:40:07;29.31;77606.00;43.00;1008.35;245;153;3.47;2;61.27;23.31
2025-10-12 13:40:08;29.31;77606.00;43.00;1008.37;245;153;3.47;2;61.27;23.31
2025-10-12 13:40:09;29.31;77606.00;43.00;1008.37;245;153;3.47;2;61.27;23.31
2025-10-12 13:40:10;29.31;77821.00;43.00;1008.37;244;152;3.45;2;61.27;23.31
2025-10-12 13:40:11;29.32;77463.00;43.00;1008.37;244;152;3.45;2;61.27;23.32
2025-10-12 13:40:12;29.32;78475.00;43.00;1008.35;244;152;3.45;2;61.27;23.32
2025-10-12 13:40:13;29.32;78038.00;43.00;1008.37;241;150;3.34;2;61.27;23.32
2025-10-12 13:40:14;29.32;77749.00;43.00;1008.35;241;150;3.34;2;61.27;23.32
2025-10-12 13:40:15;29.32;78548.00;43.00;1008.35;241;150;3.34;2;61.27;23.32
2025-10-12 13:40:16;29.32;77606.00;43.00;1008.35;240;150;3.33;2;61.27;23.32
2025-10-12 13:40:17;29.32;78475.00;42.00;1008.37;240;150;3.33;2;59.84;23.32
2025-10-12 13:40:18;29.32;77821.00;42.00;1008.35;240;150;3.33;2;59.84;23.32
2025-10-12 13:40:19;29.32;78696.00;43.00;1008.37;241;150;3.34;2;61.27;23.32
2025-10-12 13:40:20;29.32;78475.00;42.00;1008.35;241;150;3.34;2;59.84;23.32
2025-10-12 13:40:21;29.32;78038.00;43.00;1008.35;241;150;3.34;2;61.27;23.32
2025-10-12 13:40:22;29.32;78038.00;43.00;1008.35;238;149;3.27;2;61.27;23.32
2025-10-12 13:40:23;29.32;78548.00;43.00;1008.33;238;149;3.27;2;61.27;23.32
2025-10-12 13:40:24;29.32;77893.00;42.00;1008.33;238;149;3.27;2;59.84;23.32
2025-10-12 13:40:25;29.32;78183.00;42.00;1008.35;239;149;3.29;2;59.84;23.32
2025-10-12 13:40:26;29.32;78183.00;43.00;1008.35;239;149;3.29;2;61.27;23.32
2025-10-12 13:40:27;29.32;78038.00;42.00;1008.33;239;149;3.29;2;59.84;23.32
2025-10-12 13:40:28;29.32;78475.00;42.00;1008.35;236;147;3.20;2;59.84;23.32
2025-10-12 13:40:29;29.32;78256.00;42.00;1008.35;236;147;3.20;2;59.84;23.32
2025-10-12 13:40:30;29.32;78622.00;42.00;1008.35;236;147;3.20;2;59.84;23.32
2025-10-12 13:40:31;29.33;78183.00;42.00;1008.33;235;147;3.18;2;59.84;23.33
2025-10-12 13:40:32;29.32;78329.00;42.00;1008.35;235;147;3.18;2;59.84;23.32
2025-10-12 13:40:33;29.32;78475.00;42.00;1008.33;235;147;3.18;2;59.84;23.32
2025-10-12 13:40:34;29.32;78475.00;42.00;1008.33;234;146;3.16;2;59.84;23.32
2025-10-12 13:40:35;29.32;78256.00;42.00;1008.33;234;146;3.16;2;59.84;23.32
2025-10-12 13:40:36;29.33;78475.00;42.00;1008.35;234;146;3.16;2;59.84;23.33
2025-10-12 13:40:37;29.33;78475.00;42.00;1008.35;234;147;3.16;2;59.84;23.33
2025-10-12 13:40:38;29.33;79066.00;42.00;1008.31;234;147;3.16;2;59.84;23.33
2025-10-12 13:40:39;29.33;78402.00;42.00;1008.35;234;147;3.16;2;59.84;23.33
2025-10-12 13:40:40;29.33;78622.00;42.00;1008.35;235;147;3.17;2;59.84;23.33
2025-10-12 13:40:41;29.32;78548.00;42.00;1008.33;235;147;3.17;2;59.84;23.32
2025-10-12 13:40:42;29.32;78696.00;42.00;1008.33;235;147;3.17;2;59.84;23.32
2025-10-12 13:40:43;29.32;79364.00;42.00;1008.33;234;146;3.15;2;59.84;23.32
2025-10-12 13:40:44;29.32;78548.00;42.00;1008.31;234;146;3.15;2;59.84;23.32
2025-10-12 13:40:45;29.32;79289.00;42.00;1008.31;234;146;3.15;2;59.84;23.32
2025-10-12 13:40:46;29.32;78991.00;42.00;1008.31;232;145;3.09;2;59.84;23.32
2025-10-12 13:40:47;29.33;79066.00;42.00;1008.35;232;145;3.09;2;59.84;23.33
2025-10-12 13:40:48;29.32;78991.00;42.00;1008.31;232;145;3.09;2;59.84;23.32
2025-10-12 13:40:49;29.32;78696.00;42.00;1008.31;230;144;3.04;2;59.84;23.32
2025-10-12 13:40:50;29.33;79439.00;42.00;1008.33;230;144;3.04;2;59.84;23.33
2025-10-12 13:40:51;29.33;78843.00;42.00;1008.35;230;144;3.04;2;59.84;23.33
2025-10-12 13:40:52;29.33;78991.00;42.00;1008.35;229;144;3.02;2;59.84;23.33
2025-10-12 13:40:53;29.33;78991.00;42.00;1008.33;229;144;3.02;2;59.84;23.33
2025-10-12 13:40:54;29.32;79066.00;42.00;1008.31;229;144;3.02;2;59.84;23.32
2025-10-12 13:40:55;29.32;78917.00;42.00;1008.31;225;141;2.92;2;59.84;23.32
2025-10-12 13:40:56;29.32;79140.00;42.00;1008.33;225;141;2.92;2;59.84;23.32
2025-10-12 13:40:57;29.32;79515.00;42.00;1008.31;225;141;2.92;2;59.84;23.32
2025-10-12 13:40:58;29.33;79289.00;42.00;1008.35;226;142;2.94;3;59.84;23.33
2025-10-12 13:40:59;29.33;79741.00;42.00;1008.33;226;142;2.94;3;59.84;23.33
2025-10-12 13:41:00;29.33;80197.00;42.00;1008.33;226;142;2.94;3;59.84;23.33
2025-10-12 13:41:01;29.33;79364.00;42.00;1008.35;225;141;2.91;3;59.84;23.33
2025-10-12 13:41:02;29.32;79515.00;42.00;1008.33;225;141;2.91;3;59.84;23.32
2025-10-12 13:41:03;29.32;79215.00;42.00;1008.33;225;141;2.91;3;59.84;23.32
2025-10-12 13:41:04;29.33;79439.00;42.00;1008.33;226;142;2.95;3;59.84;23.33
2025-10-12 13:41:05;29.33;79066.00;42.00;1008.33;226;142;2.95;3;59.84;23.33
2025-10-12 13:41:06;29.33;79515.00;42.00;1008.35;226;142;2.95;3;59.84;23.33
2025-10-12 13:41:07;29.32;79817.00;42.00;1008.31;226;142;2.94;3;59.84;23.32
2025-10-12 13:41:08;29.33;79289.00;42.00;1008.35;226;142;2.94;3;59.84;23.33
2025-10-12 13:41:09;29.33;79289.00;42.00;1008.35;226;142;2.94;3;59.84;23.33
2025-10-12 13:41:10;29.33;78769.00;42.00;1008.33;226;141;2.93;3;59.84;23.33
2025-10-12 13:41:11;29.33;79817.00;42.00;1008.35;226;141;2.93;3;59.84;23.33
2025-10-12 13:41:12;29.33;80274.00;42.00;1008.35;226;141;2.93;3;59.84;23.33
2025-10-12 13:41:13;29.33;80197.00;42.00;1008.33;222;140;2.85;3;59.84;23.33
2025-10-12 13:41:14;29.33;79515.00;42.00;1008.35;222;140;2.85;3;59.84;23.33
2025-10-12 13:41:15;29.33;79590.00;42.00;1008.35;222;140;2.85;3;59.84;23.33
2025-10-12 13:41:16;29.33;80351.00;42.00;1008.35;223;140;2.86;3;59.84;23.33
2025-10-12 13:41:17;29.33;79817.00;42.00;1008.35;223;140;2.86;3;59.84;23.33
2025-10-12 13:41:18;29.33;79741.00;42.00;1008.35;223;140;2.86;3;59.84;23.33
2025-10-12 13:41:19;29.33;80197.00;42.00;1008.35;223;140;2.86;3;59.84;23.33
2025-10-12 13:41:20;29.33;79817.00;42.00;1008.35;223;140;2.86;3;59.84;23.33
2025-10-12 13:41:21;29.33;79741.00;42.00;1008.35;223;140;2.86;3;59.84;23.33
2025-10-12 13:41:22;29.32;79968.00;42.00;1008.33;223;140;2.87;3;59.84;23.32
2025-10-12 13:41:23;29.33;79741.00;42.00;1008.35;223;140;2.87;3;59.84;23.33
2025-10-12 13:41:24;29.33;79892.00;42.00;1008.35;223;140;2.87;3;59.84;23.33
2025-10-12 13:41:25;29.33;79817.00;42.00;1008.35;222;140;2.85;3;59.84;23.33
2025-10-12 13:41:26;29.33;80737.00;42.00;1008.35;222;140;2.85;3;59.84;23.33
2025-10-12 13:41:27;29.33;79968.00;42.00;1008.35;222;140;2.85;3;59.84;23.33
2025-10-12 13:41:28;29.33;80351.00;42.00;1008.35;221;139;2.80;3;59.84;23.33
2025-10-12 13:41:29;29.33;79968.00;42.00;1008.35;221;139;2.80;3;59.84;23.33
2025-10-12 13:41:30;29.33;80197.00;42.00;1008.35;221;139;2.80;3;59.84;23.33
2025-10-12 13:41:31;29.33;79968.00;42.00;1008.35;220;138;2.77;3;59.84;23.33
2025-10-12 13:41:32;29.33;80505.00;42.00;1008.35;220;138;2.77;3;59.84;23.33
2025-10-12 13:41:33;29.33;80351.00;42.00;1008.35;220;138;2.77;3;59.84;23.33
2025-10-12 13:41:34;29.33;79892.00;42.00;1008.35;218;137;2.74;3;59.84;23.33
2025-10-12 13:41:35;29.33;80582.00;42.00;1008.35;218;137;2.74;3;59.84;23.33
2025-10-12 13:41:36;29.33;79665.00;42.00;1008.35;218;137;2.74;3;59.84;23.33
2025-10-12 13:41:37;29.34;80582.00;42.00;1008.35;217;136;2.71;3;59.84;23.34
2025-10-12 13:41:38;29.33;80659.00;42.00;1008.35;217;136;2.71;3;59.84;23.33
2025-10-12 13:41:39;29.33;80659.00;42.00;1008.35;217;136;2.71;3;59.84;23.33
2025-10-12 13:41:40;29.33;80814.00;42.00;1008.35;216;136;2.68;3;59.84;23.33
2025-10-12 13:41:41;29.33;80428.00;42.00;1008.35;216;136;2.68;3;59.84;23.33
2025-10-12 13:41:42;29.33;80197.00;42.00;1008.35;216;136;2.68;3;59.84;23.33
2025-10-12 13:41:43;29.33;80892.00;42.00;1008.35;217;136;2.71;3;59.84;23.33
2025-10-12 13:41:44;29.33;80814.00;42.00;1008.37;217;136;2.71;3;59.84;23.33
2025-10-12 13:41:45;29.33;80274.00;42.00;1008.37;217;136;2.71;3;59.84;23.33
2025-10-12 13:41:46;29.33;80892.00;42.00;1008.35;217;136;2.71;3;59.84;23.33
2025-10-12 13:41:47;29.33;80970.00;42.00;1008.35;217;136;2.71;3;59.84;23.33
2025-10-12 13:41:48;29.33;80351.00;42.00;1008.35;217;136;2.71;3;59.84;23.33
2025-10-12 13:41:49;29.33;80505.00;42.00;1008.35;215;135;2.67;3;59.84;23.33
2025-10-12 13:41:50;29.33;81283.00;42.00;1008.35;215;135;2.67;3;59.84;23.33
2025-10-12 13:41:51;29.33;80814.00;42.00;1008.35;215;135;2.67;3;59.84;23.33
2025-10-12 13:41:52;29.33;80659.00;42.00;1008.35;215;135;2.66;3;59.84;23.33
2025-10-12 13:41:53;29.33;80970.00;42.00;1008.37;215;135;2.66;3;59.84;23.33
2025-10-12 13:41:54;29.33;81205.00;42.00;1008.35;215;135;2.66;3;59.84;23.33
2025-10-12 13:41:55;29.33;80121.00;42.00;1008.35;216;136;2.69;3;59.84;23.33
2025-10-12 13:41:56;29.33;81441.00;42.00;1008.35;216;136;2.69;3;59.84;23.33
2025-10-12 13:41:57;29.33;81126.00;42.00;1008.35;216;136;2.69;3;59.84;23.33
2025-10-12 13:41:58;29.33;80582.00;42.00;1008.33;216;136;2.68;3;59.84;23.33
2025-10-12 13:41:59;29.33;80351.00;42.00;1008.33;216;136;2.68;3;59.84;23.33
2025-10-12 13:42:00;29.33;80814.00;42.00;1008.35;216;136;2.68;3;59.84;23.33
2025-10-12 13:42:01;29.33;81917.00;42.00;1008.33;211;133;2.58;3;59.84;23.33
2025-10-12 13:42:02;29.33;80814.00;42.00;1008.35;211;133;2.58;3;59.84;23.33
2025-10-12 13:42:03;29.33;81126.00;42.00;1008.35;211;133;2.58;3;59.84;23.33
2025-10-12 13:42:04;29.33;80737.00;42.00;1008.35;212;134;2.59;3;59.84;23.33
2025-10-12 13:42:05;29.33;81283.00;42.00;1008.35;212;134;2.59;3;59.84;23.33
2025-10-12 13:42:06;29.33;81362.00;42.00;1008.35;212;134;2.59;3;59.84;23.33
2025-10-12 13:42:07;29.33;80814.00;42.00;1008.35;212;134;2.59;3;59.84;23.33
2025-10-12 13:42:08;29.33;80814.00;42.00;1008.35;212;134;2.60;3;59.84;23.33
2025-10-12 13:42:09;29.33;80737.00;42.00;1008.33;212;134;2.60;3;59.84;23.33
2025-10-12 13:42:10;29.33;81205.00;42.00;1008.33;212;134;2.60;3;59.84;23.33
2025-10-12 13:42:11;29.33;80814.00;42.00;1008.33;211;133;2.57;3;59.84;23.33
2025-10-12 13:42:12;29.33;81599.00;42.00;1008.33;211;133;2.57;3;59.84;23.33
2025-10-12 13:42:13;29.33;81678.00;42.00;1008.31;211;133;2.57;3;59.84;23.33
2025-10-12 13:42:14;29.32;81678.00;42.00;1008.35;209;132;2.52;3;59.84;23.32
2025-10-12 13:42:15;29.33;80892.00;42.00;1008.35;209;132;2.52;3;59.84;23.33
2025-10-12 13:42:16;29.33;81048.00;42.00;1008.35;209;132;2.52;3;59.84;23.33
2025-10-12 13:42:17;29.33;81599.00;42.00;1008.33;209;132;2.53;3;59.84;23.33
2025-10-12 13:42:18;29.33;81126.00;42.00;1008.35;209;132;2.53;3;59.84;23.33
2025-10-12 13:42:19;29.33;81678.00;42.00;1008.35;209;132;2.53;3;59.84;23.33
2025-10-12 13:42:20;29.33;81758.00;42.00;1008.35;208;131;2.49;3;59.84;23.33
2025-10-12 13:42:21;29.33;81362.00;42.00;1008.33;208;131;2.49;3;59.84;23.33
2025-10-12 13:42:22;29.33;81678.00;42.00;1008.31;208;131;2.49;3;59.84;23.33
2025-10-12 13:42:23;29.32;81599.00;42.00;1008.29;206;130;2.47;3;59.84;23.32
2025-10-12 13:42:24;29.33;80892.00;42.00;1008.33;206;130;2.47;3;59.84;23.33
2025-10-12 13:42:25;29.33;81362.00;42.00;1008.35;206;130;2.47;3;59.84;23.33
2025-10-12 13:42:26;29.33;81441.00;42.00;1008.35;207;130;2.47;3;59.84;23.33
2025-10-12 13:42:27;29.32;81283.00;42.00;1008.31;207;130;2.47;3;59.84;23.32
2025-10-12 13:42:28;29.32;81837.00;42.00;1008.31;207;130;2.47;3;59.84;23.32
2025-10-12 13:42:29;29.32;81599.00;42.00;1008.31;205;130;2.44;3;59.84;23.32
2025-10-12 13:42:30;29.32;81599.00;42.00;1008.31;205;130;2.44;3;59.84;23.32
2025-10-12 13:42:31;29.32;81126.00;42.00;1008.29;205;130;2.44;3;59.84;23.32
2025-10-12 13:42:32;29.32;82077.00;42.00;1008.35;207;130;2.47;3;59.84;23.32
2025-10-12 13:42:33;29.33;81599.00;42.00;1008.33;207;130;2.47;3;59.84;23.33
2025-10-12 13:42:34;29.32;81599.00;42.00;1008.31;207;130;2.47;3;59.84;23.32
2025-10-12 13:42:35;29.32;82238.00;42.00;1008.35;206;130;2.46;3;59.84;23.32
2025-10-12 13:42:36;29.33;81362.00;42.00;1008.33;206;130;2.46;3;59.84;23.33
2025-10-12 13:42:37;29.33;81678.00;42.00;1008.33;206;130;2.46;3;59.84;23.33
2025-10-12 13:42:38;29.33;82886.00;42.00;1008.35;205;129;2.43;3;59.84;23.33
2025-10-12 13:42:39;29.33;82561.00;42.00;1008.33;205;129;2.43;3;59.84;23.33
2025-10-12 13:42:40;29.33;81758.00;42.00;1008.33;205;129;2.43;3;59.84;23.33
2025-10-12 13:42:41;29.33;82077.00;42.00;1008.29;204;129;2.42;3;59.84;23.33
2025-10-12 13:42:42;29.33;82157.00;42.00;1008.31;204;129;2.42;3;59.84;23.33
2025-10-12 13:42:43;29.33;81599.00;42.00;1008.35;204;129;2.42;3;59.84;23.33
2025-10-12 13:42:44;29.33;82723.00;42.00;1008.29;203;128;2.39;3;59.84;23.33
2025-10-12 13:42:45;29.32;81599.00;42.00;1008.35;203;128;2.39;3;59.84;23.32
2025-10-12 13:42:46;29.33;81758.00;42.00;1008.33;203;128;2.39;3;59.84;23.33
2025-10-12 13:42:47;29.33;81520.00;42.00;1008.33;203;128;2.39;3;59.84;23.33
2025-10-12 13:42:48;29.33;82077.00;42.00;1008.31;203;128;2.39;3;59.84;23.33
2025-10-12 13:42:49;29.32;81837.00;42.00;1008.31;203;128;2.39;3;59.84;23.32
2025-10-12 13:42:50;29.32;82399.00;42.00;1008.35;203;128;2.38;3;59.84;23.32
2025-10-12 13:42:51;29.33;81599.00;42.00;1008.33;203;128;2.38;3;59.84;23.33
2025-10-12 13:42:52;29.32;81917.00;42.00;1008.31;203;128;2.38;3;59.84;23.32
2025-10-12 13:42:53;29.32;82238.00;42.00;1008.31;202;128;2.38;3;59.84;23.32
2025-10-12 13:42:54;29.32;82480.00;42.00;1008.31;202;128;2.38;3;59.84;23.32
2025-10-12 13:42:55;29.32;82157.00;42.00;1008.31;202;128;2.38;3;59.84;23.32
2025-10-12 13:42:56;29.32;82157.00;42.00;1008.31;198;126;2.30;3;59.84;23.32
2025-10-12 13:42:57;29.32;81997.00;42.00;1008.31;198;126;2.30;3;59.84;23.32
2025-10-12 13:42:58;29.32;82077.00;42.00;1008.31;198;126;2.30;3;59.84;23.32
2025-10-12 13:42:59;29.32;82480.00;42.00;1008.31;199;126;2.31;3;59.84;23.32
2025-10-12 13:43:00;29.32;82805.00;42.00;1008.31;199;126;2.31;3;59.84;23.32
2025-10-12 13:43:01;29.32;82077.00;42.00;1008.33;199;126;2.31;3;59.84;23.32
2025-10-12 13:43:02;29.32;81997.00;42.00;1008.33;196;124;2.25;3;59.84;23.32
2025-10-12 13:43:03;29.32;82480.00;42.00;1008.31;196;124;2.25;3;59.84;23.32
2025-10-12 13:43:04;29.32;82723.00;42.00;1008.31;196;124;2.25;3;59.84;23.32
2025-10-12 13:43:05;29.31;82642.00;42.00;1008.31;195;124;2.23;3;59.85;23.31
2025-10-12 13:43:06;29.32;82480.00;42.00;1008.31;195;124;2.23;3;59.84;23.32
2025-10-12 13:43:07;29.32;82723.00;42.00;1008.33;195;124;2.23;3;59.84;23.32
2025-10-12 13:43:08;29.32;83132.00;42.00;1008.31;195;123;2.22;3;59.84;23.32
2025-10-12 13:43:09;29.32;81441.00;42.00;1008.31;195;123;2.22;3;59.84;23.32
2025-10-12 13:43:10;29.32;82399.00;42.00;1008.31;195;123;2.22;3;59.84;23.32
2025-10-12 13:43:11;29.32;82968.00;42.00;1008.31;195;123;2.22;3;59.84;23.32
2025-10-12 13:43:12;29.31;82968.00;42.00;1008.31;195;123;2.22;3;59.85;23.31
2025-10-12 13:43:13;29.32;83050.00;42.00;1008.31;195;123;2.22;3;59.84;23.32
2025-10-12 13:43:14;29.32;82157.00;42.00;1008.31;195;124;2.24;3;59.84;23.32
2025-10-12 13:43:15;29.32;83050.00;42.00;1008.31;195;124;2.24;3;59.84;23.32
2025-10-12 13:43:16;29.33;82968.00;42.00;1008.31;195;124;2.24;3;59.84;23.33
2025-10-12 13:43:17;29.31;83546.00;42.00;1008.31;194;123;2.21;3;59.85;23.31
2025-10-12 13:43:18;29.32;82399.00;42.00;1008.31;194;123;2.21;3;59.84;23.32
2025-10-12 13:43:19;29.32;82238.00;42.00;1008.31;194;123;2.21;3;59.84;23.32
2025-10-12 13:43:20;29.32;83132.00;42.00;1008.31;193;122;2.18;3;59.84;23.32
2025-10-12 13:43:21;29.32;82805.00;42.00;1008.31;193;122;2.18;3;59.84;23.32
2025-10-12 13:43:22;29.32;82723.00;42.00;1008.31;193;122;2.18;3;59.84;23.32
2025-10-12 13:43:23;29.32;82399.00;42.00;1008.31;193;122;2.19;3;59.84;23.32
2025-10-12 13:43:24;29.32;82886.00;42.00;1008.31;193;122;2.19;3;59.84;23.32
2025-10-12 13:43:25;29.32;82480.00;42.00;1008.31;193;122;2.19;3;59.84;23.32
2025-10-12 13:43:26;29.32;82642.00;42.00;1008.31;193;122;2.18;3;59.84;23.32
2025-10-12 13:43:27;29.32;82968.00;42.00;1008.31;193;122;2.18;3;59.84;23.32
2025-10-12 13:43:28;29.32;83712.00;42.00;1008.31;193;122;2.18;3;59.84;23.32
2025-10-12 13:43:29;29.31;83297.00;42.00;1008.31;190;120;2.13;3;59.85;23.31
2025-10-12 13:43:30;29.32;82968.00;42.00;1008.31;190;120;2.13;3;59.84;23.32
2025-10-12 13:43:31;29.32;83629.00;42.00;1008.31;190;120;2.13;3;59.84;23.32
2025-10-12 13:43:32;29.32;83629.00;42.00;1008.31;191;121;2.14;3;59.84;23.32
2025-10-12 13:43:33;29.32;82561.00;42.00;1008.31;191;121;2.14;3;59.84;23.32
2025-10-12 13:43:34;29.32;83050.00;42.00;1008.31;191;121;2.14;3;59.84;23.32
2025-10-12 13:43:35;29.32;82561.00;42.00;1008.31;189;120;2.11;3;59.84;23.32
2025-10-12 13:43:36;29.32;83297.00;42.00;1008.31;189;120;2.11;3;59.84;23.32
2025-10-12 13:43:37;29.32;82723.00;42.00;1008.31;189;120;2.11;3;59.84;23.32
2025-10-12 13:43:38;29.32;82805.00;42.00;1008.31;187;119;2.09;3;59.84;23.32
2025-10-12 13:43:39;29.32;83712.00;42.00;1008.31;187;119;2.09;3;59.84;23.32
2025-10-12 13:43:40;29.32;83215.00;42.00;1008.33;187;119;2.09;3;59.84;23.32
2025-10-12 13:43:41;29.31;83380.00;42.00;1008.31;188;119;2.09;3;59.85;23.31
2025-10-12 13:43:42;29.32;83132.00;42.00;1008.33;188;119;2.09;3;59.84;23.32
2025-10-12 13:43:43;29.31;83380.00;42.00;1008.31;188;119;2.09;3;59.85;23.31
2025-10-12 13:43:44;29.31;83050.00;42.00;1008.33;187;119;2.07;3;59.85;23.31
2025-10-12 13:43:45;29.32;84725.00;42.00;1008.31;187;119;2.07;3;59.84;23.32
2025-10-12 13:43:46;29.32;83629.00;42.00;1008.31;187;119;2.07;3;59.84;23.32
2025-10-12 13:43:47;29.31;83879.00;42.00;1008.31;186;118;2.06;3;59.85;23.31
2025-10-12 13:43:48;29.32;83050.00;42.00;1008.31;186;118;2.06;3;59.84;23.32
2025-10-12 13:43:49;29.32;82886.00;42.00;1008.31;186;118;2.06;3;59.84;23.32
2025-10-12 13:43:50;29.32;84300.00;42.00;1008.33;183;117;2.01;3;59.84;23.32
2025-10-12 13:43:51;29.32;83795.00;42.00;1008.31;183;117;2.01;3;59.84;23.32
2025-10-12 13:43:52;29.31;83297.00;42.00;1008.31;183;117;2.01;3;59.85;23.31
2025-10-12 13:43:53;29.31;83879.00;42.00;1008.33;185;118;2.04;3;59.85;23.31
2025-10-12 13:43:54;29.31;83297.00;42.00;1008.33;185;118;2.04;3;59.85;23.31
2025-10-12 13:43:55;29.31;84047.00;42.00;1008.33;185;118;2.04;3;59.85;23.31
2025-10-12 13:43:56;29.31;83795.00;42.00;1008.33;185;118;2.04;3;59.85;23.31
2025-10-12 13:43:57;29.32;84131.00;42.00;1008.33;185;118;2.04;3;59.84;23.32
2025-10-12 13:43:58;29.31;83795.00;42.00;1008.33;185;118;2.04;3;59.85;23.31
2025-10-12 13:43:59;29.32;84047.00;42.00;1008.33;186;119;2.07;3;59.84;23.32
2025-10-12 13:44:00;29.31;83463.00;42.00;1008.33;186;119;2.07;3;59.85;23.31
2025-10-12 13:44:01;29.32;83629.00;42.00;1008.33;186;119;2.07;3;59.84;23.32
2025-10-12 13:44:02;29.32;84047.00;42.00;1008.33;184;117;2.03;3;59.84;23.32
2025-10-12 13:44:03;29.32;84047.00;42.00;1008.33;184;117;2.03;3;59.84;23.32
2025-10-12 13:44:04;29.31;84215.00;42.00;1008.33;184;117;2.03;3;59.85;23.31
2025-10-12 13:44:05;29.32;83629.00;42.00;1008.33;184;117;2.02;3;59.84;23.32
2025-10-12 13:44:06;29.31;84300.00;42.00;1008.33;184;117;2.02;3;59.85;23.31
2025-10-12 13:44:07;29.31;84215.00;42.00;1008.33;184;117;2.02;3;59.85;23.31
2025-10-12 13:44:08;29.31;84725.00;42.00;1008.33;183;116;2.00;3;59.85;23.31
2025-10-12 13:44:09;29.31;83795.00;42.00;1008.33;183;116;2.00;3;59.85;23.31
2025-10-12 13:44:10;29.31;83712.00;42.00;1008.33;183;116;2.00;3;59.85;23.31
2025-10-12 13:44:11;29.31;84896.00;42.00;1008.33;183;117;2.01;3;59.85;23.31
2025-10-12 13:44:12;29.31;84725.00;42.00;1008.33;183;117;2.01;3;59.85;23.31
2025-10-12 13:44:13;29.31;84215.00;42.00;1008.33;183;117;2.01;3;59.85;23.31
2025-10-12 13:44:14;29.31;83795.00;42.00;1008.33;183;117;2.00;3;59.85;23.31
2025-10-12 13:44:15;29.31;83795.00;42.00;1008.33;183;117;2.00;3;59.85;23.31
2025-10-12 13:44:16;29.31;84810.00;42.00;1008.33;183;117;2.00;3;59.85;23.31
2025-10-12 13:44:17;29.32;84131.00;42.00;1008.33;181;115;1.97;3;59.84;23.32
2025-10-12 13:44:18;29.32;84300.00;42.00;1008.33;181;115;1.97;3;59.84;23.32
2025-10-12 13:44:19;29.31;84725.00;42.00;1008.33;181;115;1.97;3;59.85;23.31
2025-10-12 13:44:20;29.31;84639.00;42.00;1008.33;179;114;1.93;3;59.85;23.31
2025-10-12 13:44:21;29.31;84810.00;42.00;1008.33;179;114;1.93;3;59.85;23.31
2025-10-12 13:44:22;29.31;83879.00;42.00;1008.33;179;114;1.93;3;59.85;23.31
2025-10-12 13:44:23;29.31;85327.00;42.00;1008.33;175;112;1.87;3;59.85;23.31
2025-10-12 13:44:24;29.31;84639.00;42.00;1008.33;175;112;1.87;3;59.85;23.31
2025-10-12 13:44:25;29.31;84982.00;42.00;1008.35;175;112;1.87;3;59.85;23.31
2025-10-12 13:44:26;29.31;83963.00;42.00;1008.33;177;113;1.90;3;59.85;23.31
2025-10-12 13:44:27;29.31;84896.00;42.00;1008.31;177;113;1.90;3;59.85;23.31
2025-10-12 13:44:28;29.30;84300.00;42.00;1008.33;177;113;1.90;3;59.85;23.30
2025-10-12 13:44:29;29.31;84810.00;42.00;1008.33;177;113;1.90;3;59.85;23.31
2025-10-12 13:44:30;29.31;85068.00;42.00;1008.35;176;112;1.88;3;59.85;23.31
2025-10-12 13:44:31;29.31;85068.00;42.00;1008.33;176;112;1.88;3;59.85;23.31
2025-10-12 13:44:32;29.30;84554.00;42.00;1008.33;176;112;1.88;3;59.85;23.30
2025-10-12 13:44:33;29.31;84725.00;42.00;1008.33;175;112;1.87;3;59.85;23.31
2025-10-12 13:44:34;29.31;84810.00;42.00;1008.33;175;112;1.87;3;59.85;23.31
2025-10-12 13:44:35;29.31;84725.00;42.00;1008.33;175;112;1.87;3;59.85;23.31
2025-10-12 13:44:36;29.31;85762.00;42.00;1008.33;175;112;1.86;3;59.85;23.31
2025-10-12 13:44:37;29.31;85154.00;42.00;1008.33;175;112;1.86;3;59.85;23.31
2025-10-12 13:44:38;29.31;85154.00;42.00;1008.33;175;112;1.86;3;59.85;23.31
2025-10-12 13:44:39;29.31;85240.00;42.00;1008.31;173;111;1.83;3;59.85;23.31
2025-10-12 13:44:40;29.30;85587.00;42.00;1008.31;173;111;1.83;3;59.85;23.30
2025-10-12 13:44:41;29.31;85414.00;42.00;1008.33;173;111;1.83;3;59.85;23.31
2025-10-12 13:44:42;29.31;86290.00;42.00;1008.33;171;109;1.80;3;59.85;23.31
2025-10-12 13:44:43;29.31;87367.00;42.00;1008.31;171;109;1.80;3;59.85;23.31
2025-10-12 13:44:44;29.30;85762.00;42.00;1008.31;171;109;1.80;3;59.85;23.30
2025-10-12 13:44:45;29.31;86557.00;42.00;1008.33;168;108;1.76;3;59.85;23.31
2025-10-12 13:44:46;29.31;85850.00;42.00;1008.31;168;108;1.76;3;59.85;23.31
2025-10-12 13:44:47;29.31;85587.00;42.00;1008.33;168;108;1.76;3;59.85;23.31
2025-10-12 13:44:48;29.31;86290.00;42.00;1008.33;167;107;1.74;3;59.85;23.31
2025-10-12 13:44:49;29.31;86202.00;42.00;1008.33;167;107;1.74;3;59.85;23.31
2025-10-12 13:44:50;29.31;85850.00;42.00;1008.33;167;107;1.74;3;59.85;23.31
2025-10-12 13:44:51;29.31;86557.00;42.00;1008.29;165;106;1.72;3;59.85;23.31
2025-10-12 13:44:52;29.30;86114.00;42.00;1008.33;165;106;1.72;3;59.85;23.30
2025-10-12 13:44:53;29.30;85938.00;42.00;1008.29;165;106;1.72;3;59.85;23.30
2025-10-12 13:44:54;29.31;86114.00;42.00;1008.33;164;106;1.70;3;59.85;23.31
2025-10-12 13:44:55;29.31;86468.00;42.00;1008.29;164;106;1.70;3;59.85;23.31
2025-10-12 13:44:56;29.30;86025.00;42.00;1008.31;164;106;1.70;3;59.85;23.30
2025-10-12 13:44:57;29.31;86736.00;42.00;1008.31;163;105;1.68;3;59.85;23.31
2025-10-12 13:44:58;29.30;86379.00;42.00;1008.31;163;105;1.68;3;59.85;23.30
2025-10-12 13:44:59;29.30;85850.00;42.00;1008.31;163;105;1.68;3;59.85;23.30
2025-10-12 13:45:00;29.30;86468.00;42.00;1008.33;160;103;1.63;3;59.85;23.30
2025-10-12 13:45:01;29.31;86468.00;42.00;1008.33;160;103;1.63;3;59.85;23.31
2025-10-12 13:45:02;29.30;85850.00;42.00;1008.33;160;103;1.63;3;59.85;23.30
2025-10-12 13:45:03;29.31;85675.00;42.00;1008.29;160;103;1.64;3;59.85;23.31
2025-10-12 13:45:04;29.30;86468.00;42.00;1008.29;160;103;1.64;3;59.85;23.30
2025-10-12 13:45:05;29.30;86557.00;42.00;1008.31;160;103;1.64;3;59.85;23.30
2025-10-12 13:45:06;29.31;86379.00;42.00;1008.31;162;104;1.67;3;59.85;23.31
2025-10-12 13:45:07;29.30;86468.00;42.00;1008.29;162;104;1.67;3;59.85;23.30
2025-10-12 13:45:08;29.30;86557.00;42.00;1008.29;162;104;1.67;3;59.85;23.30
2025-10-12 13:45:09;29.30;87276.00;42.00;1008.31;160;103;1.64;3;59.85;23.30
2025-10-12 13:45:10;29.30;86468.00;42.00;1008.29;160;103;1.64;3;59.85;23.30
2025-10-12 13:45:11;29.30;86825.00;42.00;1008.31;160;103;1.64;3;59.85;23.30
2025-10-12 13:45:12;29.31;86202.00;42.00;1008.31;158;102;1.60;3;59.85;23.31
2025-10-12 13:45:13;29.30;86114.00;42.00;1008.31;158;102;1.60;3;59.85;23.30
2025-10-12 13:45:14;29.30;86025.00;42.00;1008.29;158;102;1.60;3;59.85;23.30
2025-10-12 13:45:15;29.30;86646.00;42.00;1008.31;158;102;1.61;3;59.85;23.30
2025-10-12 13:45:16;29.30;86646.00;42.00;1008.29;158;102;1.61;3;59.85;23.30
2025-10-12 13:45:17;29.30;86646.00;42.00;1008.29;158;102;1.61;3;59.85;23.30
2025-10-12 13:45:18;29.31;86202.00;42.00;1008.31;157;101;1.59;3;59.85;23.31
2025-10-12 13:45:19;29.30;87367.00;42.00;1008.29;157;101;1.59;3;59.85;23.30
2025-10-12 13:45:20;29.30;87915.00;42.00;1008.29;157;101;1.59;3;59.85;23.30
2025-10-12 13:45:21;29.30;86025.00;42.00;1008.29;152;98;1.52;3;59.85;23.30
2025-10-12 13:45:22;29.31;86468.00;42.00;1008.31;152;98;1.52;3;59.85;23.31
2025-10-12 13:45:23;29.30;87458.00;42.00;1008.31;152;98;1.52;3;59.85;23.30
2025-10-12 13:45:24;29.31;86915.00;42.00;1008.31;150;97;1.50;3;59.85;23.31
2025-10-12 13:45:25;29.30;86915.00;42.00;1008.31;150;97;1.50;3;59.85;23.30
2025-10-12 13:45:26;29.30;87005.00;42.00;1008.31;150;97;1.50;3;59.85;23.30
2025-10-12 13:45:27;29.29;86290.00;42.00;1008.31;150;98;1.50;3;59.85;23.29
2025-10-12 13:45:28;29.30;87095.00;42.00;1008.29;150;98;1.50;3;59.85;23.30
2025-10-12 13:45:29;29.30;87549.00;42.00;1008.31;150;98;1.50;3;59.85;23.30
2025-10-12 13:45:30;29.30;87367.00;42.00;1008.31;150;97;1.50;3;59.85;23.30
2025-10-12 13:45:31;29.30;86468.00;42.00;1008.31;150;97;1.50;3;59.85;23.30
2025-10-12 13:45:32;29.30;87549.00;42.00;1008.31;150;97;1.50;3;59.85;23.30
2025-10-12 13:45:33;29.30;87458.00;42.00;1008.31;149;97;1.49;3;59.85;23.30
2025-10-12 13:45:34;29.30;87276.00;42.00;1008.31;149;97;1.49;3;59.85;23.30
2025-10-12 13:45:35;29.30;87458.00;42.00;1008.31;149;97;1.49;3;59.85;23.30
2025-10-12 13:45:36;29.30;87005.00;42.00;1008.31;148;96;1.47;3;59.85;23.30
2025-10-12 13:45:37;29.30;86915.00;42.00;1008.31;148;96;1.47;3;59.85;23.30
2025-10-12 13:45:38;29.30;87005.00;42.00;1008.29;148;96;1.47;3;59.85;23.30
2025-10-12 13:45:39;29.29;87823.00;42.00;1008.31;147;96;1.46;3;59.85;23.29
2025-10-12 13:45:40;29.29;88564.00;42.00;1008.31;147;96;1.46;3;59.85;23.29
2025-10-12 13:45:41;29.30;87732.00;42.00;1008.29;147;96;1.46;3;59.85;23.30
2025-10-12 13:45:42;29.30;88470.00;42.00;1008.31;146;95;1.45;3;59.85;23.30
2025-10-12 13:45:43;29.30;88007.00;42.00;1008.31;146;95;1.45;3;59.85;23.30
2025-10-12 13:45:44;29.30;87732.00;42.00;1008.31;146;95;1.45;3;59.85;23.30
2025-10-12 13:45:45;29.30;88285.00;42.00;1008.31;145;95;1.44;3;59.85;23.30
2025-10-12 13:45:46;29.30;87640.00;42.00;1008.31;145;95;1.44;3;59.85;23.30
2025-10-12 13:45:47;29.30;87915.00;42.00;1008.31;145;95;1.44;3;59.85;23.30
2025-10-12 13:45:48;29.30;88939.00;42.00;1008.31;141;92;1.39;3;59.85;23.30
2025-10-12 13:45:49;29.29;87823.00;42.00;1008.29;141;92;1.39;3;59.85;23.29
2025-10-12 13:45:50;29.30;87732.00;42.00;1008.31;141;92;1.39;3;59.85;23.30
2025-10-12 13:45:51;29.29;88657.00;42.00;1008.31;142;93;1.39;3;59.85;23.29
2025-10-12 13:45:52;29.30;87823.00;42.00;1008.31;142;93;1.39;3;59.85;23.30
2025-10-12 13:45:53;29.30;88007.00;42.00;1008.31;142;93;1.39;3;59.85;23.30
2025-10-12 13:45:54;29.30;89127.00;42.00;1008.31;142;92;1.39;3;59.85;23.30
2025-10-12 13:45:55;29.29;89317.00;42.00;1008.31;142;92;1.39;3;59.85;23.29
2025-10-12 13:45:56;29.29;87640.00;42.00;1008.31;142;92;1.39;3;59.85;23.29
2025-10-12 13:45:57;29.29;88657.00;42.00;1008.31;140;91;1.37;3;59.85;23.29
2025-10-12 13:45:58;29.29;87732.00;42.00;1008.31;140;91;1.37;3;59.85;23.29
