timestamp;temperature;gas;humidity;barometer;IAQ;IAQ_S;VOCS;accuracy;humidty_corrected;temp_corrected
2025-10-06 11:58:26;28.82;65052.00;37.00;1001.43;0;10;0.40;1;52.79;22.82
2025-10-06 11:58:27;28.82;65304.00;37.00;1001.43;0;8;0.38;1;52.79;22.82
2025-10-06 11:58:28;28.81;64951.00;37.00;1001.43;0;8;0.38;1;52.79;22.81
2025-10-06 11:58:29;28.82;65355.00;37.00;1001.45;0;8;0.38;1;52.79;22.82
2025-10-06 11:58:30;28.81;64951.00;37.00;1001.43;0;6;0.38;1;52.79;22.81
2025-10-06 11:58:31;28.81;65406.00;37.00;1001.43;0;6;0.38;1;52.79;22.81
2025-10-06 11:58:32;28.81;65102.00;37.00;1001.45;0;6;0.38;1;52.79;22.81
2025-10-06 11:58:33;28.80;65052.00;37.00;1001.41;0;6;0.37;1;52.79;22.80
2025-10-06 11:58:34;28.80;65610.00;37.00;1001.45;0;6;0.37;1;52.79;22.80
2025-10-06 11:58:35;28.81;65052.00;37.00;1001.45;0;6;0.37;1;52.79;22.81
2025-10-06 11:58:36;28.81;65764.00;37.00;1001.41;0;6;0.37;1;52.79;22.81
2025-10-06 11:58:37;28.81;65102.00;37.00;1001.43;0;6;0.37;1;52.79;22.81
2025-10-06 11:58:38;28.80;64851.00;37.00;1001.43;0;6;0.37;1;52.79;22.80
2025-10-06 11:58:39;28.81;65304.00;37.00;1001.41;0;6;0.37;1;52.79;22.81
2025-10-06 11:58:40;28.80;65001.00;37.00;1001.41;0;6;0.37;1;52.79;22.80
2025-10-06 11:58:41;28.79;64951.00;37.00;1001.43;0;6;0.37;1;52.79;22.79
2025-10-06 11:58:42;28.79;64851.00;37.00;1001.43;0;5;0.37;1;52.79;22.79
2025-10-06 11:58:43;28.79;65052.00;37.00;1001.45;0;5;0.37;1;52.79;22.79
2025-10-06 11:58:44;28.79;65052.00;37.00;1001.41;0;5;0.37;1;52.79;22.79
2025-10-06 11:58:45;28.77;65254.00;37.00;1001.43;0;6;0.37;1;52.80;22.77
2025-10-06 11:58:46;28.77;65457.00;37.00;1001.41;0;6;0.37;1;52.80;22.77
2025-10-06 11:58:47;28.75;66074.00;37.00;1001.41;0;6;0.37;1;52.80;22.75
2025-10-06 11:58:48;28.75;66074.00;37.00;1001.43;0;5;0.36;1;52.80;22.75
2025-10-06 11:58:49;28.75;65867.00;37.00;1001.41;0;5;0.36;1;52.80;22.75
2025-10-06 11:58:50;28.74;66283.00;37.00;1001.41;0;5;0.36;1;52.80;22.74
2025-10-06 11:58:51;28.73;66545.00;37.00;1001.43;0;4;0.36;1;52.80;22.73
2025-10-06 11:58:52;28.73;66651.00;37.00;1001.41;0;4;0.36;1;52.80;22.73
2025-10-06 11:58:53;28.72;66651.00;37.00;1001.41;0;4;0.36;1;52.80;22.72
2025-10-06 11:58:54;28.72;66179.00;37.00;1001.41;0;3;0.36;1;52.80;22.72
2025-10-06 11:58:55;28.72;66231.00;37.00;1001.41;0;3;0.36;1;52.80;22.72
2025-10-06 11:58:56;28.71;66598.00;37.00;1001.41;0;3;0.36;1;52.81;22.71
2025-10-06 11:58:57;28.71;67345.00;37.00;1001.43;0;2;0.35;1;52.81;22.71
2025-10-06 11:58:58;28.71;67345.00;37.00;1001.43;0;2;0.35;1;52.81;22.71
2025-10-06 11:58:59;28.72;67184.00;37.00;1001.45;0;2;0.35;1;52.80;22.72
2025-10-06 11:59:00;28.71;67399.00;37.00;1001.43;0;1;0.35;1;52.81;22.71
2025-10-06 11:59:01;28.71;66970.00;37.00;1001.40;0;1;0.35;1;52.81;22.71
2025-10-06 11:59:02;28.71;66598.00;37.00;1001.43;0;1;0.35;1;52.81;22.71
2025-10-06 11:59:03;28.71;66440.00;37.00;1001.43;0;1;0.35;1;52.81;22.71
2025-10-06 11:59:04;28.71;66493.00;37.00;1001.43;0;1;0.35;1;52.81;22.71
2025-10-06 11:59:05;28.71;66810.00;37.00;1001.43;0;1;0.35;1;52.81;22.71
2025-10-06 11:59:06;28.71;66283.00;37.00;1001.41;0;2;0.35;1;52.81;22.71
2025-10-06 11:59:07;28.71;67023.00;37.00;1001.41;0;2;0.35;1;52.81;22.71
2025-10-06 11:59:08;28.70;67399.00;37.00;1001.40;0;2;0.35;1;52.81;22.70
2025-10-06 11:59:09;28.71;66545.00;37.00;1001.43;0;0;0.34;1;52.81;22.71
2025-10-06 11:59:10;28.71;66545.00;37.00;1001.41;0;0;0.34;1;52.81;22.71
2025-10-06 11:59:11;28.71;66335.00;37.00;1001.41;0;0;0.34;1;52.81;22.71
2025-10-06 11:59:12;28.71;66388.00;37.00;1001.41;0;1;0.35;1;52.81;22.71
2025-10-06 11:59:13;28.71;67130.00;37.00;1001.40;0;1;0.35;1;52.81;22.71
2025-10-06 11:59:14;28.71;66598.00;37.00;1001.45;0;1;0.35;1;52.81;22.71
2025-10-06 11:59:15;28.71;66598.00;37.00;1001.41;0;2;0.35;1;52.81;22.71
2025-10-06 11:59:16;28.70;66651.00;37.00;1001.43;0;2;0.35;1;52.81;22.70
2025-10-06 11:59:17;28.71;66704.00;37.00;1001.43;0;2;0.35;1;52.81;22.71
2025-10-06 11:59:18;28.71;67023.00;37.00;1001.41;0;2;0.35;1;52.81;22.71
2025-10-06 11:59:19;28.71;67076.00;37.00;1001.41;0;2;0.35;1;52.81;22.71
2025-10-06 11:59:20;28.71;67507.00;37.00;1001.41;0;2;0.35;1;52.81;22.71
2025-10-06 11:59:21;28.71;66970.00;37.00;1001.43;0;1;0.35;1;52.81;22.71
2025-10-06 11:59:22;28.71;67237.00;37.00;1001.41;0;1;0.35;1;52.81;22.71
2025-10-06 11:59:23;28.70;67023.00;37.00;1001.43;0;1;0.35;1;52.81;22.70
2025-10-06 11:59:24;28.71;68054.00;37.00;1001.41;0;2;0.35;1;52.81;22.71
2025-10-06 11:59:25;28.71;67345.00;37.00;1001.41;0;2;0.35;1;52.81;22.71
2025-10-06 11:59:26;28.71;68109.00;37.00;1001.43;0;2;0.35;1;52.81;22.71
2025-10-06 11:59:27;28.70;67399.00;37.00;1001.43;0;2;0.35;1;52.81;22.70
2025-10-06 11:59:28;28.70;67399.00;37.00;1001.45;0;2;0.35;1;52.81;22.70
2025-10-06 11:59:29;28.70;67507.00;37.00;1001.43;0;2;0.35;1;52.81;22.70
2025-10-06 11:59:30;28.70;67725.00;37.00;1001.43;0;1;0.35;1;52.81;22.70
2025-10-06 11:59:31;28.70;67834.00;37.00;1001.43;0;1;0.35;1;52.81;22.70
2025-10-06 11:59:32;28.70;67725.00;37.00;1001.43;0;1;0.35;1;52.81;22.70
2025-10-06 11:59:33;28.70;67944.00;37.00;1001.45;0;0;0.34;1;52.81;22.70
2025-10-06 11:59:34;28.70;68109.00;37.00;1001.45;0;0;0.34;1;52.81;22.70
2025-10-06 11:59:35;28.70;68109.00;37.00;1001.45;0;0;0.34;1;52.81;22.70
2025-10-06 11:59:36;28.70;67834.00;37.00;1001.45;0;0;0.34;1;52.81;22.70
2025-10-06 11:59:37;28.70;67562.00;37.00;1001.43;0;0;0.34;1;52.81;22.70
2025-10-06 11:59:38;28.70;67507.00;37.00;1001.45;0;0;0.34;1;52.81;22.70
2025-10-06 11:59:39;28.70;67130.00;37.00;1001.45;0;2;0.35;1;52.81;22.70
2025-10-06 11:59:40;28.70;66970.00;37.00;1001.45;0;2;0.35;1;52.81;22.70
2025-10-06 11:59:41;28.70;66916.00;37.00;1001.45;0;2;0.35;1;52.81;22.70
2025-10-06 11:59:42;28.70;67399.00;37.00;1001.45;0;3;0.35;1;52.81;22.70
2025-10-06 11:59:43;28.70;66810.00;37.00;1001.45;0;3;0.35;1;52.81;22.70
2025-10-06 11:59:44;28.70;67453.00;37.00;1001.45;0;3;0.35;1;52.81;22.70
2025-10-06 11:59:45;28.70;67507.00;37.00;1001.45;0;5;0.37;1;52.81;22.70
2025-10-06 11:59:46;28.70;66863.00;37.00;1001.45;0;5;0.37;1;52.81;22.70
2025-10-06 11:59:47;28.70;66388.00;37.00;1001.45;0;5;0.37;1;52.81;22.70
2025-10-06 11:59:48;28.71;66810.00;37.00;1001.45;0;8;0.38;1;52.81;22.71
2025-10-06 11:59:49;28.70;66493.00;37.00;1001.45;0;8;0.38;1;52.81;22.70
2025-10-06 11:59:50;28.70;66651.00;37.00;1001.45;0;8;0.38;1;52.81;22.70
2025-10-06 11:59:51;28.70;66757.00;37.00;1001.45;0;10;0.40;1;52.81;22.70
2025-10-06 11:59:52;28.70;66074.00;37.00;1001.45;0;10;0.40;1;52.81;22.70
2025-10-06 11:59:53;28.71;66545.00;37.00;1001.47;0;10;0.40;1;52.81;22.71
2025-10-06 11:59:54;28.70;66179.00;37.00;1001.45;0;12;0.41;1;52.81;22.70
2025-10-06 11:59:55;28.70;66283.00;37.00;1001.45;0;12;0.41;1;52.81;22.70
2025-10-06 11:59:56;28.71;66545.00;37.00;1001.45;0;12;0.41;1;52.81;22.71
2025-10-06 11:59:57;28.70;66283.00;37.00;1001.45;3;15;0.43;1;52.81;22.70
2025-10-06 11:59:58;28.70;66388.00;37.00;1001.45;3;15;0.43;1;52.81;22.70
2025-10-06 11:59:59;28.70;66179.00;37.00;1001.45;3;15;0.43;1;52.81;22.70
2025-10-06 12:00:00;28.71;66283.00;37.00;1001.45;3;15;0.43;1;52.81;22.71
2025-10-06 12:00:01;28.71;66545.00;37.00;1001.45;3;15;0.43;1;52.81;22.71
2025-10-06 12:00:02;28.70;66916.00;37.00;1001.45;3;15;0.43;1;52.81;22.70
2025-10-06 12:00:03;28.70;66126.00;37.00;1001.45;6;17;0.44;1;52.81;22.70
2025-10-06 12:00:04;28.70;66440.00;37.00;1001.47;6;17;0.44;1;52.81;22.70
2025-10-06 12:00:05;28.70;67345.00;37.00;1001.45;6;17;0.44;1;52.81;22.70
2025-10-06 12:00:06;28.70;66757.00;37.00;1001.45;6;16;0.44;1;52.81;22.70
2025-10-06 12:00:07;28.70;67453.00;37.00;1001.47;6;16;0.44;1;52.81;22.70
2025-10-06 12:00:08;28.69;67453.00;37.00;1001.47;6;16;0.44;1;52.81;22.69
2025-10-06 12:00:09;28.69;67453.00;37.00;1001.45;2;15;0.43;1;52.81;22.69
2025-10-06 12:00:10;28.69;67616.00;37.00;1001.47;2;15;0.43;1;52.81;22.69
2025-10-06 12:00:11;28.69;67725.00;37.00;1001.43;2;15;0.43;1;52.81;22.69
2025-10-06 12:00:12;28.68;67834.00;37.00;1001.43;2;15;0.43;1;52.81;22.68
2025-10-06 12:00:13;28.68;67889.00;37.00;1001.43;0;13;0.42;1;52.81;22.68
2025-10-06 12:00:14;28.68;68109.00;37.00;1001.43;0;13;0.42;1;52.81;22.68
2025-10-06 12:00:15;28.68;68109.00;37.00;1001.43;0;13;0.42;1;52.81;22.68
2025-10-06 12:00:16;28.68;68386.00;37.00;1001.43;0;11;0.41;1;52.81;22.68
2025-10-06 12:00:17;28.68;68554.00;37.00;1001.43;0;11;0.41;1;52.81;22.68
2025-10-06 12:00:18;28.68;68164.00;37.00;1001.45;0;11;0.41;1;52.81;22.68
2025-10-06 12:00:19;28.67;68947.00;37.00;1001.43;0;10;0.40;1;52.81;22.67
2025-10-06 12:00:20;28.67;68722.00;37.00;1001.43;0;10;0.40;1;52.81;22.67
2025-10-06 12:00:21;28.68;68891.00;37.00;1001.43;0;10;0.40;1;52.81;22.68
2025-10-06 12:00:22;28.68;68275.00;37.00;1001.45;0;8;0.39;1;52.81;22.68
2025-10-06 12:00:23;28.68;68891.00;37.00;1001.45;0;8;0.39;1;52.81;22.68
2025-10-06 12:00:24;28.68;68778.00;37.00;1001.45;0;8;0.39;1;52.81;22.68
2025-10-06 12:00:25;28.68;68722.00;37.00;1001.45;0;7;0.38;1;52.81;22.68
2025-10-06 12:00:26;28.67;69403.00;37.00;1001.45;0;7;0.38;1;52.81;22.67
2025-10-06 12:00:27;28.67;68891.00;37.00;1001.43;0;7;0.38;1;52.81;22.67
2025-10-06 12:00:28;28.67;69231.00;37.00;1001.47;0;7;0.38;1;52.81;22.67
2025-10-06 12:00:29;28.67;69004.00;37.00;1001.43;0;7;0.38;1;52.81;22.67
2025-10-06 12:00:30;28.67;68778.00;37.00;1001.43;0;7;0.38;1;52.81;22.67
2025-10-06 12:00:31;28.66;69004.00;37.00;1001.45;0;7;0.38;1;52.81;22.66
2025-10-06 12:00:32;28.66;69288.00;37.00;1001.45;0;7;0.38;1;52.81;22.66
2025-10-06 12:00:33;28.66;68778.00;37.00;1001.43;0;7;0.38;1;52.81;22.66
2025-10-06 12:00:34;28.66;68442.00;37.00;1001.43;0;7;0.38;1;52.81;22.66
2025-10-06 12:00:35;28.66;68722.00;37.00;1001.43;0;7;0.38;1;52.81;22.66
2025-10-06 12:00:36;28.66;68220.00;37.00;1001.43;0;7;0.38;1;52.81;22.66
2025-10-06 12:00:37;28.66;67889.00;37.00;1001.45;0;9;0.39;1;52.81;22.66
2025-10-06 12:00:38;28.66;67889.00;37.00;1001.45;0;9;0.39;1;52.81;22.66
2025-10-06 12:00:39;28.66;68386.00;37.00;1001.45;0;9;0.39;1;52.81;22.66
2025-10-06 12:00:40;28.66;67616.00;37.00;1001.45;0;11;0.41;1;52.81;22.66
2025-10-06 12:00:41;28.66;67889.00;37.00;1001.43;0;11;0.41;1;52.81;22.66
2025-10-06 12:00:42;28.66;67780.00;37.00;1001.45;0;11;0.41;1;52.81;22.66
2025-10-06 12:00:43;28.66;68666.00;37.00;1001.45;0;13;0.42;1;52.81;22.66
2025-10-06 12:00:44;28.66;67780.00;37.00;1001.45;0;13;0.42;1;52.81;22.66
2025-10-06 12:00:45;28.65;67944.00;37.00;1001.47;0;13;0.42;1;52.81;22.65
2025-10-06 12:00:46;28.66;67562.00;37.00;1001.45;1;14;0.42;1;52.81;22.66
2025-10-06 12:00:47;28.65;68164.00;37.00;1001.47;1;14;0.42;1;52.81;22.65
2025-10-06 12:00:48;28.65;68891.00;37.00;1001.47;1;14;0.42;1;52.81;22.65
2025-10-06 12:00:49;28.65;68386.00;37.00;1001.47;0;13;0.42;1;52.81;22.65
2025-10-06 12:00:50;28.65;68722.00;37.00;1001.45;0;13;0.42;1;52.81;22.65
2025-10-06 12:00:51;28.64;69174.00;37.00;1001.49;0;13;0.42;1;52.82;22.64
2025-10-06 12:00:52;28.64;69004.00;37.00;1001.45;0;12;0.41;1;52.82;22.64
2025-10-06 12:00:53;28.65;69981.00;37.00;1001.45;0;12;0.41;1;52.81;22.65
2025-10-06 12:00:54;28.64;69691.00;37.00;1001.45;0;12;0.41;1;52.82;22.64
2025-10-06 12:00:55;28.64;69691.00;37.00;1001.47;0;9;0.39;1;52.82;22.64
2025-10-06 12:00:56;28.64;69691.00;37.00;1001.47;0;9;0.39;1;52.82;22.64
2025-10-06 12:00:57;28.64;70097.00;37.00;1001.47;0;9;0.39;1;52.82;22.64
2025-10-06 12:00:58;28.63;70628.00;36.00;1001.47;0;8;0.38;1;51.39;22.63
2025-10-06 12:00:59;28.63;70332.00;36.00;1001.47;0;8;0.38;1;51.39;22.63
2025-10-06 12:01:00;28.63;70332.00;36.00;1001.49;0;8;0.38;1;51.39;22.63
2025-10-06 12:01:01;28.63;70568.00;36.00;1001.49;0;7;0.38;1;51.39;22.63
2025-10-06 12:01:02;28.63;71226.00;36.00;1001.49;0;7;0.38;1;51.39;22.63
2025-10-06 12:01:03;28.63;70509.00;36.00;1001.47;0;7;0.38;1;51.39;22.63
2025-10-06 12:01:04;28.63;70806.00;36.00;1001.47;0;5;0.37;1;51.39;22.63
2025-10-06 12:01:05;28.63;71468.00;36.00;1001.49;0;5;0.37;1;51.39;22.63
2025-10-06 12:01:06;28.63;70332.00;36.00;1001.45;0;5;0.37;1;51.39;22.63
2025-10-06 12:01:07;28.63;70746.00;36.00;1001.49;0;3;0.36;1;51.39;22.63
2025-10-06 12:01:08;28.63;71166.00;36.00;1001.47;0;3;0.36;1;51.39;22.63
2025-10-06 12:01:09;28.62;70450.00;36.00;1001.47;0;3;0.36;1;51.39;22.62
2025-10-06 12:01:10;28.62;70215.00;36.00;1001.47;0;5;0.36;1;51.39;22.62
2025-10-06 12:01:11;28.62;70568.00;36.00;1001.47;0;5;0.36;1;51.39;22.62
2025-10-06 12:01:12;28.62;70273.00;37.00;1001.49;0;5;0.36;1;52.82;22.62
2025-10-06 12:01:13;28.61;70568.00;37.00;1001.49;0;6;0.37;1;52.82;22.61
2025-10-06 12:01:14;28.61;70332.00;36.00;1001.45;0;6;0.37;1;51.39;22.61
2025-10-06 12:01:15;28.61;70628.00;37.00;1001.47;0;6;0.37;1;52.82;22.61
2025-10-06 12:01:16;28.60;71408.00;37.00;1001.47;0;6;0.37;1;52.82;22.60
2025-10-06 12:01:17;28.60;70926.00;37.00;1001.47;0;6;0.37;1;52.82;22.60
2025-10-06 12:01:18;28.60;71106.00;37.00;1001.47;0;6;0.37;1;52.82;22.60
2025-10-06 12:01:19;28.59;70985.00;37.00;1001.45;0;5;0.37;1;52.82;22.59
2025-10-06 12:01:20;28.59;71408.00;37.00;1001.47;0;5;0.37;1;52.82;22.59
2025-10-06 12:01:21;28.59;71590.00;37.00;1001.47;0;5;0.37;1;52.82;22.59
2025-10-06 12:01:22;28.59;71774.00;37.00;1001.47;0;4;0.36;1;52.82;22.59
2025-10-06 12:01:23;28.58;71408.00;36.00;1001.47;0;4;0.36;1;51.40;22.58
2025-10-06 12:01:24;28.58;71712.00;37.00;1001.47;0;4;0.36;1;52.82;22.58
2025-10-06 12:01:25;28.58;72081.00;37.00;1001.47;0;3;0.35;1;52.82;22.58
2025-10-06 12:01:26;28.58;71896.00;36.00;1001.47;0;3;0.35;1;51.40;22.58
2025-10-06 12:01:27;28.58;72081.00;37.00;1001.49;0;3;0.35;1;52.82;22.58
2025-10-06 12:01:28;28.57;71712.00;36.00;1001.45;0;2;0.35;1;51.40;22.57
2025-10-06 12:01:29;28.56;72329.00;36.00;1001.45;0;2;0.35;1;51.40;22.56
2025-10-06 12:01:30;28.56;72642.00;36.00;1001.47;0;2;0.35;1;51.40;22.56
2025-10-06 12:01:31;28.57;72642.00;36.00;1001.47;0;1;0.34;1;51.40;22.57
2025-10-06 12:01:32;28.56;72957.00;36.00;1001.47;0;1;0.34;1;51.40;22.56
2025-10-06 12:01:33;28.56;72517.00;36.00;1001.47;0;1;0.34;1;51.40;22.56
2025-10-06 12:01:34;28.56;72894.00;36.00;1001.49;0;0;0.34;1;51.40;22.56
2025-10-06 12:01:35;28.56;73148.00;36.00;1001.47;0;0;0.34;1;51.40;22.56
2025-10-06 12:01:36;28.56;73021.00;36.00;1001.47;0;0;0.34;1;51.40;22.56
2025-10-06 12:01:37;28.55;73275.00;36.00;1001.47;0;0;0.34;1;51.40;22.55
2025-10-06 12:01:38;28.55;73084.00;36.00;1001.47;0;0;0.34;1;51.40;22.55
2025-10-06 12:01:39;28.55;73403.00;36.00;1001.47;0;0;0.34;1;51.40;22.55
2025-10-06 12:01:40;28.55;73021.00;36.00;1001.45;0;0;0.34;1;51.40;22.55
2025-10-06 12:01:41;28.55;73148.00;36.00;1001.45;0;0;0.34;1;51.40;22.55
2025-10-06 12:01:42;28.46;73084.00;36.00;1001.41;0;0;0.34;1;51.41;22.46
2025-10-06 12:01:43;28.29;73275.00;36.00;1001.43;0;0;0.34;1;51.44;22.29
2025-10-06 12:01:44;28.14;72517.00;36.00;1001.43;0;0;0.34;1;51.46;22.14
2025-10-06 12:01:45;28.17;73212.00;36.00;1001.45;0;0;0.34;1;51.45;22.17
2025-10-06 12:01:46;28.20;73021.00;37.00;1001.43;0;1;0.35;1;52.88;22.20
2025-10-06 12:01:47;28.22;73021.00;37.00;1001.43;0;1;0.35;1;52.87;22.22
2025-10-06 12:01:48;28.23;72267.00;37.00;1001.41;0;1;0.35;1;52.87;22.23
2025-10-06 12:01:49;28.23;72329.00;37.00;1001.41;0;3;0.35;1;52.87;22.23
2025-10-06 12:01:50;28.22;72205.00;37.00;1001.45;0;3;0.35;1;52.87;22.22
2025-10-06 12:01:51;28.15;72081.00;37.00;1001.43;0;3;0.35;1;52.88;22.15
2025-10-06 12:01:52;28.09;72705.00;37.00;1001.43;0;4;0.36;1;52.89;22.09
2025-10-06 12:01:53;28.11;72143.00;37.00;1001.45;0;4;0.36;1;52.89;22.11
2025-10-06 12:01:54;28.13;72768.00;37.00;1001.47;0;4;0.36;1;52.89;22.13
2025-10-06 12:01:55;28.09;72642.00;37.00;1001.43;0;5;0.37;1;52.89;22.09
2025-10-06 12:01:56;28.08;73021.00;37.00;1001.43;0;5;0.37;1;52.89;22.08
2025-10-06 12:01:57;28.08;72957.00;37.00;1001.43;0;5;0.37;1;52.89;22.08
2025-10-06 12:01:58;28.07;72579.00;37.00;1001.43;0;6;0.37;1;52.90;22.07
2025-10-06 12:01:59;28.08;73275.00;37.00;1001.43;0;6;0.37;1;52.89;22.08
2025-10-06 12:02:00;28.07;72454.00;37.00;1001.45;0;6;0.37;1;52.90;22.07
2025-10-06 12:02:01;28.06;72454.00;37.00;1001.47;0;7;0.38;1;52.90;22.06
2025-10-06 12:02:02;28.05;72205.00;37.00;1001.47;0;7;0.38;1;52.90;22.05
2025-10-06 12:02:03;28.06;72579.00;37.00;1001.45;0;7;0.38;1;52.90;22.06
2025-10-06 12:02:04;28.07;71896.00;37.00;1001.43;0;9;0.39;1;52.90;22.07
2025-10-06 12:02:05;28.09;71529.00;38.00;1001.47;0;9;0.39;1;54.32;22.09
2025-10-06 12:02:06;28.11;71896.00;38.00;1001.45;0;9;0.39;1;54.32;22.11
2025-10-06 12:02:07;28.13;72020.00;38.00;1001.47;0;11;0.40;1;54.32;22.13
2025-10-06 12:02:08;28.13;71590.00;38.00;1001.47;0;11;0.40;1;54.32;22.13
2025-10-06 12:02:09;28.14;72454.00;38.00;1001.47;0;11;0.40;1;54.31;22.14
2025-10-06 12:02:10;28.15;72205.00;38.00;1001.45;0;11;0.40;1;54.31;22.15
2025-10-06 12:02:11;28.15;72517.00;38.00;1001.45;0;11;0.40;1;54.31;22.15
2025-10-06 12:02:12;28.16;72579.00;38.00;1001.47;0;11;0.40;1;54.31;22.16
2025-10-06 12:02:13;28.16;72642.00;38.00;1001.47;0;10;0.40;1;54.31;22.16
2025-10-06 12:02:14;28.16;72831.00;38.00;1001.47;0;10;0.40;1;54.31;22.16
2025-10-06 12:02:15;28.17;72705.00;38.00;1001.47;0;10;0.40;1;54.31;22.17
2025-10-06 12:02:16;28.18;73467.00;38.00;1001.45;0;8;0.39;1;54.31;22.18
2025-10-06 12:02:17;28.18;73339.00;38.00;1001.45;0;8;0.39;1;54.31;22.18
2025-10-06 12:02:18;28.19;73148.00;38.00;1001.45;0;8;0.39;1;54.31;22.19
2025-10-06 12:02:19;28.19;73212.00;38.00;1001.45;0;7;0.38;1;54.31;22.19
2025-10-06 12:02:20;28.19;72957.00;37.00;1001.47;0;7;0.38;1;52.88;22.19
2025-10-06 12:02:21;28.20;73275.00;37.00;1001.47;0;7;0.38;1;52.88;22.20
2025-10-06 12:02:22;28.20;73021.00;37.00;1001.45;0;7;0.38;1;52.88;22.20
2025-10-06 12:02:23;28.20;73275.00;37.00;1001.43;0;7;0.38;1;52.88;22.20
2025-10-06 12:02:24;28.21;73275.00;37.00;1001.47;0;7;0.38;1;52.88;22.21
2025-10-06 12:02:25;28.21;73467.00;37.00;1001.47;0;7;0.38;1;52.88;22.21
2025-10-06 12:02:26;28.21;74246.00;37.00;1001.45;0;7;0.38;1;52.88;22.21
2025-10-06 12:02:27;28.22;74115.00;37.00;1001.45;0;7;0.38;1;52.87;22.22
2025-10-06 12:02:28;28.22;73985.00;37.00;1001.45;0;6;0.37;1;52.87;22.22
2025-10-06 12:02:29;28.23;73725.00;37.00;1001.47;0;6;0.37;1;52.87;22.23
2025-10-06 12:02:30;28.23;73790.00;37.00;1001.47;0;6;0.37;1;52.87;22.23
2025-10-06 12:02:31;28.23;73985.00;37.00;1001.45;0;5;0.37;1;52.87;22.23
2025-10-06 12:02:32;28.24;74050.00;37.00;1001.47;0;5;0.37;1;52.87;22.24
2025-10-06 12:02:33;28.24;73920.00;37.00;1001.45;0;5;0.37;1;52.87;22.24
2025-10-06 12:02:34;28.24;74378.00;37.00;1001.45;0;4;0.36;1;52.87;22.24
2025-10-06 12:02:35;28.24;73985.00;37.00;1001.45;0;4;0.36;1;52.87;22.24
2025-10-06 12:02:36;28.24;74642.00;37.00;1001.45;0;4;0.36;1;52.87;22.24
2025-10-06 12:02:37;28.25;74444.00;37.00;1001.45;0;4;0.36;1;52.87;22.25
2025-10-06 12:02:38;28.24;74378.00;37.00;1001.45;0;4;0.36;1;52.87;22.24
2025-10-06 12:02:39;28.25;74908.00;37.00;1001.49;0;4;0.36;1;52.87;22.25
2025-10-06 12:02:40;28.26;74510.00;37.00;1001.49;0;4;0.36;1;52.87;22.26
2025-10-06 12:02:41;28.26;74181.00;37.00;1001.49;0;4;0.36;1;52.87;22.26
2025-10-06 12:02:42;28.26;74312.00;37.00;1001.49;0;4;0.36;1;52.87;22.26
2025-10-06 12:02:43;28.27;74312.00;37.00;1001.47;0;4;0.36;1;52.87;22.27
2025-10-06 12:02:44;28.27;74841.00;37.00;1001.47;0;4;0.36;1;52.87;22.27
2025-10-06 12:02:45;28.27;74775.00;37.00;1001.47;0;4;0.36;1;52.87;22.27
2025-10-06 12:02:46;28.26;74642.00;37.00;1001.47;0;4;0.36;1;52.87;22.26
2025-10-06 12:02:47;28.27;75042.00;37.00;1001.49;0;4;0.36;1;52.87;22.27
2025-10-06 12:02:48;28.27;74841.00;37.00;1001.49;0;4;0.36;1;52.87;22.27
2025-10-06 12:02:49;28.27;74841.00;37.00;1001.49;0;4;0.36;1;52.87;22.27
2025-10-06 12:02:50;28.26;75378.00;37.00;1001.49;0;4;0.36;1;52.87;22.26
2025-10-06 12:02:51;28.25;74775.00;37.00;1001.51;0;4;0.36;1;52.87;22.25
2025-10-06 12:02:52;28.25;74908.00;37.00;1001.51;0;4;0.36;1;52.87;22.25
2025-10-06 12:02:53;28.25;74975.00;37.00;1001.45;0;4;0.36;1;52.87;22.25
2025-10-06 12:02:54;28.24;74246.00;37.00;1001.45;0;4;0.36;1;52.87;22.24
2025-10-06 12:02:55;28.24;74510.00;37.00;1001.47;0;4;0.36;1;52.87;22.24
2025-10-06 12:02:56;28.23;75446.00;37.00;1001.47;0;5;0.36;1;52.87;22.23
2025-10-06 12:02:57;28.22;74642.00;37.00;1001.47;0;5;0.36;1;52.87;22.22
2025-10-06 12:02:58;28.21;74908.00;37.00;1001.49;0;5;0.36;1;52.88;22.21
2025-10-06 12:02:59;28.21;74908.00;37.00;1001.47;0;5;0.37;1;52.88;22.21
2025-10-06 12:03:00;28.20;74708.00;37.00;1001.47;0;5;0.37;1;52.88;22.20
2025-10-06 12:03:01;28.20;75446.00;37.00;1001.49;0;5;0.37;1;52.88;22.20
2025-10-06 12:03:02;28.20;75992.00;37.00;1001.47;0;4;0.36;1;52.88;22.20
2025-10-06 12:03:03;28.18;76129.00;37.00;1001.47;0;4;0.36;1;52.88;22.18
2025-10-06 12:03:04;28.18;75992.00;37.00;1001.49;0;4;0.36;1;52.88;22.18
2025-10-06 12:03:05;28.18;75923.00;37.00;1001.47;0;2;0.35;1;52.88;22.18
2025-10-06 12:03:06;28.18;75992.00;37.00;1001.47;0;2;0.35;1;52.88;22.18
2025-10-06 12:03:07;28.18;75992.00;37.00;1001.47;0;2;0.35;1;52.88;22.18
2025-10-06 12:03:08;28.17;75923.00;37.00;1001.49;0;2;0.35;1;52.88;22.17
2025-10-06 12:03:09;28.17;76268.00;37.00;1001.45;0;2;0.35;1;52.88;22.17
2025-10-06 12:03:10;28.16;76615.00;36.00;1001.47;0;2;0.35;1;51.45;22.16
2025-10-06 12:03:11;28.17;76406.00;36.00;1001.47;0;1;0.34;1;51.45;22.17
2025-10-06 12:03:12;28.16;76198.00;36.00;1001.47;0;1;0.34;1;51.45;22.16
2025-10-06 12:03:13;28.16;76545.00;36.00;1001.47;0;1;0.34;1;51.45;22.16
2025-10-06 12:03:14;28.15;75992.00;36.00;1001.49;0;1;0.34;1;51.45;22.15
2025-10-06 12:03:15;28.16;76476.00;36.00;1001.49;0;1;0.34;1;51.45;22.16
2025-10-06 12:03:16;28.16;75992.00;36.00;1001.47;0;1;0.34;1;51.45;22.16
2025-10-06 12:03:17;28.16;76268.00;36.00;1001.47;0;1;0.35;1;51.45;22.16
2025-10-06 12:03:18;28.16;76476.00;37.00;1001.47;0;1;0.35;1;52.88;22.16
2025-10-06 12:03:19;28.16;75923.00;37.00;1001.47;0;1;0.35;1;52.88;22.16
2025-10-06 12:03:20;28.16;75243.00;36.00;1001.49;0;2;0.35;1;51.45;22.16
2025-10-06 12:03:21;28.17;75514.00;37.00;1001.47;0;2;0.35;1;52.88;22.17
2025-10-06 12:03:22;28.17;75109.00;36.00;1001.47;0;2;0.35;1;51.45;22.17
2025-10-06 12:03:23;28.17;74975.00;36.00;1001.47;0;4;0.36;1;51.45;22.17
2025-10-06 12:03:24;28.17;75650.00;37.00;1001.51;0;4;0.36;1;52.88;22.17
2025-10-06 12:03:25;28.17;75042.00;36.00;1001.47;0;4;0.36;1;51.45;22.17
2025-10-06 12:03:26;28.16;75042.00;37.00;1001.47;0;7;0.38;1;52.88;22.16
2025-10-06 12:03:27;28.17;75243.00;36.00;1001.51;0;7;0.38;1;51.45;22.17
2025-10-06 12:03:28;28.17;75109.00;37.00;1001.49;0;7;0.38;1;52.88;22.17
2025-10-06 12:03:29;28.17;75109.00;37.00;1001.49;0;10;0.40;1;52.88;22.17
2025-10-06 12:03:30;28.17;74510.00;37.00;1001.51;0;10;0.40;1;52.88;22.17
2025-10-06 12:03:31;28.17;74444.00;37.00;1001.49;0;10;0.40;1;52.88;22.17
2025-10-06 12:03:32;28.17;74642.00;37.00;1001.47;0;13;0.41;1;52.88;22.17
2025-10-06 12:03:33;28.17;74975.00;37.00;1001.47;0;13;0.41;1;52.88;22.17
2025-10-06 12:03:34;28.17;74510.00;37.00;1001.49;0;13;0.41;1;52.88;22.17
2025-10-06 12:03:35;28.17;75176.00;37.00;1001.47;1;14;0.42;1;52.88;22.17
2025-10-06 12:03:36;28.17;74378.00;37.00;1001.47;1;14;0.42;1;52.88;22.17
2025-10-06 12:03:37;28.16;74775.00;37.00;1001.47;1;14;0.42;1;52.88;22.16
2025-10-06 12:03:38;28.15;75109.00;37.00;1001.47;4;15;0.43;1;52.88;22.15
2025-10-06 12:03:39;28.17;75176.00;37.00;1001.47;4;15;0.43;1;52.88;22.17
2025-10-06 12:03:40;28.16;75176.00;37.00;1001.47;4;15;0.43;1;52.88;22.16
2025-10-06 12:03:41;28.16;75650.00;37.00;1001.47;3;15;0.43;1;52.88;22.16
2025-10-06 12:03:42;28.17;75109.00;37.00;1001.47;3;15;0.43;1;52.88;22.17
2025-10-06 12:03:43;28.17;75446.00;37.00;1001.47;3;15;0.43;1;52.88;22.17
2025-10-06 12:03:44;28.17;75378.00;37.00;1001.49;3;15;0.43;1;52.88;22.17
2025-10-06 12:03:45;28.17;75855.00;37.00;1001.47;3;15;0.43;1;52.88;22.17
2025-10-06 12:03:46;28.17;76198.00;37.00;1001.51;3;15;0.43;1;52.88;22.17
2025-10-06 12:03:47;28.17;75786.00;37.00;1001.47;0;14;0.42;1;52.88;22.17
2025-10-06 12:03:48;28.17;75786.00;37.00;1001.47;0;14;0.42;1;52.88;22.17
2025-10-06 12:03:49;28.17;75650.00;37.00;1001.47;0;14;0.42;1;52.88;22.17
2025-10-06 12:03:50;28.17;75992.00;37.00;1001.47;0;13;0.42;1;52.88;22.17
2025-10-06 12:03:51;28.17;76545.00;37.00;1001.47;0;13;0.42;1;52.88;22.17
2025-10-06 12:03:52;28.17;75855.00;37.00;1001.49;0;13;0.42;1;52.88;22.17
2025-10-06 12:03:53;28.17;76406.00;37.00;1001.49;0;13;0.41;1;52.88;22.17
2025-10-06 12:03:54;28.17;75855.00;37.00;1001.49;0;13;0.41;1;52.88;22.17
2025-10-06 12:03:55;28.18;76198.00;37.00;1001.49;0;13;0.41;1;52.88;22.18
2025-10-06 12:03:56;28.17;76685.00;36.00;1001.47;0;12;0.41;1;51.45;22.17
2025-10-06 12:03:57;28.17;76966.00;36.00;1001.47;0;12;0.41;1;51.45;22.17
2025-10-06 12:03:58;28.17;76685.00;36.00;1001.47;0;12;0.41;1;51.45;22.17
2025-10-06 12:03:59;28.18;76615.00;36.00;1001.47;0;13;0.41;1;51.45;22.18
2025-10-06 12:04:00;28.18;76476.00;36.00;1001.47;0;13;0.41;1;51.45;22.18
2025-10-06 12:04:01;28.18;76755.00;36.00;1001.47;0;13;0.41;1;51.45;22.18
2025-10-06 12:04:02;28.18;76896.00;36.00;1001.47;0;11;0.40;1;51.45;22.18
2025-10-06 12:04:03;28.18;76755.00;36.00;1001.49;0;11;0.40;1;51.45;22.18
2025-10-06 12:04:04;28.18;77178.00;36.00;1001.49;0;11;0.40;1;51.45;22.18
2025-10-06 12:04:05;28.17;76896.00;36.00;1001.47;0;11;0.41;1;51.45;22.17
2025-10-06 12:04:06;28.18;77037.00;36.00;1001.49;0;11;0.41;1;51.45;22.18
2025-10-06 12:04:07;28.18;76966.00;36.00;1001.49;0;11;0.41;1;51.45;22.18
2025-10-06 12:04:08;28.18;77320.00;36.00;1001.47;0;11;0.40;1;51.45;22.18
2025-10-06 12:04:09;28.18;77534.00;36.00;1001.47;0;11;0.40;1;51.45;22.18
2025-10-06 12:04:10;28.18;77107.00;36.00;1001.47;0;11;0.40;1;51.45;22.18
2025-10-06 12:04:11;28.18;77821.00;36.00;1001.47;0;12;0.41;1;51.45;22.18
2025-10-06 12:04:12;28.18;76966.00;36.00;1001.47;0;12;0.41;1;51.45;22.18
2025-10-06 12:04:13;28.18;77037.00;36.00;1001.47;0;12;0.41;1;51.45;22.18
2025-10-06 12:04:14;28.19;77749.00;36.00;1001.47;0;13;0.42;1;51.45;22.19
2025-10-06 12:04:15;28.19;77534.00;36.00;1001.47;0;13;0.42;1;51.45;22.19
2025-10-06 12:04:16;28.18;77966.00;36.00;1001.47;0;13;0.42;1;51.45;22.18
2025-10-06 12:04:17;28.19;77037.00;36.00;1001.47;0;13;0.41;1;51.45;22.19
2025-10-06 12:04:18;28.18;77463.00;36.00;1001.47;0;13;0.41;1;51.45;22.18
2025-10-06 12:04:19;28.18;77391.00;36.00;1001.47;0;13;0.41;1;51.45;22.18
2025-10-06 12:04:20;28.19;77966.00;36.00;1001.49;0;12;0.41;1;51.45;22.19
2025-10-06 12:04:21;28.19;77463.00;36.00;1001.47;0;12;0.41;1;51.45;22.19
2025-10-06 12:04:22;28.18;77606.00;36.00;1001.47;0;12;0.41;1;51.45;22.18
2025-10-06 12:04:23;28.18;77320.00;36.00;1001.47;0;13;0.42;1;51.45;22.18
2025-10-06 12:04:24;28.18;78843.00;36.00;1001.47;0;13;0.42;1;51.45;22.18
2025-10-06 12:04:25;28.18;78329.00;36.00;1001.47;0;13;0.42;1;51.45;22.18
2025-10-06 12:04:26;28.18;78256.00;36.00;1001.47;0;12;0.41;1;51.45;22.18
2025-10-06 12:04:27;28.19;78038.00;36.00;1001.47;0;12;0.41;1;51.45;22.19
2025-10-06 12:04:28;28.19;78622.00;36.00;1001.47;0;12;0.41;1;51.45;22.19
2025-10-06 12:04:29;28.18;78548.00;36.00;1001.47;0;12;0.41;1;51.45;22.18
2025-10-06 12:04:30;28.18;78183.00;36.00;1001.47;0;12;0.41;1;51.45;22.18
2025-10-06 12:04:31;28.19;78110.00;36.00;1001.47;0;12;0.41;1;51.45;22.19
2025-10-06 12:04:32;28.19;79066.00;36.00;1001.47;0;10;0.40;1;51.45;22.19
2025-10-06 12:04:33;28.19;78183.00;36.00;1001.47;0;10;0.40;1;51.45;22.19
2025-10-06 12:04:34;28.18;78548.00;36.00;1001.47;0;10;0.40;1;51.45;22.18
2025-10-06 12:04:35;28.18;79140.00;36.00;1001.47;0;12;0.41;1;51.45;22.18
2025-10-06 12:04:36;28.18;79066.00;36.00;1001.47;0;12;0.41;1;51.45;22.18
2025-10-06 12:04:37;28.18;78256.00;36.00;1001.47;0;12;0.41;1;51.45;22.18
2025-10-06 12:04:38;28.18;78329.00;36.00;1001.47;0;12;0.41;1;51.45;22.18
2025-10-06 12:04:39;28.18;78991.00;36.00;1001.47;0;12;0.41;1;51.45;22.18
2025-10-06 12:04:40;28.18;79140.00;36.00;1001.47;0;12;0.41;1;51.45;22.18
2025-10-06 12:04:41;28.18;79289.00;36.00;1001.47;0;12;0.41;1;51.45;22.18
2025-10-06 12:04:42;28.19;79439.00;36.00;1001.45;0;12;0.41;1;51.45;22.19
2025-10-06 12:04:43;28.18;78622.00;36.00;1001.47;0;12;0.41;1;51.45;22.18
2025-10-06 12:04:44;28.18;78843.00;36.00;1001.47;0;12;0.41;1;51.45;22.18
2025-10-06 12:04:45;28.18;78110.00;36.00;1001.47;0;12;0.41;1;51.45;22.18
2025-10-06 12:04:46;28.18;78402.00;36.00;1001.47;0;12;0.41;1;51.45;22.18
2025-10-06 12:04:47;28.18;78622.00;36.00;1001.47;1;14;0.42;1;51.45;22.18
2025-10-06 12:04:48;28.18;78110.00;36.00;1001.47;1;14;0.42;1;51.45;22.18
2025-10-06 12:04:49;28.18;78110.00;36.00;1001.47;1;14;0.42;1;51.45;22.18
2025-10-06 12:04:50;28.18;78769.00;36.00;1001.47;2;15;0.43;1;51.45;22.18
2025-10-06 12:04:51;28.18;78696.00;36.00;1001.47;2;15;0.43;1;51.45;22.18
2025-10-06 12:04:52;28.18;78402.00;36.00;1001.45;2;15;0.43;1;51.45;22.18
2025-10-06 12:04:53;28.19;78991.00;36.00;1001.47;1;14;0.42;1;51.45;22.19
2025-10-06 12:04:54;28.19;78475.00;36.00;1001.47;1;14;0.42;1;51.45;22.19
2025-10-06 12:04:55;28.19;78843.00;36.00;1001.45;1;14;0.42;1;51.45;22.19
2025-10-06 12:04:56;28.18;78843.00;36.00;1001.45;2;15;0.43;1;51.45;22.18
2025-10-06 12:04:57;28.19;79289.00;36.00;1001.47;2;15;0.43;1;51.45;22.19
2025-10-06 12:04:58;28.19;79439.00;36.00;1001.47;2;15;0.43;1;51.45;22.19
2025-10-06 12:04:59;28.19;79215.00;36.00;1001.45;1;14;0.42;1;51.45;22.19
2025-10-06 12:05:00;28.18;78548.00;36.00;1001.45;1;14;0.42;1;51.45;22.18
2025-10-06 12:05:01;28.19;79289.00;36.00;1001.45;1;14;0.42;1;51.45;22.19
2025-10-06 12:05:02;28.19;79215.00;36.00;1001.47;1;14;0.42;1;51.45;22.19
2025-10-06 12:05:03;28.18;78696.00;36.00;1001.47;1;14;0.42;1;51.45;22.18
2025-10-06 12:05:04;28.18;79289.00;36.00;1001.47;1;14;0.42;1;51.45;22.18
2025-10-06 12:05:05;28.18;78696.00;36.00;1001.47;1;14;0.42;1;51.45;22.18
2025-10-06 12:05:06;28.18;79439.00;36.00;1001.47;4;16;0.43;1;51.45;22.18
2025-10-06 12:05:07;28.18;79215.00;36.00;1001.49;4;16;0.43;1;51.45;22.18
2025-10-06 12:05:08;28.18;78843.00;36.00;1001.47;4;16;0.43;1;51.45;22.18
2025-10-06 12:05:09;28.18;79515.00;36.00;1001.49;6;17;0.44;1;51.45;22.18
2025-10-06 12:05:10;28.18;79665.00;36.00;1001.49;6;17;0.44;1;51.45;22.18
2025-10-06 12:05:11;28.18;79439.00;36.00;1001.49;6;17;0.44;1;51.45;22.18
2025-10-06 12:05:12;28.18;79140.00;36.00;1001.49;6;16;0.44;1;51.45;22.18
2025-10-06 12:05:13;28.18;79140.00;36.00;1001.51;6;16;0.44;1;51.45;22.18
2025-10-06 12:05:14;28.18;79892.00;36.00;1001.49;6;16;0.44;1;51.45;22.18
2025-10-06 12:05:15;28.18;79892.00;36.00;1001.49;4;15;0.43;1;51.45;22.18
2025-10-06 12:05:16;28.18;79590.00;36.00;1001.49;4;15;0.43;1;51.45;22.18
2025-10-06 12:05:17;28.18;79817.00;36.00;1001.51;4;15;0.43;1;51.45;22.18
2025-10-06 12:05:18;28.18;80121.00;36.00;1001.49;3;15;0.43;1;51.45;22.18
2025-10-06 12:05:19;28.18;79968.00;36.00;1001.49;3;15;0.43;1;51.45;22.18
2025-10-06 12:05:20;28.18;79289.00;36.00;1001.49;3;15;0.43;1;51.45;22.18
2025-10-06 12:05:21;28.18;79515.00;36.00;1001.49;6;16;0.44;1;51.45;22.18
2025-10-06 12:05:22;28.18;79215.00;36.00;1001.49;6;16;0.44;1;51.45;22.18
2025-10-06 12:05:23;28.18;79066.00;36.00;1001.49;6;16;0.44;1;51.45;22.18
2025-10-06 12:05:24;28.17;78991.00;36.00;1001.49;9;18;0.45;1;51.45;22.17
2025-10-06 12:05:25;28.17;79665.00;36.00;1001.49;9;18;0.45;1;51.45;22.17
2025-10-06 12:05:26;28.18;79140.00;36.00;1001.49;9;18;0.45;1;51.45;22.18
2025-10-06 12:05:27;28.18;79515.00;36.00;1001.49;12;19;0.45;1;51.45;22.18
2025-10-06 12:05:28;28.18;79741.00;36.00;1001.51;12;19;0.45;1;51.45;22.18
2025-10-06 12:05:29;28.17;79515.00;36.00;1001.51;12;19;0.45;1;51.45;22.17
2025-10-06 12:05:30;28.18;79215.00;36.00;1001.51;12;19;0.46;1;51.45;22.18
2025-10-06 12:05:31;28.18;79364.00;36.00;1001.51;12;19;0.46;1;51.45;22.18
2025-10-06 12:05:32;28.18;79439.00;36.00;1001.49;12;19;0.46;1;51.45;22.18
2025-10-06 12:05:33;28.18;79817.00;36.00;1001.49;14;20;0.46;1;51.45;22.18
2025-10-06 12:05:34;28.18;79817.00;36.00;1001.49;14;20;0.46;1;51.45;22.18
2025-10-06 12:05:35;28.18;79892.00;36.00;1001.51;14;20;0.46;1;51.45;22.18
2025-10-06 12:05:36;28.18;79439.00;36.00;1001.51;15;21;0.47;1;51.45;22.18
2025-10-06 12:05:37;28.18;79817.00;36.00;1001.49;15;21;0.47;1;51.45;22.18
2025-10-06 12:05:38;28.18;79289.00;36.00;1001.49;15;21;0.47;1;51.45;22.18
2025-10-06 12:05:39;28.18;79515.00;36.00;1001.49;18;21;0.47;1;51.45;22.18
2025-10-06 12:05:40;28.18;79968.00;36.00;1001.49;18;21;0.47;1;51.45;22.18
2025-10-06 12:05:41;28.18;79817.00;36.00;1001.51;18;21;0.47;1;51.45;22.18
2025-10-06 12:05:42;28.17;79215.00;36.00;1001.51;14;20;0.46;1;51.45;22.17
2025-10-06 12:05:43;28.17;79741.00;36.00;1001.51;14;20;0.46;1;51.45;22.17
2025-10-06 12:05:44;28.18;79289.00;36.00;1001.51;14;20;0.46;1;51.45;22.18
2025-10-06 12:05:45;28.17;79590.00;36.00;1001.51;18;22;0.47;1;51.45;22.17
2025-10-06 12:05:46;28.18;80045.00;36.00;1001.51;18;22;0.47;1;51.45;22.18
2025-10-06 12:05:47;28.17;79140.00;36.00;1001.51;18;22;0.47;1;51.45;22.17
2025-10-06 12:05:48;28.17;79140.00;36.00;1001.49;20;23;0.48;1;51.45;22.17
2025-10-06 12:05:49;28.17;78183.00;36.00;1001.51;20;23;0.48;1;51.45;22.17
2025-10-06 12:05:50;28.17;78991.00;36.00;1001.49;20;23;0.48;1;51.45;22.17
2025-10-06 12:05:51;28.17;79140.00;36.00;1001.49;25;25;0.49;1;51.45;22.17
2025-10-06 12:05:52;28.17;79289.00;36.00;1001.51;25;25;0.49;1;51.45;22.17
2025-10-06 12:05:53;28.18;79364.00;36.00;1001.51;25;25;0.49;1;51.45;22.18
2025-10-06 12:05:54;28.18;79817.00;36.00;1001.49;26;25;0.50;1;51.45;22.18
2025-10-06 12:05:55;28.18;78991.00;36.00;1001.51;26;25;0.50;1;51.45;22.18
2025-10-06 12:05:56;28.17;79066.00;36.00;1001.49;26;25;0.50;1;51.45;22.17
2025-10-06 12:05:57;28.17;79439.00;36.00;1001.45;27;26;0.50;1;51.45;22.17
2025-10-06 12:05:58;28.17;79140.00;36.00;1001.49;27;26;0.50;1;51.45;22.17
2025-10-06 12:05:59;28.18;79066.00;36.00;1001.49;27;26;0.50;1;51.45;22.18
2025-10-06 12:06:00;28.18;79741.00;36.00;1001.49;28;26;0.51;1;51.45;22.18
2025-10-06 12:06:01;28.17;78843.00;36.00;1001.49;28;26;0.51;1;51.45;22.17
2025-10-06 12:06:02;28.18;79590.00;36.00;1001.49;28;26;0.51;1;51.45;22.18
2025-10-06 12:06:03;28.17;79515.00;36.00;1001.47;26;25;0.50;1;51.45;22.17
2025-10-06 12:06:04;28.17;78991.00;36.00;1001.49;26;25;0.50;1;51.45;22.17
2025-10-06 12:06:05;28.18;79215.00;36.00;1001.49;26;25;0.50;1;51.45;22.18
2025-10-06 12:06:06;28.18;78843.00;36.00;1001.47;26;25;0.50;1;51.45;22.18
2025-10-06 12:06:07;28.18;79215.00;36.00;1001.47;26;25;0.50;1;51.45;22.18
2025-10-06 12:06:08;28.17;78696.00;36.00;1001.47;26;25;0.50;1;51.45;22.17
2025-10-06 12:06:09;28.17;79515.00;36.00;1001.49;26;25;0.50;1;51.45;22.17
2025-10-06 12:06:10;28.18;78696.00;36.00;1001.49;26;25;0.50;1;51.45;22.18
2025-10-06 12:06:11;28.18;79289.00;36.00;1001.49;26;25;0.50;1;51.45;22.18
2025-10-06 12:06:12;28.18;78917.00;36.00;1001.47;28;26;0.51;1;51.45;22.18
2025-10-06 12:06:13;28.18;79439.00;36.00;1001.49;28;26;0.51;1;51.45;22.18
2025-10-06 12:06:14;28.18;78917.00;36.00;1001.47;28;26;0.51;1;51.45;22.18
2025-10-06 12:06:15;28.18;79590.00;36.00;1001.49;28;26;0.51;1;51.45;22.18
2025-10-06 12:06:16;28.17;79289.00;36.00;1001.45;28;26;0.51;1;51.45;22.17
2025-10-06 12:06:17;28.17;79892.00;36.00;1001.47;28;26;0.51;1;51.45;22.17
2025-10-06 12:06:18;28.17;79215.00;36.00;1001.49;28;26;0.51;1;51.45;22.17
2025-10-06 12:06:19;28.17;79289.00;36.00;1001.49;28;26;0.51;1;51.45;22.17
2025-10-06 12:06:20;28.17;79590.00;36.00;1001.47;28;26;0.51;1;51.45;22.17
2025-10-06 12:06:21;28.16;79439.00;36.00;1001.47;26;25;0.50;1;51.45;22.16
2025-10-06 12:06:22;28.17;79515.00;36.00;1001.47;26;25;0.50;1;51.45;22.17
2025-10-06 12:06:23;28.17;80045.00;36.00;1001.47;26;25;0.50;1;51.45;22.17
2025-10-06 12:06:24;28.17;79665.00;36.00;1001.47;25;25;0.50;1;51.45;22.17
2025-10-06 12:06:25;28.17;79590.00;36.00;1001.47;25;25;0.50;1;51.45;22.17
2025-10-06 12:06:26;28.16;79590.00;36.00;1001.47;25;25;0.50;1;51.45;22.16
2025-10-06 12:06:27;28.17;79289.00;36.00;1001.47;27;26;0.50;1;51.45;22.17
2025-10-06 12:06:28;28.16;79364.00;36.00;1001.47;27;26;0.50;1;51.45;22.16
2025-10-06 12:06:29;28.16;79364.00;36.00;1001.49;27;26;0.50;1;51.45;22.16
2025-10-06 12:06:30;28.16;79892.00;36.00;1001.49;28;26;0.51;1;51.45;22.16
2025-10-06 12:06:31;28.16;79892.00;36.00;1001.49;28;26;0.51;1;51.45;22.16
2025-10-06 12:06:32;28.16;79215.00;36.00;1001.49;28;26;0.51;1;51.45;22.16
2025-10-06 12:06:33;28.16;79665.00;36.00;1001.49;27;26;0.50;1;51.45;22.16
2025-10-06 12:06:34;28.16;79289.00;36.00;1001.49;27;26;0.50;1;51.45;22.16
2025-10-06 12:06:35;28.16;79968.00;36.00;1001.49;27;26;0.50;1;51.45;22.16
2025-10-06 12:06:36;28.16;79140.00;36.00;1001.47;25;25;0.49;1;51.45;22.16
2025-10-06 12:06:37;28.16;79741.00;36.00;1001.47;25;25;0.49;1;51.45;22.16
2025-10-06 12:06:38;28.16;79968.00;36.00;1001.49;25;25;0.49;1;51.45;22.16
2025-10-06 12:06:39;28.16;79817.00;36.00;1001.49;24;24;0.49;1;51.45;22.16
2025-10-06 12:06:40;28.16;79892.00;36.00;1001.49;24;24;0.49;1;51.45;22.16
2025-10-06 12:06:41;28.17;79289.00;36.00;1001.47;24;24;0.49;1;51.45;22.17
2025-10-06 12:06:42;28.16;79817.00;36.00;1001.47;25;25;0.49;1;51.45;22.16
2025-10-06 12:06:43;28.17;79968.00;36.00;1001.49;25;25;0.49;1;51.45;22.17
2025-10-06 12:06:44;28.16;79665.00;36.00;1001.49;25;25;0.49;1;51.45;22.16
2025-10-06 12:06:45;28.16;80045.00;36.00;1001.49;27;26;0.50;1;51.45;22.16
2025-10-06 12:06:46;28.16;79665.00;36.00;1001.49;27;26;0.50;1;51.45;22.16
2025-10-06 12:06:47;28.16;79364.00;36.00;1001.49;27;26;0.50;1;51.45;22.16
2025-10-06 12:06:48;28.16;80121.00;36.00;1001.49;29;27;0.51;1;51.45;22.16
2025-10-06 12:06:49;28.16;79439.00;36.00;1001.49;29;27;0.51;1;51.45;22.16
2025-10-06 12:06:50;28.16;79741.00;36.00;1001.49;29;27;0.51;1;51.45;22.16
2025-10-06 12:06:51;28.16;79741.00;36.00;1001.49;29;26;0.51;1;51.45;22.16
2025-10-06 12:06:52;28.16;79515.00;36.00;1001.49;29;26;0.51;1;51.45;22.16
2025-10-06 12:06:53;28.16;79892.00;36.00;1001.49;29;26;0.51;1;51.45;22.16
2025-10-06 12:06:54;28.16;79741.00;36.00;1001.49;28;26;0.51;1;51.45;22.16
2025-10-06 12:06:55;28.16;80582.00;36.00;1001.49;28;26;0.51;1;51.45;22.16
2025-10-06 12:06:56;28.16;80428.00;36.00;1001.49;28;26;0.51;1;51.45;22.16
2025-10-06 12:06:57;28.16;80659.00;36.00;1001.51;25;25;0.49;1;51.45;22.16
2025-10-06 12:06:58;28.16;80351.00;36.00;1001.49;25;25;0.49;1;51.45;22.16
2025-10-06 12:06:59;28.16;80045.00;36.00;1001.49;25;25;0.49;1;51.45;22.16
2025-10-06 12:07:00;28.16;80737.00;36.00;1001.51;25;25;0.49;1;51.45;22.16
2025-10-06 12:07:01;28.16;79665.00;36.00;1001.49;25;25;0.49;1;51.45;22.16
2025-10-06 12:07:02;28.16;79968.00;36.00;1001.49;25;25;0.49;1;51.45;22.16
2025-10-06 12:07:03;28.16;79892.00;36.00;1001.51;25;25;0.49;1;51.45;22.16
2025-10-06 12:07:04;28.15;80737.00;36.00;1001.51;25;25;0.49;1;51.45;22.15
2025-10-06 12:07:05;28.15;79892.00;36.00;1001.51;25;25;0.49;1;51.45;22.15
2025-10-06 12:07:06;28.16;80197.00;36.00;1001.51;25;25;0.49;1;51.45;22.16
2025-10-06 12:07:07;28.15;80351.00;36.00;1001.51;25;25;0.49;1;51.45;22.15
2025-10-06 12:07:08;28.15;79892.00;36.00;1001.51;25;25;0.49;1;51.45;22.15
2025-10-06 12:07:09;28.15;80045.00;36.00;1001.49;23;24;0.49;1;51.45;22.15
2025-10-06 12:07:10;28.15;80970.00;36.00;1001.49;23;24;0.49;1;51.45;22.15
2025-10-06 12:07:11;28.14;80659.00;36.00;1001.49;23;24;0.49;1;51.46;22.14
2025-10-06 12:07:12;28.14;80121.00;36.00;1001.49;25;25;0.49;1;51.46;22.14
2025-10-06 12:07:13;28.14;79892.00;36.00;1001.51;25;25;0.49;1;51.46;22.14
2025-10-06 12:07:14;28.15;79817.00;36.00;1001.49;25;25;0.49;1;51.45;22.15
2025-10-06 12:07:15;28.15;79968.00;36.00;1001.49;26;25;0.50;1;51.45;22.15
2025-10-06 12:07:16;28.15;80892.00;36.00;1001.49;26;25;0.50;1;51.45;22.15
2025-10-06 12:07:17;28.14;81048.00;36.00;1001.49;26;25;0.50;1;51.46;22.14
2025-10-06 12:07:18;28.15;80814.00;36.00;1001.49;24;24;0.49;1;51.45;22.15
2025-10-06 12:07:19;28.14;80659.00;36.00;1001.49;24;24;0.49;1;51.46;22.14
2025-10-06 12:07:20;28.14;79968.00;36.00;1001.49;24;24;0.49;1;51.46;22.14
2025-10-06 12:07:21;28.15;80659.00;36.00;1001.49;24;24;0.49;1;51.45;22.15
2025-10-06 12:07:22;28.14;80737.00;36.00;1001.49;24;24;0.49;1;51.46;22.14
2025-10-06 12:07:23;28.14;80045.00;36.00;1001.51;24;24;0.49;1;51.46;22.14
2025-10-06 12:07:24;28.15;80428.00;36.00;1001.51;24;24;0.49;1;51.45;22.15
2025-10-06 12:07:25;28.15;79817.00;36.00;1001.53;25;25;0.49;1;51.45;22.15
2025-10-06 12:07:26;28.15;80045.00;36.00;1001.49;25;25;0.49;1;51.45;22.15
2025-10-06 12:07:27;28.15;80045.00;36.00;1001.49;25;25;0.49;1;51.45;22.15
2025-10-06 12:07:28;28.15;80274.00;36.00;1001.51;26;25;0.50;1;51.45;22.15
2025-10-06 12:07:29;28.14;80197.00;36.00;1001.51;26;25;0.50;1;51.46;22.14
2025-10-06 12:07:30;28.14;79439.00;36.00;1001.49;26;25;0.50;1;51.46;22.14
2025-10-06 12:07:31;28.13;79817.00;36.00;1001.49;30;27;0.51;1;51.46;22.13
2025-10-06 12:07:32;28.13;80351.00;36.00;1001.51;30;27;0.51;1;51.46;22.13
2025-10-06 12:07:33;28.14;79892.00;36.00;1001.51;30;27;0.51;1;51.46;22.14
2025-10-06 12:07:34;28.14;80045.00;36.00;1001.51;31;27;0.52;1;51.46;22.14
2025-10-06 12:07:35;28.14;79968.00;36.00;1001.49;31;27;0.52;1;51.46;22.14
2025-10-06 12:07:36;28.14;80045.00;36.00;1001.51;31;27;0.52;1;51.46;22.14
2025-10-06 12:07:37;28.15;79741.00;36.00;1001.51;31;27;0.52;1;51.45;22.15
2025-10-06 12:07:38;28.14;80045.00;36.00;1001.51;31;27;0.52;1;51.46;22.14
2025-10-06 12:07:39;28.14;79590.00;36.00;1001.51;31;27;0.52;1;51.46;22.14
2025-10-06 12:07:40;28.14;80737.00;36.00;1001.51;33;28;0.52;1;51.46;22.14
2025-10-06 12:07:41;28.14;80582.00;36.00;1001.51;33;28;0.52;1;51.46;22.14
2025-10-06 12:07:42;28.14;80351.00;36.00;1001.51;33;28;0.52;1;51.46;22.14
2025-10-06 12:07:43;28.14;79892.00;36.00;1001.51;31;27;0.52;1;51.46;22.14
2025-10-06 12:07:44;28.14;80505.00;36.00;1001.51;31;27;0.52;1;51.46;22.14
2025-10-06 12:07:45;28.14;80970.00;36.00;1001.51;31;27;0.52;1;51.46;22.14
2025-10-06 12:07:46;28.14;80197.00;36.00;1001.51;27;25;0.50;1;51.46;22.14
2025-10-06 12:07:47;28.14;79741.00;36.00;1001.51;27;25;0.50;1;51.46;22.14
2025-10-06 12:07:48;28.14;79892.00;36.00;1001.51;27;25;0.50;1;51.46;22.14
2025-10-06 12:07:49;28.14;80045.00;36.00;1001.51;29;26;0.51;1;51.46;22.14
2025-10-06 12:07:50;28.14;80121.00;36.00;1001.51;29;26;0.51;1;51.46;22.14
2025-10-06 12:07:51;28.14;80045.00;36.00;1001.51;29;26;0.51;1;51.46;22.14
2025-10-06 12:07:52;28.14;79741.00;36.00;1001.51;30;27;0.51;1;51.46;22.14
2025-10-06 12:07:53;28.13;79590.00;36.00;1001.51;30;27;0.51;1;51.46;22.13
2025-10-06 12:07:54;28.14;79817.00;36.00;1001.51;30;27;0.51;1;51.46;22.14
2025-10-06 12:07:55;28.14;79665.00;36.00;1001.51;32;28;0.52;1;51.46;22.14
2025-10-06 12:07:56;28.14;80274.00;36.00;1001.51;32;28;0.52;1;51.46;22.14
2025-10-06 12:07:57;28.14;80045.00;36.00;1001.51;32;28;0.52;1;51.46;22.14
2025-10-06 12:07:58;28.14;80197.00;36.00;1001.51;32;28;0.52;1;51.46;22.14
2025-10-06 12:07:59;28.14;79968.00;36.00;1001.51;32;28;0.52;1;51.46;22.14
2025-10-06 12:08:00;28.14;79968.00;36.00;1001.51;32;28;0.52;1;51.46;22.14
2025-10-06 12:08:01;28.13;79892.00;36.00;1001.51;32;28;0.52;1;51.46;22.13
2025-10-06 12:08:02;28.13;80659.00;36.00;1001.49;32;28;0.52;1;51.46;22.13
2025-10-06 12:08:03;28.13;80197.00;36.00;1001.49;32;28;0.52;1;51.46;22.13
2025-10-06 12:08:04;28.13;80505.00;36.00;1001.49;33;28;0.52;1;51.46;22.13
2025-10-06 12:08:05;28.13;80428.00;36.00;1001.49;33;28;0.52;1;51.46;22.13
2025-10-06 12:08:06;28.13;80045.00;36.00;1001.49;33;28;0.52;1;51.46;22.13
2025-10-06 12:08:07;28.12;79817.00;36.00;1001.49;29;27;0.51;1;51.46;22.12
2025-10-06 12:08:08;28.12;80274.00;36.00;1001.49;29;27;0.51;1;51.46;22.12
2025-10-06 12:08:09;28.12;80737.00;36.00;1001.47;29;27;0.51;1;51.46;22.12
2025-10-06 12:08:10;28.12;80197.00;36.00;1001.47;27;26;0.50;1;51.46;22.12
2025-10-06 12:08:11;28.12;80121.00;36.00;1001.47;27;26;0.50;1;51.46;22.12
2025-10-06 12:08:12;28.11;79590.00;36.00;1001.49;27;26;0.50;1;51.46;22.11
2025-10-06 12:08:13;28.12;79892.00;36.00;1001.47;26;25;0.50;1;51.46;22.12
2025-10-06 12:08:14;28.11;80737.00;36.00;1001.47;26;25;0.50;1;51.46;22.11
2025-10-06 12:08:15;28.10;80197.00;36.00;1001.45;26;25;0.50;1;51.46;22.10
2025-10-06 12:08:16;28.11;79892.00;36.00;1001.45;27;26;0.50;1;51.46;22.11
2025-10-06 12:08:17;28.11;80197.00;36.00;1001.45;27;26;0.50;1;51.46;22.11
2025-10-06 12:08:18;28.10;79892.00;36.00;1001.45;27;26;0.50;1;51.46;22.10
2025-10-06 12:08:19;28.10;80814.00;36.00;1001.45;29;27;0.51;1;51.46;22.10
2025-10-06 12:08:20;28.10;79892.00;36.00;1001.45;29;27;0.51;1;51.46;22.10
2025-10-06 12:08:21;28.10;79968.00;36.00;1001.47;29;27;0.51;1;51.46;22.10
2025-10-06 12:08:22;28.10;79892.00;36.00;1001.47;30;27;0.51;1;51.46;22.10
2025-10-06 12:08:23;28.10;79968.00;36.00;1001.47;30;27;0.51;1;51.46;22.10
2025-10-06 12:08:24;28.10;79289.00;36.00;1001.47;30;27;0.51;1;51.46;22.10
2025-10-06 12:08:25;28.09;80045.00;36.00;1001.47;29;27;0.51;1;51.46;22.09
2025-10-06 12:08:26;28.10;79665.00;36.00;1001.49;29;27;0.51;1;51.46;22.10
2025-10-06 12:08:27;28.09;79892.00;36.00;1001.47;29;27;0.51;1;51.46;22.09
2025-10-06 12:08:28;28.09;80045.00;36.00;1001.47;30;27;0.52;1;51.46;22.09
2025-10-06 12:08:29;28.09;80197.00;36.00;1001.47;30;27;0.52;1;51.46;22.09
2025-10-06 12:08:30;28.09;79968.00;36.00;1001.49;30;27;0.52;1;51.46;22.09
2025-10-06 12:08:31;28.09;79817.00;36.00;1001.47;32;28;0.52;1;51.46;22.09
2025-10-06 12:08:32;28.09;79892.00;36.00;1001.49;32;28;0.52;1;51.46;22.09
2025-10-06 12:08:33;28.10;80045.00;36.00;1001.47;32;28;0.52;1;51.46;22.10
2025-10-06 12:08:34;28.10;79364.00;36.00;1001.47;32;28;0.52;1;51.46;22.10
2025-10-06 12:08:35;28.09;79968.00;36.00;1001.47;32;28;0.52;1;51.46;22.09
2025-10-06 12:08:36;28.09;79515.00;36.00;1001.47;32;28;0.52;1;51.46;22.09
2025-10-06 12:08:37;28.09;79665.00;36.00;1001.49;34;29;0.53;1;51.46;22.09
2025-10-06 12:08:38;28.09;79665.00;36.00;1001.49;34;29;0.53;1;51.46;22.09
2025-10-06 12:08:39;28.09;79590.00;36.00;1001.45;34;29;0.53;1;51.46;22.09
2025-10-06 12:08:40;28.08;79968.00;36.00;1001.45;35;29;0.53;1;51.46;22.08
2025-10-06 12:08:41;28.09;79439.00;36.00;1001.45;35;29;0.53;1;51.46;22.09
2025-10-06 12:08:42;28.09;79590.00;36.00;1001.45;35;29;0.53;1;51.46;22.09
2025-10-06 12:08:43;28.09;80121.00;36.00;1001.45;37;30;0.54;1;51.46;22.09
2025-10-06 12:08:44;28.09;79968.00;36.00;1001.45;37;30;0.54;1;51.46;22.09
2025-10-06 12:08:45;28.09;78769.00;36.00;1001.45;37;30;0.54;1;51.46;22.09
2025-10-06 12:08:46;28.09;79892.00;36.00;1001.49;39;31;0.55;1;51.46;22.09
2025-10-06 12:08:47;28.09;79515.00;36.00;1001.47;39;31;0.55;1;51.46;22.09
2025-10-06 12:08:48;28.09;79515.00;36.00;1001.45;39;31;0.55;1;51.46;22.09
2025-10-06 12:08:49;28.09;79590.00;36.00;1001.47;40;31;0.55;1;51.46;22.09
2025-10-06 12:08:50;28.09;79289.00;36.00;1001.43;40;31;0.55;1;51.46;22.09
2025-10-06 12:08:51;28.09;79892.00;36.00;1001.47;40;31;0.55;1;51.46;22.09
2025-10-06 12:08:52;28.08;79289.00;36.00;1001.45;39;31;0.54;1;51.46;22.08
2025-10-06 12:08:53;28.09;79817.00;36.00;1001.45;39;31;0.54;1;51.46;22.09
2025-10-06 12:08:54;28.09;79741.00;36.00;1001.45;39;31;0.54;1;51.46;22.09
2025-10-06 12:08:55;28.09;79515.00;36.00;1001.45;40;31;0.55;1;51.46;22.09
2025-10-06 12:08:56;28.09;79968.00;36.00;1001.49;40;31;0.55;1;51.46;22.09
2025-10-06 12:08:57;28.09;80505.00;36.00;1001.49;40;31;0.55;1;51.46;22.09
2025-10-06 12:08:58;28.09;79515.00;36.00;1001.49;40;31;0.55;1;51.46;22.09
2025-10-06 12:08:59;28.09;79590.00;36.00;1001.47;40;31;0.55;1;51.46;22.09
2025-10-06 12:09:00;28.08;79515.00;36.00;1001.47;40;31;0.55;1;51.46;22.08
2025-10-06 12:09:01;28.08;79515.00;36.00;1001.45;40;31;0.55;1;51.46;22.08
2025-10-06 12:09:02;28.09;79364.00;36.00;1001.45;40;31;0.55;1;51.46;22.09
2025-10-06 12:09:03;28.08;79968.00;36.00;1001.45;40;31;0.55;1;51.46;22.08
2025-10-06 12:09:04;28.08;79741.00;36.00;1001.45;40;31;0.55;1;51.46;22.08
2025-10-06 12:09:05;28.08;79892.00;36.00;1001.45;40;31;0.55;1;51.46;22.08
2025-10-06 12:09:06;28.08;80274.00;36.00;1001.47;40;31;0.55;1;51.46;22.08
2025-10-06 12:09:07;28.08;79665.00;36.00;1001.47;40;31;0.55;1;51.46;22.08
2025-10-06 12:09:08;28.08;80892.00;36.00;1001.47;40;31;0.55;1;51.46;22.08
2025-10-06 12:09:09;28.08;80428.00;36.00;1001.45;40;31;0.55;1;51.46;22.08
2025-10-06 12:09:10;28.08;80197.00;36.00;1001.45;40;31;0.55;1;51.46;22.08
2025-10-06 12:09:11;28.08;79140.00;36.00;1001.47;40;31;0.55;1;51.46;22.08
2025-10-06 12:09:12;28.08;79892.00;36.00;1001.47;40;31;0.55;1;51.46;22.08
2025-10-06 12:09:13;28.08;80197.00;36.00;1001.47;37;30;0.54;1;51.46;22.08
2025-10-06 12:09:14;28.08;79665.00;36.00;1001.47;37;30;0.54;1;51.46;22.08
2025-10-06 12:09:15;28.08;80351.00;36.00;1001.47;37;30;0.54;1;51.46;22.08
2025-10-06 12:09:16;28.08;79817.00;36.00;1001.49;37;30;0.54;1;51.46;22.08
2025-10-06 12:09:17;28.08;80197.00;36.00;1001.47;37;30;0.54;1;51.46;22.08
2025-10-06 12:09:18;28.08;79515.00;36.00;1001.47;37;30;0.54;1;51.46;22.08
2025-10-06 12:09:19;28.08;79892.00;36.00;1001.47;38;31;0.54;1;51.46;22.08
2025-10-06 12:09:20;28.08;80814.00;36.00;1001.47;38;31;0.54;1;51.46;22.08
2025-10-06 12:09:21;28.08;79590.00;36.00;1001.47;38;31;0.54;1;51.46;22.08
2025-10-06 12:09:22;28.08;79741.00;36.00;1001.47;38;30;0.54;1;51.46;22.08
2025-10-06 12:09:23;28.08;79741.00;36.00;1001.47;38;30;0.54;1;51.46;22.08
2025-10-06 12:09:24;28.07;79515.00;36.00;1001.47;38;30;0.54;1;51.47;22.07
2025-10-06 12:09:25;28.08;79892.00;36.00;1001.45;37;30;0.54;1;51.46;22.08
2025-10-06 12:09:26;28.07;79439.00;36.00;1001.47;37;30;0.54;1;51.47;22.07
2025-10-06 12:09:27;28.07;79590.00;36.00;1001.47;37;30;0.54;1;51.47;22.07
2025-10-06 12:09:28;28.07;79741.00;36.00;1001.47;40;31;0.55;1;51.47;22.07
2025-10-06 12:09:29;28.07;79515.00;36.00;1001.47;40;31;0.55;1;51.47;22.07
2025-10-06 12:09:30;28.08;79439.00;36.00;1001.47;40;31;0.55;1;51.46;22.08
2025-10-06 12:09:31;28.08;79817.00;36.00;1001.47;40;31;0.55;1;51.46;22.08
2025-10-06 12:09:32;28.08;79665.00;36.00;1001.47;40;31;0.55;1;51.46;22.08
2025-10-06 12:09:33;28.07;79364.00;36.00;1001.47;40;31;0.55;1;51.47;22.07
2025-10-06 12:09:34;28.08;79289.00;36.00;1001.47;41;32;0.55;1;51.46;22.08
2025-10-06 12:09:35;28.08;79364.00;36.00;1001.47;41;32;0.55;1;51.46;22.08
2025-10-06 12:09:36;28.08;79968.00;36.00;1001.47;41;32;0.55;1;51.46;22.08
2025-10-06 12:09:37;28.08;79364.00;36.00;1001.47;42;32;0.56;1;51.46;22.08
2025-10-06 12:09:38;28.08;79515.00;36.00;1001.47;42;32;0.56;1;51.46;22.08
2025-10-06 12:09:39;28.07;79439.00;36.00;1001.45;42;32;0.56;1;51.47;22.07
2025-10-06 12:09:40;28.07;79140.00;36.00;1001.47;44;33;0.56;1;51.47;22.07
2025-10-06 12:09:41;28.07;79892.00;36.00;1001.45;44;33;0.56;1;51.47;22.07
2025-10-06 12:09:42;28.07;79289.00;36.00;1001.43;44;33;0.56;1;51.47;22.07
2025-10-06 12:09:43;28.07;79289.00;36.00;1001.43;44;33;0.56;1;51.47;22.07
2025-10-06 12:09:44;28.07;78917.00;36.00;1001.43;44;33;0.56;1;51.47;22.07
2025-10-06 12:09:45;28.07;79364.00;36.00;1001.45;44;33;0.56;1;51.47;22.07
2025-10-06 12:09:46;28.07;79215.00;36.00;1001.45;44;33;0.56;1;51.47;22.07
2025-10-06 12:09:47;28.07;79066.00;36.00;1001.45;45;33;0.57;1;51.47;22.07
2025-10-06 12:09:48;28.06;79439.00;36.00;1001.45;45;33;0.57;1;51.47;22.06
2025-10-06 12:09:49;28.07;79590.00;36.00;1001.45;45;33;0.57;1;51.47;22.07
2025-10-06 12:09:50;28.06;79215.00;36.00;1001.45;44;33;0.56;1;51.47;22.06
2025-10-06 12:09:51;28.06;79439.00;36.00;1001.45;44;33;0.56;1;51.47;22.06
2025-10-06 12:09:52;28.06;79289.00;36.00;1001.45;44;33;0.56;1;51.47;22.06
2025-10-06 12:09:53;28.06;79215.00;36.00;1001.45;44;33;0.56;1;51.47;22.06
2025-10-06 12:09:54;28.07;79364.00;36.00;1001.45;44;33;0.56;1;51.47;22.07
2025-10-06 12:09:55;28.07;78696.00;36.00;1001.45;44;33;0.56;1;51.47;22.07
2025-10-06 12:09:56;28.07;79289.00;36.00;1001.45;47;34;0.58;1;51.47;22.07
2025-10-06 12:09:57;28.07;78991.00;36.00;1001.45;47;34;0.58;1;51.47;22.07
2025-10-06 12:09:58;28.07;79066.00;36.00;1001.45;47;34;0.58;1;51.47;22.07
2025-10-06 12:09:59;28.07;79364.00;36.00;1001.45;48;35;0.58;1;51.47;22.07
2025-10-06 12:10:00;28.07;78402.00;36.00;1001.45;48;35;0.58;1;51.47;22.07
2025-10-06 12:10:01;28.06;78183.00;36.00;1001.45;48;35;0.58;1;51.47;22.06
2025-10-06 12:10:02;28.06;78038.00;36.00;1001.45;52;37;0.59;1;51.47;22.06
2025-10-06 12:10:03;28.06;78038.00;36.00;1001.43;52;37;0.59;1;51.47;22.06
2025-10-06 12:10:04;27.89;77821.00;36.00;1001.40;52;37;0.59;1;51.49;21.89
2025-10-06 12:10:05;27.71;77249.00;36.00;1001.40;57;39;0.62;1;51.52;21.71
2025-10-06 12:10:06;27.53;77249.00;36.00;1001.43;57;39;0.62;1;51.54;21.53
2025-10-06 12:10:07;27.34;76615.00;36.00;1001.43;57;39;0.62;1;51.57;21.34
2025-10-06 12:10:08;27.24;76615.00;37.00;1001.41;68;43;0.66;1;53.01;21.24
2025-10-06 12:10:09;27.14;76476.00;37.00;1001.41;68;43;0.66;1;53.03;21.14
2025-10-06 12:10:10;27.11;76825.00;37.00;1001.41;68;43;0.66;1;53.03;21.11
2025-10-06 12:10:11;27.15;76129.00;37.00;1001.43;76;47;0.70;1;53.03;21.15
2025-10-06 12:10:12;27.17;76545.00;37.00;1001.45;76;47;0.70;1;53.02;21.17
2025-10-06 12:10:13;27.19;76755.00;37.00;1001.49;76;47;0.70;1;53.02;21.19
2025-10-06 12:10:14;27.20;76406.00;37.00;1001.49;82;50;0.73;1;53.02;21.20
2025-10-06 12:10:15;27.21;77463.00;37.00;1001.49;82;50;0.73;1;53.02;21.21
2025-10-06 12:10:16;27.22;77821.00;37.00;1001.47;82;50;0.73;1;53.02;21.22
2025-10-06 12:10:17;27.24;77606.00;38.00;1001.47;79;48;0.71;1;54.45;21.24
2025-10-06 12:10:18;27.24;77677.00;38.00;1001.47;79;48;0.71;1;54.45;21.24
2025-10-06 12:10:19;27.26;77821.00;37.00;1001.47;79;48;0.71;1;53.01;21.26
2025-10-06 12:10:20;27.26;78183.00;37.00;1001.45;77;48;0.70;1;53.01;21.26
2025-10-06 12:10:21;27.26;77821.00;37.00;1001.43;77;48;0.70;1;53.01;21.26
2025-10-06 12:10:22;27.24;78038.00;38.00;1001.43;77;48;0.70;1;54.45;21.24
2025-10-06 12:10:23;27.23;77677.00;38.00;1001.45;74;46;0.69;1;54.45;21.23
2025-10-06 12:10:24;27.23;77821.00;38.00;1001.45;74;46;0.69;1;54.45;21.23
2025-10-06 12:10:25;27.24;78038.00;38.00;1001.43;74;46;0.69;1;54.45;21.24
2025-10-06 12:10:26;27.24;76476.00;38.00;1001.43;73;46;0.69;1;54.45;21.24
2025-10-06 12:10:27;27.25;75923.00;38.00;1001.47;73;46;0.69;1;54.44;21.25
2025-10-06 12:10:28;27.26;76406.00;38.00;1001.45;73;46;0.69;1;54.44;21.26
2025-10-06 12:10:29;27.25;76129.00;38.00;1001.45;79;48;0.71;1;54.44;21.25
2025-10-06 12:10:30;27.24;75855.00;38.00;1001.45;79;48;0.71;1;54.45;21.24
2025-10-06 12:10:31;27.24;74510.00;38.00;1001.45;79;48;0.71;1;54.45;21.24
2025-10-06 12:10:32;27.24;74576.00;38.00;1001.45;88;52;0.75;1;54.45;21.24
2025-10-06 12:10:33;27.24;74050.00;38.00;1001.45;88;52;0.75;1;54.45;21.24
2025-10-06 12:10:34;27.24;74246.00;38.00;1001.47;88;52;0.75;1;54.45;21.24
2025-10-06 12:10:35;27.24;73532.00;38.00;1001.45;98;57;0.81;1;54.45;21.24
2025-10-06 12:10:36;27.24;73661.00;38.00;1001.47;98;57;0.81;1;54.45;21.24
2025-10-06 12:10:37;27.24;73985.00;38.00;1001.47;98;57;0.81;1;54.45;21.24
2025-10-06 12:10:38;27.24;73275.00;38.00;1001.47;108;61;0.86;1;54.45;21.24
2025-10-06 12:10:39;27.24;73855.00;38.00;1001.45;108;61;0.86;1;54.45;21.24
2025-10-06 12:10:40;27.24;73855.00;38.00;1001.45;108;61;0.86;1;54.45;21.24
2025-10-06 12:10:41;27.24;73596.00;38.00;1001.45;114;64;0.90;1;54.45;21.24
2025-10-06 12:10:42;27.25;73467.00;38.00;1001.45;114;64;0.90;1;54.44;21.25
2025-10-06 12:10:43;27.24;73532.00;38.00;1001.45;114;64;0.90;1;54.45;21.24
2025-10-06 12:10:44;27.24;73661.00;38.00;1001.47;117;65;0.92;1;54.45;21.24
2025-10-06 12:10:45;27.24;73725.00;38.00;1001.47;117;65;0.92;1;54.45;21.24
2025-10-06 12:10:46;27.24;74576.00;38.00;1001.45;117;65;0.92;1;54.45;21.24
2025-10-06 12:10:47;27.22;74576.00;38.00;1001.45;120;66;0.94;1;54.45;21.22
2025-10-06 12:10:48;27.22;74708.00;38.00;1001.45;120;66;0.94;1;54.45;21.22
2025-10-06 12:10:49;27.20;74642.00;38.00;1001.47;120;66;0.94;1;54.45;21.20
2025-10-06 12:10:50;27.19;75109.00;38.00;1001.49;120;66;0.93;1;54.45;21.19
2025-10-06 12:10:51;27.18;74181.00;38.00;1001.49;120;66;0.93;1;54.45;21.18
2025-10-06 12:10:52;27.16;74378.00;38.00;1001.51;120;66;0.93;1;54.46;21.16
2025-10-06 12:10:53;27.15;74510.00;38.00;1001.47;120;66;0.93;1;54.46;21.15
2025-10-06 12:10:54;27.14;74181.00;38.00;1001.49;120;66;0.93;1;54.46;21.14
2025-10-06 12:10:55;27.13;74378.00;38.00;1001.49;120;66;0.93;1;54.46;21.13
2025-10-06 12:10:56;27.12;74444.00;38.00;1001.49;119;66;0.93;1;54.46;21.12
2025-10-06 12:10:57;27.10;74312.00;38.00;1001.47;119;66;0.93;1;54.47;21.10
2025-10-06 12:10:58;27.08;74510.00;38.00;1001.51;119;66;0.93;1;54.47;21.08
2025-10-06 12:10:59;27.06;74908.00;38.00;1001.51;118;65;0.92;1;54.47;21.06
2025-10-06 12:11:00;27.06;75109.00;38.00;1001.53;118;65;0.92;1;54.47;21.06
2025-10-06 12:11:01;27.04;75718.00;38.00;1001.53;118;65;0.92;1;54.47;21.04
2025-10-06 12:11:02;27.03;76129.00;38.00;1001.51;113;63;0.89;1;54.48;21.03
2025-10-06 12:11:03;27.02;75650.00;38.00;1001.53;113;63;0.89;1;54.48;21.02
2025-10-06 12:11:04;27.00;75923.00;38.00;1001.53;113;63;0.89;1;54.48;21.00
2025-10-06 12:11:05;26.99;76685.00;38.00;1001.53;107;61;0.86;1;54.48;20.99
2025-10-06 12:11:06;26.98;76476.00;38.00;1001.51;107;61;0.86;1;54.48;20.98
2025-10-06 12:11:07;26.96;76268.00;38.00;1001.51;107;61;0.86;1;54.49;20.96
2025-10-06 12:11:08;26.95;76545.00;38.00;1001.51;101;58;0.82;1;54.49;20.95
2025-10-06 12:11:09;26.94;77037.00;38.00;1001.49;101;58;0.82;1;54.49;20.94
2025-10-06 12:11:10;26.92;77178.00;38.00;1001.51;101;58;0.82;1;54.49;20.92
2025-10-06 12:11:11;26.91;77463.00;38.00;1001.51;91;53;0.77;1;54.49;20.91
2025-10-06 12:11:12;26.90;78038.00;38.00;1001.51;91;53;0.77;1;54.50;20.90
2025-10-06 12:11:13;26.88;78110.00;38.00;1001.49;91;53;0.77;1;54.50;20.88
2025-10-06 12:11:14;26.86;78183.00;38.00;1001.51;84;51;0.74;1;54.50;20.86
2025-10-06 12:11:15;26.84;79066.00;38.00;1001.53;84;51;0.74;1;54.50;20.84
2025-10-06 12:11:16;26.83;78769.00;38.00;1001.53;84;51;0.74;1;54.51;20.83
2025-10-06 12:11:17;26.81;78991.00;38.00;1001.51;75;47;0.69;1;54.51;20.81
2025-10-06 12:11:18;26.79;79066.00;38.00;1001.51;75;47;0.69;1;54.51;20.79
2025-10-06 12:11:19;26.76;78475.00;38.00;1001.53;75;47;0.69;1;54.52;20.76
2025-10-06 12:11:20;26.75;79289.00;38.00;1001.51;67;43;0.66;1;54.52;20.75
2025-10-06 12:11:21;26.74;79515.00;38.00;1001.51;67;43;0.66;1;54.52;20.74
2025-10-06 12:11:22;26.72;78622.00;38.00;1001.49;67;43;0.66;1;54.52;20.72
2025-10-06 12:11:23;26.70;79364.00;38.00;1001.51;62;41;0.64;1;54.53;20.70
2025-10-06 12:11:24;26.69;78843.00;38.00;1001.49;62;41;0.64;1;54.53;20.69
2025-10-06 12:11:25;26.68;79066.00;38.00;1001.51;62;41;0.64;1;54.53;20.68
2025-10-06 12:11:26;26.68;79590.00;38.00;1001.49;59;40;0.62;1;54.53;20.68
2025-10-06 12:11:27;26.68;79741.00;38.00;1001.49;59;40;0.62;1;54.53;20.68
2025-10-06 12:11:28;26.69;79439.00;38.00;1001.49;59;40;0.62;1;54.53;20.69
2025-10-06 12:11:29;26.69;78917.00;38.00;1001.47;59;39;0.62;1;54.53;20.69
2025-10-06 12:11:30;26.71;78843.00;39.00;1001.49;59;39;0.62;1;55.96;20.71
2025-10-06 12:11:31;26.73;78622.00;39.00;1001.51;59;39;0.62;1;55.96;20.73
2025-10-06 12:11:32;26.73;78991.00;39.00;1001.49;58;39;0.62;1;55.96;20.73
2025-10-06 12:11:33;26.75;78696.00;40.00;1001.49;58;39;0.62;1;57.39;20.75
2025-10-06 12:11:34;26.77;78769.00;40.00;1001.49;58;39;0.62;1;57.38;20.77
2025-10-06 12:11:35;26.78;78917.00;40.00;1001.47;59;40;0.62;1;57.38;20.78
2025-10-06 12:11:36;26.79;78475.00;40.00;1001.49;59;40;0.62;1;57.38;20.79
2025-10-06 12:11:37;26.79;79066.00;40.00;1001.49;59;40;0.62;1;57.38;20.79
2025-10-06 12:11:38;26.80;79289.00;40.00;1001.51;54;37;0.60;1;57.38;20.80
2025-10-06 12:11:39;26.81;79215.00;40.00;1001.49;54;37;0.60;1;57.38;20.81
2025-10-06 12:11:40;26.82;79439.00;40.00;1001.49;54;37;0.60;1;57.38;20.82
2025-10-06 12:11:41;26.83;80121.00;40.00;1001.49;46;34;0.57;1;57.37;20.83
2025-10-06 12:11:42;26.84;79289.00;40.00;1001.49;46;34;0.57;1;57.37;20.84
2025-10-06 12:11:43;26.84;78917.00;40.00;1001.51;46;34;0.57;1;57.37;20.84
2025-10-06 12:11:44;26.85;79665.00;40.00;1001.51;43;33;0.56;1;57.37;20.85
2025-10-06 12:11:45;26.85;79215.00;40.00;1001.49;43;33;0.56;1;57.37;20.85
2025-10-06 12:11:46;26.87;79741.00;40.00;1001.51;43;33;0.56;1;57.37;20.87
2025-10-06 12:11:47;26.87;79817.00;40.00;1001.51;39;31;0.55;1;57.37;20.87
2025-10-06 12:11:48;26.88;80121.00;40.00;1001.49;39;31;0.55;1;57.37;20.88
2025-10-06 12:11:49;26.89;80121.00;40.00;1001.49;39;31;0.55;1;57.37;20.89
2025-10-06 12:11:50;26.89;80274.00;40.00;1001.49;35;29;0.53;1;57.37;20.89
2025-10-06 12:11:51;26.89;80274.00;40.00;1001.49;35;29;0.53;1;57.37;20.89
2025-10-06 12:11:52;26.90;80351.00;39.00;1001.51;35;29;0.53;1;55.93;20.90
2025-10-06 12:11:53;26.91;80737.00;39.00;1001.51;30;27;0.51;1;55.93;20.91
2025-10-06 12:11:54;26.91;80970.00;39.00;1001.49;30;27;0.51;1;55.93;20.91
2025-10-06 12:11:55;26.92;80970.00;39.00;1001.51;30;27;0.51;1;55.93;20.92
2025-10-06 12:11:56;26.92;81126.00;39.00;1001.49;25;25;0.50;1;55.93;20.92
2025-10-06 12:11:57;26.92;81126.00;39.00;1001.49;25;25;0.50;1;55.93;20.92
2025-10-06 12:11:58;26.93;82077.00;39.00;1001.55;25;25;0.50;1;55.93;20.93
2025-10-06 12:11:59;26.94;81283.00;39.00;1001.53;25;25;0.50;1;55.92;20.94
2025-10-06 12:12:00;26.94;81758.00;39.00;1001.53;22;23;0.49;1;55.92;20.94
2025-10-06 12:12:01;26.95;81599.00;39.00;1001.51;22;23;0.49;1;55.92;20.95
2025-10-06 12:12:02;26.95;81837.00;39.00;1001.53;22;23;0.49;1;55.92;20.95
2025-10-06 12:12:03;26.96;81997.00;39.00;1001.53;17;21;0.47;1;55.92;20.96
2025-10-06 12:12:04;26.97;81837.00;39.00;1001.53;17;21;0.47;1;55.92;20.97
2025-10-06 12:12:05;26.97;82642.00;39.00;1001.51;17;21;0.47;1;55.92;20.97
2025-10-06 12:12:06;26.97;81997.00;39.00;1001.51;11;19;0.45;1;55.92;20.97
2025-10-06 12:12:07;26.98;81917.00;39.00;1001.53;11;19;0.45;1;55.92;20.98
2025-10-06 12:12:08;26.98;82238.00;39.00;1001.53;11;19;0.45;1;55.92;20.98
2025-10-06 12:12:09;26.99;82968.00;39.00;1001.51;9;18;0.45;1;55.92;20.99
2025-10-06 12:12:10;27.00;83215.00;39.00;1001.53;9;18;0.45;1;55.91;21.00
2025-10-06 12:12:11;27.00;82318.00;39.00;1001.53;9;18;0.45;1;55.91;21.00
2025-10-06 12:12:12;27.01;82238.00;39.00;1001.51;8;17;0.44;1;55.91;21.01
2025-10-06 12:12:13;27.01;82318.00;39.00;1001.51;8;17;0.44;1;55.91;21.01
2025-10-06 12:12:14;27.02;82399.00;38.00;1001.49;8;17;0.44;1;54.48;21.02
2025-10-06 12:12:15;27.02;82238.00;38.00;1001.51;8;17;0.44;1;54.48;21.02
2025-10-06 12:12:16;27.03;82399.00;38.00;1001.51;8;17;0.44;1;54.48;21.03
2025-10-06 12:12:17;27.03;82238.00;38.00;1001.49;8;17;0.44;1;54.48;21.03
2025-10-06 12:12:18;27.03;82642.00;38.00;1001.51;9;18;0.45;1;54.48;21.03
2025-10-06 12:12:19;27.04;82318.00;38.00;1001.51;9;18;0.45;1;54.47;21.04
2025-10-06 12:12:20;27.05;82642.00;38.00;1001.51;9;18;0.45;1;54.47;21.05
2025-10-06 12:12:21;27.05;82642.00;38.00;1001.51;9;18;0.45;1;54.47;21.05
2025-10-06 12:12:22;27.05;82157.00;38.00;1001.49;9;18;0.45;1;54.47;21.05
2025-10-06 12:12:23;27.06;82399.00;38.00;1001.53;9;18;0.45;1;54.47;21.06
2025-10-06 12:12:24;27.07;82561.00;38.00;1001.51;10;18;0.45;1;54.47;21.07
2025-10-06 12:12:25;27.07;82561.00;38.00;1001.49;10;18;0.45;1;54.47;21.07
2025-10-06 12:12:26;27.07;81917.00;38.00;1001.49;10;18;0.45;1;54.47;21.07
2025-10-06 12:12:27;27.08;83050.00;38.00;1001.51;9;18;0.45;1;54.47;21.08
2025-10-06 12:12:28;27.08;82886.00;38.00;1001.51;9;18;0.45;1;54.47;21.08
2025-10-06 12:12:29;27.08;82886.00;38.00;1001.51;9;18;0.45;1;54.47;21.08
2025-10-06 12:12:30;27.09;82238.00;38.00;1001.51;10;18;0.45;1;54.47;21.09
2025-10-06 12:12:31;27.09;82886.00;38.00;1001.49;10;18;0.45;1;54.47;21.09
2025-10-06 12:12:32;27.09;83546.00;38.00;1001.49;10;18;0.45;1;54.47;21.09
2025-10-06 12:12:33;27.10;82805.00;38.00;1001.51;8;17;0.44;1;54.47;21.10
2025-10-06 12:12:34;27.11;83215.00;38.00;1001.51;8;17;0.44;1;54.46;21.11
2025-10-06 12:12:35;27.11;83132.00;38.00;1001.49;8;17;0.44;1;54.46;21.11
2025-10-06 12:12:36;27.12;82805.00;38.00;1001.47;8;17;0.44;1;54.46;21.12
2025-10-06 12:12:37;27.12;83546.00;38.00;1001.49;8;17;0.44;1;54.46;21.12
2025-10-06 12:12:38;27.13;82968.00;38.00;1001.49;8;17;0.44;1;54.46;21.13
2025-10-06 12:12:39;27.13;83380.00;38.00;1001.49;10;18;0.45;1;54.46;21.13
2025-10-06 12:12:40;27.13;82968.00;38.00;1001.47;10;18;0.45;1;54.46;21.13
2025-10-06 12:12:41;27.14;82805.00;38.00;1001.51;10;18;0.45;1;54.46;21.14
2025-10-06 12:12:42;27.14;82886.00;38.00;1001.51;13;19;0.46;1;54.46;21.14
2025-10-06 12:12:43;27.15;83380.00;38.00;1001.49;13;19;0.46;1;54.46;21.15
2025-10-06 12:12:44;27.15;83712.00;38.00;1001.49;13;19;0.46;1;54.46;21.15
2025-10-06 12:12:45;27.15;82318.00;38.00;1001.47;11;19;0.45;1;54.46;21.15
2025-10-06 12:12:46;27.16;83215.00;38.00;1001.53;11;19;0.45;1;54.46;21.16
2025-10-06 12:12:47;27.16;82968.00;38.00;1001.53;11;19;0.45;1;54.46;21.16
2025-10-06 12:12:48;27.16;82968.00;38.00;1001.51;12;19;0.46;1;54.46;21.16
2025-10-06 12:12:49;27.17;83380.00;38.00;1001.49;12;19;0.46;1;54.46;21.17
2025-10-06 12:12:50;27.17;82723.00;38.00;1001.51;12;19;0.46;1;54.46;21.17
2025-10-06 12:12:51;27.18;83297.00;38.00;1001.49;16;21;0.47;1;54.45;21.18
2025-10-06 12:12:52;27.18;83050.00;38.00;1001.49;16;21;0.47;1;54.45;21.18
2025-10-06 12:12:53;27.19;83795.00;38.00;1001.49;16;21;0.47;1;54.45;21.19
2025-10-06 12:12:54;27.19;82886.00;38.00;1001.49;16;21;0.47;1;54.45;21.19
2025-10-06 12:12:55;27.20;83297.00;38.00;1001.51;16;21;0.47;1;54.45;21.20
2025-10-06 12:12:56;27.20;83463.00;38.00;1001.49;16;21;0.47;1;54.45;21.20
2025-10-06 12:12:57;27.20;83795.00;38.00;1001.51;16;21;0.47;1;54.45;21.20
2025-10-06 12:12:58;27.21;83463.00;38.00;1001.47;16;21;0.47;1;54.45;21.21
2025-10-06 12:12:59;27.21;83215.00;38.00;1001.49;16;21;0.47;1;54.45;21.21
2025-10-06 12:13:00;27.21;83132.00;38.00;1001.49;20;23;0.48;1;54.45;21.21
2025-10-06 12:13:01;27.21;82968.00;38.00;1001.47;20;23;0.48;1;54.45;21.21
2025-10-06 12:13:02;27.21;82886.00;38.00;1001.49;20;23;0.48;1;54.45;21.21
2025-10-06 12:13:03;27.21;83546.00;38.00;1001.49;19;22;0.48;1;54.45;21.21
2025-10-06 12:13:04;27.21;82480.00;38.00;1001.47;19;22;0.48;1;54.45;21.21
2025-10-06 12:13:05;27.22;83546.00;38.00;1001.51;19;22;0.48;1;54.45;21.22
2025-10-06 12:13:06;27.22;83546.00;38.00;1001.49;20;22;0.48;1;54.45;21.22
2025-10-06 12:13:07;27.22;83546.00;38.00;1001.49;20;22;0.48;1;54.45;21.22
2025-10-06 12:13:08;27.22;83215.00;38.00;1001.49;20;22;0.48;1;54.45;21.22
2025-10-06 12:13:09;27.23;82805.00;38.00;1001.49;23;24;0.49;1;54.45;21.23
2025-10-06 12:13:10;27.23;83380.00;38.00;1001.51;23;24;0.49;1;54.45;21.23
2025-10-06 12:13:11;27.24;83546.00;38.00;1001.51;23;24;0.49;1;54.45;21.24
2025-10-06 12:13:12;27.24;83879.00;38.00;1001.49;20;23;0.48;1;54.45;21.24
2025-10-06 12:13:13;27.24;83297.00;38.00;1001.49;20;23;0.48;1;54.45;21.24
2025-10-06 12:13:14;27.25;82886.00;38.00;1001.49;20;23;0.48;1;54.44;21.25
2025-10-06 12:13:15;27.25;83215.00;38.00;1001.47;19;22;0.48;1;54.44;21.25
2025-10-06 12:13:16;27.25;84300.00;38.00;1001.47;19;22;0.48;1;54.44;21.25
2025-10-06 12:13:17;27.25;84047.00;38.00;1001.47;19;22;0.48;1;54.44;21.25
2025-10-06 12:13:18;27.26;84215.00;38.00;1001.49;21;23;0.48;1;54.44;21.26
2025-10-06 12:13:19;27.26;83546.00;38.00;1001.49;21;23;0.48;1;54.44;21.26
2025-10-06 12:13:20;27.26;83879.00;38.00;1001.49;21;23;0.48;1;54.44;21.26
2025-10-06 12:13:21;27.27;83712.00;38.00;1001.47;23;24;0.49;1;54.44;21.27
2025-10-06 12:13:22;27.27;83629.00;38.00;1001.47;23;24;0.49;1;54.44;21.27
2025-10-06 12:13:23;27.27;83712.00;38.00;1001.49;23;24;0.49;1;54.44;21.27
2025-10-06 12:13:24;27.27;84215.00;38.00;1001.49;21;23;0.48;1;54.44;21.27
2025-10-06 12:13:25;27.28;84469.00;38.00;1001.49;21;23;0.48;1;54.44;21.28
2025-10-06 12:13:26;27.28;84300.00;38.00;1001.47;21;23;0.48;1;54.44;21.28
2025-10-06 12:13:27;27.29;84300.00;38.00;1001.47;21;23;0.48;1;54.44;21.29
2025-10-06 12:13:28;27.29;83879.00;38.00;1001.47;21;23;0.48;1;54.44;21.29
2025-10-06 12:13:29;27.29;83712.00;38.00;1001.47;21;23;0.48;1;54.44;21.29
2025-10-06 12:13:30;27.29;84810.00;38.00;1001.45;16;21;0.47;1;54.44;21.29
2025-10-06 12:13:31;27.30;83712.00;38.00;1001.49;16;21;0.47;1;54.44;21.30
2025-10-06 12:13:32;27.30;84469.00;38.00;1001.45;16;21;0.47;1;54.44;21.30
2025-10-06 12:13:33;27.30;84469.00;38.00;1001.49;18;22;0.47;1;54.44;21.30
2025-10-06 12:13:34;27.31;84300.00;38.00;1001.47;18;22;0.47;1;54.44;21.31
2025-10-06 12:13:35;27.31;83795.00;38.00;1001.47;18;22;0.47;1;54.44;21.31
2025-10-06 12:13:36;27.32;84469.00;38.00;1001.47;19;22;0.48;1;54.43;21.32
2025-10-06 12:13:37;27.31;83546.00;38.00;1001.47;19;22;0.48;1;54.44;21.31
2025-10-06 12:13:38;27.32;85587.00;38.00;1001.49;19;22;0.48;1;54.43;21.32
2025-10-06 12:13:39;27.32;84554.00;38.00;1001.47;21;23;0.48;1;54.43;21.32
2025-10-06 12:13:40;27.32;84639.00;38.00;1001.47;21;23;0.48;1;54.43;21.32
2025-10-06 12:13:41;27.32;84300.00;38.00;1001.45;21;23;0.48;1;54.43;21.32
2025-10-06 12:13:42;27.33;84384.00;38.00;1001.45;21;23;0.48;1;54.43;21.33
2025-10-06 12:13:43;27.33;84725.00;38.00;1001.45;21;23;0.48;1;54.43;21.33
2025-10-06 12:13:44;27.33;84982.00;38.00;1001.45;21;23;0.48;1;54.43;21.33
2025-10-06 12:13:45;27.34;83963.00;38.00;1001.47;24;24;0.49;1;54.43;21.34
2025-10-06 12:13:46;27.35;85240.00;38.00;1001.47;24;24;0.49;1;54.43;21.35
2025-10-06 12:13:47;27.35;84810.00;38.00;1001.45;24;24;0.49;1;54.43;21.35
2025-10-06 12:13:48;27.34;84131.00;38.00;1001.45;25;25;0.49;1;54.43;21.34
2025-10-06 12:13:49;27.35;85068.00;38.00;1001.45;25;25;0.49;1;54.43;21.35
2025-10-06 12:13:50;27.35;84725.00;38.00;1001.43;25;25;0.49;1;54.43;21.35
2025-10-06 12:13:51;27.35;84469.00;38.00;1001.43;22;24;0.49;1;54.43;21.35
2025-10-06 12:13:52;27.36;84896.00;38.00;1001.47;22;24;0.49;1;54.43;21.36
2025-10-06 12:13:53;27.36;84469.00;38.00;1001.45;22;24;0.49;1;54.43;21.36
2025-10-06 12:13:54;27.36;84469.00;38.00;1001.45;21;23;0.48;1;54.43;21.36
2025-10-06 12:13:55;27.36;85068.00;38.00;1001.45;21;23;0.48;1;54.43;21.36
2025-10-06 12:13:56;27.36;84554.00;38.00;1001.45;21;23;0.48;1;54.43;21.36
2025-10-06 12:13:57;27.36;84896.00;38.00;1001.43;22;23;0.49;1;54.43;21.36
2025-10-06 12:13:58;27.36;84725.00;38.00;1001.43;22;23;0.49;1;54.43;21.36
2025-10-06 12:13:59;27.37;84896.00;38.00;1001.43;22;23;0.49;1;54.43;21.37
2025-10-06 12:14:00;27.36;84725.00;38.00;1001.45;24;24;0.49;1;54.43;21.36
2025-10-06 12:14:01;27.37;84554.00;38.00;1001.43;24;24;0.49;1;54.43;21.37
2025-10-06 12:14:02;27.37;84639.00;38.00;1001.43;24;24;0.49;1;54.43;21.37
2025-10-06 12:14:03;27.37;84300.00;38.00;1001.43;24;24;0.49;1;54.43;21.37
2025-10-06 12:14:04;27.37;84982.00;38.00;1001.43;24;24;0.49;1;54.43;21.37
2025-10-06 12:14:05;27.37;85154.00;38.00;1001.43;24;24;0.49;1;54.43;21.37
2025-10-06 12:14:06;27.38;85240.00;38.00;1001.47;25;25;0.49;1;54.43;21.38
2025-10-06 12:14:07;27.38;84554.00;38.00;1001.47;25;25;0.49;1;54.43;21.38
2025-10-06 12:14:08;27.38;85240.00;38.00;1001.49;25;25;0.49;1;54.43;21.38
2025-10-06 12:14:09;27.38;85068.00;38.00;1001.47;25;25;0.49;1;54.43;21.38
2025-10-06 12:14:10;27.38;85327.00;38.00;1001.45;25;25;0.49;1;54.43;21.38
2025-10-06 12:14:11;27.39;85240.00;38.00;1001.45;25;25;0.49;1;54.42;21.39
2025-10-06 12:14:12;27.39;84896.00;38.00;1001.45;25;25;0.49;1;54.42;21.39
2025-10-06 12:14:13;27.39;84810.00;38.00;1001.45;25;25;0.49;1;54.42;21.39
2025-10-06 12:14:14;27.39;84725.00;38.00;1001.45;25;25;0.49;1;54.42;21.39
2025-10-06 12:14:15;27.39;84810.00;38.00;1001.45;25;25;0.49;1;54.42;21.39
2025-10-06 12:14:16;27.39;85154.00;38.00;1001.45;25;25;0.50;1;54.42;21.39
2025-10-06 12:14:17;27.40;85240.00;38.00;1001.47;25;25;0.50;1;54.42;21.40
2025-10-06 12:14:18;27.40;84896.00;38.00;1001.47;25;25;0.50;1;54.42;21.40
2025-10-06 12:14:19;27.40;85154.00;38.00;1001.45;25;25;0.49;1;54.42;21.40
2025-10-06 12:14:20;27.40;84725.00;38.00;1001.47;25;25;0.49;1;54.42;21.40
2025-10-06 12:14:21;27.41;84810.00;38.00;1001.47;25;25;0.49;1;54.42;21.41
2025-10-06 12:14:22;27.41;85068.00;38.00;1001.47;25;25;0.50;1;54.42;21.41
2025-10-06 12:14:23;27.41;85068.00;38.00;1001.47;25;25;0.50;1;54.42;21.41
2025-10-06 12:14:24;27.42;84725.00;38.00;1001.45;25;25;0.50;1;54.42;21.42
2025-10-06 12:14:25;27.42;84982.00;38.00;1001.45;25;25;0.50;1;54.42;21.42
2025-10-06 12:14:26;27.41;85414.00;38.00;1001.47;25;25;0.50;1;54.42;21.41
2025-10-06 12:14:27;27.42;85154.00;38.00;1001.47;25;25;0.50;1;54.42;21.42
2025-10-06 12:14:28;27.42;85154.00;38.00;1001.47;25;25;0.49;1;54.42;21.42
2025-10-06 12:14:29;27.42;85414.00;38.00;1001.47;25;25;0.49;1;54.42;21.42
2025-10-06 12:14:30;27.42;85500.00;37.00;1001.47;25;25;0.49;1;52.99;21.42
2025-10-06 12:14:31;27.42;85500.00;37.00;1001.47;24;24;0.49;1;52.99;21.42
2025-10-06 12:14:32;27.42;85587.00;37.00;1001.47;24;24;0.49;1;52.99;21.42
2025-10-06 12:14:33;27.42;85414.00;37.00;1001.45;24;24;0.49;1;52.99;21.42
2025-10-06 12:14:34;27.42;85240.00;37.00;1001.45;25;25;0.49;1;52.99;21.42
2025-10-06 12:14:35;27.42;85938.00;37.00;1001.45;25;25;0.49;1;52.99;21.42
2025-10-06 12:14:36;27.43;85327.00;37.00;1001.45;25;25;0.49;1;52.99;21.43
2025-10-06 12:14:37;27.43;85500.00;37.00;1001.47;25;25;0.50;1;52.99;21.43
2025-10-06 12:14:38;27.43;85327.00;37.00;1001.45;25;25;0.50;1;52.99;21.43
2025-10-06 12:14:39;27.43;85500.00;37.00;1001.43;25;25;0.50;1;52.99;21.43
2025-10-06 12:14:40;27.44;85154.00;37.00;1001.43;25;25;0.49;1;52.98;21.44
2025-10-06 12:14:41;27.43;86468.00;37.00;1001.43;25;25;0.49;1;52.99;21.43
2025-10-06 12:14:42;27.43;86025.00;37.00;1001.45;25;25;0.49;1;52.99;21.43
2025-10-06 12:14:43;27.43;85850.00;37.00;1001.47;25;25;0.49;1;52.99;21.43
2025-10-06 12:14:44;27.44;85675.00;37.00;1001.45;25;25;0.49;1;52.98;21.44
2025-10-06 12:14:45;27.44;85938.00;37.00;1001.45;25;25;0.49;1;52.98;21.44
2025-10-06 12:14:46;27.43;85327.00;37.00;1001.43;24;24;0.49;1;52.99;21.43
2025-10-06 12:14:47;27.44;85762.00;37.00;1001.45;24;24;0.49;1;52.98;21.44
2025-10-06 12:14:48;27.45;86290.00;37.00;1001.43;24;24;0.49;1;52.98;21.45
2025-10-06 12:14:49;27.45;86915.00;37.00;1001.41;25;25;0.49;1;52.98;21.45
2025-10-06 12:14:50;27.45;85675.00;37.00;1001.41;25;25;0.49;1;52.98;21.45
2025-10-06 12:14:51;27.46;85240.00;37.00;1001.45;25;25;0.49;1;52.98;21.46
2025-10-06 12:14:52;27.46;85414.00;37.00;1001.43;27;25;0.50;1;52.98;21.46
2025-10-06 12:14:53;27.47;85762.00;37.00;1001.41;27;25;0.50;1;52.98;21.47
2025-10-06 12:14:54;27.47;86114.00;37.00;1001.43;27;25;0.50;1;52.98;21.47
2025-10-06 12:14:55;27.47;85587.00;37.00;1001.45;25;25;0.50;1;52.98;21.47
2025-10-06 12:14:56;27.48;85850.00;37.00;1001.41;25;25;0.50;1;52.98;21.48
2025-10-06 12:14:57;27.47;85762.00;37.00;1001.41;25;25;0.50;1;52.98;21.47
2025-10-06 12:14:58;27.47;85154.00;37.00;1001.45;25;25;0.49;1;52.98;21.47
2025-10-06 12:14:59;27.47;85327.00;37.00;1001.45;25;25;0.49;1;52.98;21.47
2025-10-06 12:15:00;27.48;86114.00;37.00;1001.45;25;25;0.49;1;52.98;21.48
2025-10-06 12:15:01;27.48;86646.00;37.00;1001.45;26;25;0.50;1;52.98;21.48
2025-10-06 12:15:02;27.48;85587.00;37.00;1001.45;26;25;0.50;1;52.98;21.48
2025-10-06 12:15:03;27.48;85762.00;37.00;1001.45;26;25;0.50;1;52.98;21.48
2025-10-06 12:15:04;27.48;86025.00;37.00;1001.45;26;25;0.50;1;52.98;21.48
2025-10-06 12:15:05;27.48;85500.00;37.00;1001.43;26;25;0.50;1;52.98;21.48
2025-10-06 12:15:06;27.49;85850.00;37.00;1001.43;26;25;0.50;1;52.98;21.49
2025-10-06 12:15:07;27.48;86114.00;37.00;1001.43;25;25;0.50;1;52.98;21.48
2025-10-06 12:15:08;27.48;84982.00;37.00;1001.43;25;25;0.50;1;52.98;21.48
2025-10-06 12:15:09;27.49;86114.00;37.00;1001.43;25;25;0.50;1;52.98;21.49
2025-10-06 12:15:10;27.49;85938.00;37.00;1001.43;25;25;0.50;1;52.98;21.49
2025-10-06 12:15:11;27.49;85675.00;37.00;1001.45;25;25;0.50;1;52.98;21.49
2025-10-06 12:15:12;27.49;85500.00;37.00;1001.45;25;25;0.50;1;52.98;21.49
2025-10-06 12:15:13;27.50;86025.00;37.00;1001.45;27;25;0.50;1;52.98;21.50
2025-10-06 12:15:14;27.50;86114.00;37.00;1001.45;27;25;0.50;1;52.98;21.50
2025-10-06 12:15:15;27.49;86114.00;37.00;1001.43;27;25;0.50;1;52.98;21.49
2025-10-06 12:15:16;27.49;86025.00;37.00;1001.41;25;25;0.50;1;52.98;21.49
2025-10-06 12:15:17;27.49;86114.00;37.00;1001.43;25;25;0.50;1;52.98;21.49
2025-10-06 12:15:18;27.49;86290.00;37.00;1001.43;25;25;0.50;1;52.98;21.49
2025-10-06 12:15:19;27.49;85762.00;37.00;1001.43;25;25;0.49;1;52.98;21.49
2025-10-06 12:15:20;27.49;86290.00;37.00;1001.43;25;25;0.49;1;52.98;21.49
2025-10-06 12:15:21;27.49;86825.00;37.00;1001.43;25;25;0.49;1;52.98;21.49
2025-10-06 12:15:22;27.49;85587.00;37.00;1001.43;25;25;0.49;1;52.98;21.49
2025-10-06 12:15:23;27.49;86379.00;37.00;1001.43;25;25;0.49;1;52.98;21.49
2025-10-06 12:15:24;27.48;86557.00;37.00;1001.43;25;25;0.49;1;52.98;21.48
2025-10-06 12:15:25;27.49;87005.00;37.00;1001.43;23;24;0.49;1;52.98;21.49
2025-10-06 12:15:26;27.49;86290.00;37.00;1001.43;23;24;0.49;1;52.98;21.49
2025-10-06 12:15:27;27.48;86379.00;37.00;1001.43;23;24;0.49;1;52.98;21.48
2025-10-06 12:15:28;27.48;86646.00;37.00;1001.43;25;25;0.49;1;52.98;21.48
2025-10-06 12:15:29;27.49;86915.00;37.00;1001.43;25;25;0.49;1;52.98;21.49
2025-10-06 12:15:30;27.48;86646.00;37.00;1001.43;25;25;0.49;1;52.98;21.48
2025-10-06 12:15:31;27.48;86557.00;37.00;1001.43;22;24;0.49;1;52.98;21.48
2025-10-06 12:15:32;27.48;86202.00;37.00;1001.43;22;24;0.49;1;52.98;21.48
2025-10-06 12:15:33;27.48;86825.00;37.00;1001.41;22;24;0.49;1;52.98;21.48
2025-10-06 12:15:34;27.48;86468.00;37.00;1001.41;20;23;0.48;1;52.98;21.48
2025-10-06 12:15:35;27.48;86825.00;37.00;1001.41;20;23;0.48;1;52.98;21.48
2025-10-06 12:15:36;27.48;86915.00;37.00;1001.41;20;23;0.48;1;52.98;21.48
2025-10-06 12:15:37;27.48;87367.00;37.00;1001.41;22;23;0.49;1;52.98;21.48
2025-10-06 12:15:38;27.49;86646.00;37.00;1001.41;22;23;0.49;1;52.98;21.49
2025-10-06 12:15:39;27.49;87186.00;37.00;1001.41;22;23;0.49;1;52.98;21.49
2025-10-06 12:15:40;27.49;86736.00;37.00;1001.41;23;24;0.49;1;52.98;21.49
2025-10-06 12:15:41;27.49;87186.00;37.00;1001.41;23;24;0.49;1;52.98;21.49
2025-10-06 12:15:42;27.49;86915.00;37.00;1001.40;23;24;0.49;1;52.98;21.49
2025-10-06 12:15:43;27.48;87367.00;37.00;1001.41;25;25;0.49;1;52.98;21.48
2025-10-06 12:15:44;27.49;87367.00;37.00;1001.41;25;25;0.49;1;52.98;21.49
2025-10-06 12:15:45;27.50;87005.00;37.00;1001.43;25;25;0.49;1;52.98;21.50
2025-10-06 12:15:46;27.50;87186.00;37.00;1001.40;21;23;0.48;1;52.98;21.50
2025-10-06 12:15:47;27.50;87005.00;37.00;1001.43;21;23;0.48;1;52.98;21.50
2025-10-06 12:15:48;27.50;87276.00;37.00;1001.43;21;23;0.48;1;52.98;21.50
2025-10-06 12:15:49;27.49;87005.00;37.00;1001.41;25;25;0.49;1;52.98;21.49
2025-10-06 12:15:50;27.49;87276.00;37.00;1001.41;25;25;0.49;1;52.98;21.49
2025-10-06 12:15:51;27.49;87732.00;37.00;1001.41;25;25;0.49;1;52.98;21.49
2025-10-06 12:15:52;27.49;87276.00;37.00;1001.41;25;25;0.49;1;52.98;21.49
2025-10-06 12:15:53;27.49;87095.00;37.00;1001.41;25;25;0.49;1;52.98;21.49
2025-10-06 12:15:54;27.48;87367.00;37.00;1001.43;25;25;0.49;1;52.98;21.48
2025-10-06 12:15:55;27.49;87095.00;37.00;1001.41;24;24;0.49;1;52.98;21.49
2025-10-06 12:15:56;27.48;87095.00;37.00;1001.43;24;24;0.49;1;52.98;21.48
2025-10-06 12:15:57;27.48;87367.00;37.00;1001.41;24;24;0.49;1;52.98;21.48
2025-10-06 12:15:58;27.49;87095.00;37.00;1001.41;25;25;0.50;1;52.98;21.49
2025-10-06 12:15:59;27.48;87367.00;37.00;1001.41;25;25;0.50;1;52.98;21.48
2025-10-06 12:16:00;27.48;88192.00;37.00;1001.43;25;25;0.50;1;52.98;21.48
2025-10-06 12:16:01;27.49;87549.00;37.00;1001.41;27;26;0.50;1;52.98;21.49
2025-10-06 12:16:02;27.49;87732.00;37.00;1001.43;27;26;0.50;1;52.98;21.49
2025-10-06 12:16:03;27.49;87367.00;37.00;1001.41;27;26;0.50;1;52.98;21.49
2025-10-06 12:16:04;27.49;87549.00;37.00;1001.43;26;25;0.50;1;52.98;21.49
2025-10-06 12:16:05;27.49;88007.00;37.00;1001.43;26;25;0.50;1;52.98;21.49
2025-10-06 12:16:06;27.49;87549.00;37.00;1001.41;26;25;0.50;1;52.98;21.49
2025-10-06 12:16:07;27.49;87823.00;37.00;1001.41;25;25;0.49;1;52.98;21.49
2025-10-06 12:16:08;27.49;88377.00;37.00;1001.41;25;25;0.49;1;52.98;21.49
2025-10-06 12:16:09;27.50;87823.00;37.00;1001.45;25;25;0.49;1;52.98;21.50
2025-10-06 12:16:10;27.50;87367.00;37.00;1001.43;23;24;0.49;1;52.98;21.50
2025-10-06 12:16:11;27.49;88099.00;37.00;1001.41;23;24;0.49;1;52.98;21.49
2025-10-06 12:16:12;27.49;87732.00;37.00;1001.43;23;24;0.49;1;52.98;21.49
2025-10-06 12:16:13;27.49;88099.00;37.00;1001.41;23;24;0.49;1;52.98;21.49
2025-10-06 12:16:14;27.49;88099.00;37.00;1001.43;23;24;0.49;1;52.98;21.49
2025-10-06 12:16:15;27.48;88099.00;37.00;1001.43;23;24;0.49;1;52.98;21.48
2025-10-06 12:16:16;27.48;88007.00;37.00;1001.43;24;24;0.49;1;52.98;21.48
2025-10-06 12:16:17;27.48;88845.00;37.00;1001.43;24;24;0.49;1;52.98;21.48
2025-10-06 12:16:18;27.48;88285.00;37.00;1001.43;24;24;0.49;1;52.98;21.48
2025-10-06 12:16:19;27.48;88099.00;37.00;1001.43;25;25;0.49;1;52.98;21.48
2025-10-06 12:16:20;27.48;87915.00;37.00;1001.43;25;25;0.49;1;52.98;21.48
2025-10-06 12:16:21;27.48;88007.00;37.00;1001.43;25;25;0.49;1;52.98;21.48
2025-10-06 12:16:22;27.48;87367.00;37.00;1001.43;27;25;0.50;1;52.98;21.48
2025-10-06 12:16:23;27.48;87732.00;37.00;1001.41;27;25;0.50;1;52.98;21.48
2025-10-06 12:16:24;27.48;87640.00;37.00;1001.43;27;25;0.50;1;52.98;21.48
2025-10-06 12:16:25;27.48;87823.00;37.00;1001.43;26;25;0.50;1;52.98;21.48
2025-10-06 12:16:26;27.48;88099.00;37.00;1001.43;26;25;0.50;1;52.98;21.48
2025-10-06 12:16:27;27.48;87823.00;37.00;1001.41;26;25;0.50;1;52.98;21.48
2025-10-06 12:16:28;27.48;88007.00;37.00;1001.43;25;25;0.50;1;52.98;21.48
2025-10-06 12:16:29;27.46;87640.00;37.00;1001.40;25;25;0.50;1;52.98;21.46
2025-10-06 12:16:30;27.47;87549.00;37.00;1001.41;25;25;0.50;1;52.98;21.47
2025-10-06 12:16:31;27.47;87732.00;37.00;1001.41;26;25;0.50;1;52.98;21.47
2025-10-06 12:16:32;27.47;87640.00;37.00;1001.40;26;25;0.50;1;52.98;21.47
2025-10-06 12:16:33;27.47;87549.00;37.00;1001.41;26;25;0.50;1;52.98;21.47
2025-10-06 12:16:34;27.46;87186.00;37.00;1001.41;26;25;0.50;1;52.98;21.46
2025-10-06 12:16:35;27.47;87549.00;37.00;1001.41;28;26;0.51;1;52.98;21.47
2025-10-06 12:16:36;27.47;87915.00;37.00;1001.41;28;26;0.51;1;52.98;21.47
2025-10-06 12:16:37;27.47;88377.00;37.00;1001.40;28;26;0.51;1;52.98;21.47
2025-10-06 12:16:38;27.47;87095.00;37.00;1001.41;25;25;0.50;1;52.98;21.47
2025-10-06 12:16:39;27.46;87005.00;37.00;1001.41;25;25;0.50;1;52.98;21.46
2025-10-06 12:16:40;27.46;87276.00;37.00;1001.41;25;25;0.50;1;52.98;21.46
2025-10-06 12:16:41;27.45;87095.00;37.00;1001.37;28;26;0.51;1;52.98;21.45
2025-10-06 12:16:42;27.45;87005.00;37.00;1001.40;28;26;0.51;1;52.98;21.45
2025-10-06 12:16:43;27.45;87915.00;37.00;1001.40;28;26;0.51;1;52.98;21.45
2025-10-06 12:16:44;27.45;87276.00;37.00;1001.40;27;26;0.50;1;52.98;21.45
2025-10-06 12:16:45;27.44;87823.00;37.00;1001.41;27;26;0.50;1;52.98;21.44
2025-10-06 12:16:46;27.43;88007.00;37.00;1001.40;27;26;0.50;1;52.99;21.43
2025-10-06 12:16:47;27.43;87915.00;37.00;1001.40;26;25;0.50;1;52.99;21.43
2025-10-06 12:16:48;27.43;87549.00;37.00;1001.40;26;25;0.50;1;52.99;21.43
2025-10-06 12:16:49;27.42;87186.00;37.00;1001.40;26;25;0.50;1;52.99;21.42
2025-10-06 12:16:50;27.43;88007.00;37.00;1001.40;29;26;0.51;1;52.99;21.43
2025-10-06 12:16:51;27.43;88470.00;37.00;1001.41;29;26;0.51;1;52.99;21.43
2025-10-06 12:16:52;27.43;87915.00;37.00;1001.40;29;26;0.51;1;52.99;21.43
2025-10-06 12:16:53;27.43;87276.00;37.00;1001.40;28;26;0.51;1;52.99;21.43
2025-10-06 12:16:54;27.43;87732.00;37.00;1001.40;28;26;0.51;1;52.99;21.43
2025-10-06 12:16:55;27.43;87823.00;37.00;1001.40;28;26;0.51;1;52.99;21.43
2025-10-06 12:16:56;27.43;87915.00;37.00;1001.40;27;26;0.50;1;52.99;21.43
2025-10-06 12:16:57;27.43;87458.00;37.00;1001.41;27;26;0.50;1;52.99;21.43
2025-10-06 12:16:58;27.42;87549.00;37.00;1001.41;27;26;0.50;1;52.99;21.42
2025-10-06 12:16:59;27.42;87367.00;37.00;1001.41;28;26;0.51;1;52.99;21.42
2025-10-06 12:17:00;27.42;87367.00;37.00;1001.41;28;26;0.51;1;52.99;21.42
2025-10-06 12:17:01;27.42;87732.00;37.00;1001.41;28;26;0.51;1;52.99;21.42
2025-10-06 12:17:02;27.42;87823.00;37.00;1001.40;25;25;0.50;1;52.99;21.42
2025-10-06 12:17:03;27.43;87276.00;37.00;1001.40;25;25;0.50;1;52.99;21.43
2025-10-06 12:17:04;27.43;87276.00;37.00;1001.40;25;25;0.50;1;52.99;21.43
2025-10-06 12:17:05;27.43;87823.00;37.00;1001.40;27;25;0.50;1;52.99;21.43
2025-10-06 12:17:06;27.43;87095.00;37.00;1001.40;27;25;0.50;1;52.99;21.43
2025-10-06 12:17:07;27.44;87549.00;37.00;1001.41;27;25;0.50;1;52.98;21.44
2025-10-06 12:17:08;27.44;87095.00;37.00;1001.41;28;26;0.51;1;52.98;21.44
2025-10-06 12:17:09;27.44;87823.00;37.00;1001.41;28;26;0.51;1;52.98;21.44
2025-10-06 12:17:10;27.44;87823.00;37.00;1001.41;28;26;0.51;1;52.98;21.44
2025-10-06 12:17:11;27.45;88192.00;37.00;1001.40;28;26;0.51;1;52.98;21.45
2025-10-06 12:17:12;27.45;87640.00;37.00;1001.41;28;26;0.51;1;52.98;21.45
2025-10-06 12:17:13;27.45;87823.00;37.00;1001.40;28;26;0.51;1;52.98;21.45
2025-10-06 12:17:14;27.45;87549.00;37.00;1001.41;27;25;0.50;1;52.98;21.45
2025-10-06 12:17:15;27.45;87823.00;37.00;1001.43;27;25;0.50;1;52.98;21.45
2025-10-06 12:17:16;27.46;87276.00;37.00;1001.43;27;25;0.50;1;52.98;21.46
2025-10-06 12:17:17;27.46;87367.00;37.00;1001.43;32;28;0.52;1;52.98;21.46
2025-10-06 12:17:18;27.46;87549.00;37.00;1001.43;32;28;0.52;1;52.98;21.46
