temperature;gas;humidity;barometer;IAQ;IAQ_S;VOCS;accuracy
29.66;130228.00;35.00;1000.70;26;26;0.51;2
29.65;132486.00;35.00;1000.70;26;26;0.51;2
29.65;132486.00;35.00;1000.72;25;25;0.50;2
29.65;132069.00;35.00;1000.72;25;25;0.50;2
29.65;131450.00;35.00;1000.70;25;25;0.50;2
29.65;132905.00;35.00;1000.69;26;26;0.51;2
29.65;130633.00;35.00;1000.69;26;26;0.51;2
29.66;132905.00;35.00;1000.69;26;26;0.51;2
29.66;133538.00;35.00;1000.69;25;25;0.50;2
29.66;132695.00;35.00;1000.66;25;25;0.50;2
29.66;131553.00;35.00;1000.69;25;25;0.50;2
29.67;132695.00;35.00;1000.65;25;25;0.49;2
29.67;131862.00;35.00;1000.69;25;25;0.49;2
29.68;132590.00;35.00;1000.69;25;25;0.49;2
29.68;133010.00;35.00;1000.66;25;25;0.50;2
29.68;132277.00;35.00;1000.66;25;25;0.50;2
29.68;133432.00;35.00;1000.69;25;25;0.50;2
29.68;133010.00;35.00;1000.69;24;24;0.49;2
29.69;132277.00;35.00;1000.87;24;24;0.49;2
29.69;132695.00;35.00;1000.70;24;24;0.49;2
29.69;132381.00;35.00;1000.69;25;25;0.50;2
29.69;133010.00;35.00;1000.69;25;25;0.50;2
29.69;132277.00;35.00;1000.69;25;25;0.50;2
29.69;131656.00;35.00;1000.69;26;26;0.51;2
29.69;132069.00;35.00;1000.66;26;26;0.51;2
29.69;132277.00;35.00;1000.69;26;26;0.51;2
29.69;132069.00;35.00;1000.66;26;26;0.51;2
29.69;130329.00;35.00;1000.69;26;26;0.51;2
29.69;131862.00;35.00;1000.66;26;26;0.51;2
29.69;131347.00;35.00;1000.69;26;26;0.51;2
29.69;131862.00;35.00;1000.69;26;26;0.51;2
29.70;131450.00;35.00;1000.69;26;26;0.51;2
29.70;130836.00;35.00;1000.69;25;25;0.50;2
29.70;131966.00;35.00;1000.69;25;25;0.50;2
29.70;131759.00;35.00;1000.66;25;25;0.50;2
29.70;131553.00;35.00;1000.66;26;26;0.51;2
29.70;131656.00;35.00;1000.66;26;26;0.51;2
29.70;131450.00;35.00;1000.66;26;26;0.51;2
29.70;130633.00;35.00;1000.66;26;27;0.51;2
29.70;131040.00;35.00;1000.69;26;27;0.51;2
29.71;130836.00;35.00;1000.69;26;27;0.51;2
29.71;130531.00;35.00;1000.69;27;28;0.52;2
29.70;130836.00;35.00;1000.65;27;28;0.52;2
29.71;132069.00;35.00;1000.69;27;28;0.52;2
29.71;129029.00;35.00;1000.66;27;29;0.53;2
29.71;130531.00;35.00;1000.69;27;29;0.53;2
29.71;130127.00;35.00;1000.69;27;29;0.53;2
29.70;130430.00;35.00;1000.66;28;30;0.54;2
29.70;130633.00;35.00;1000.65;28;30;0.54;2
29.71;130329.00;35.00;1000.69;28;30;0.54;2
29.71;130027.00;35.00;1000.66;28;30;0.54;2
29.71;130027.00;35.00;1000.69;28;30;0.54;2
29.71;129526.00;35.00;1000.66;28;30;0.54;2
29.72;130027.00;35.00;1000.66;29;32;0.55;2
29.72;129227.00;35.00;1000.66;29;32;0.55;2
29.72;129826.00;35.00;1000.66;29;32;0.55;2
29.72;129128.00;35.00;1000.66;30;33;0.56;2
29.72;129426.00;35.00;1000.66;30;33;0.56;2
29.72;129029.00;35.00;1000.66;30;33;0.56;2
29.72;129726.00;35.00;1000.66;31;34;0.57;2
29.72;129227.00;35.00;1000.69;31;34;0.57;2
29.73;130633.00;35.00;1000.69;31;34;0.57;2
29.73;129626.00;35.00;1000.69;30;33;0.56;2
29.74;128831.00;35.00;1000.69;30;33;0.56;2
29.74;129128.00;35.00;1000.69;30;33;0.56;2
29.74;130430.00;35.00;1000.69;31;33;0.57;2
29.74;129128.00;35.00;1000.66;31;33;0.57;2
29.74;130228.00;35.00;1000.66;31;33;0.57;2
29.74;129326.00;35.00;1000.65;30;33;0.56;2
29.74;129326.00;35.00;1000.65;30;33;0.56;2
29.74;129227.00;35.00;1000.65;30;33;0.56;2
29.74;129426.00;35.00;1000.65;31;34;0.57;2
29.74;129029.00;35.00;1000.62;31;34;0.57;2
29.75;129029.00;35.00;1000.65;31;34;0.57;2
29.75;129227.00;35.00;1000.65;30;33;0.56;2
29.76;130228.00;35.00;1000.65;30;33;0.56;2
29.76;129426.00;35.00;1000.62;30;33;0.56;2
29.76;129426.00;35.00;1000.62;31;34;0.57;3
29.76;129128.00;35.00;1000.62;31;34;0.57;3
29.76;129227.00;35.00;1000.62;31;34;0.57;3
29.77;129526.00;35.00;1000.65;31;34;0.57;3
29.77;129726.00;35.00;1000.65;31;34;0.57;3
29.77;127949.00;35.00;1000.65;31;34;0.57;3
29.77;128831.00;35.00;1000.65;31;34;0.57;3
29.77;129128.00;35.00;1000.65;31;34;0.57;3
29.78;129726.00;35.00;1000.65;31;34;0.57;3
29.78;131040.00;35.00;1000.62;30;33;0.56;3
29.79;129128.00;35.00;1000.69;30;33;0.56;3
29.78;130430.00;35.00;1000.66;30;33;0.56;3
29.79;128831.00;35.00;1000.69;31;34;0.58;3
29.80;128831.00;35.00;1000.69;31;34;0.58;3
29.80;128241.00;35.00;1000.69;31;34;0.58;3
29.80;128732.00;35.00;1000.69;32;35;0.58;3
29.81;128831.00;35.00;1000.70;32;35;0.58;3
29.81;129029.00;35.00;1000.70;32;35;0.58;3
29.80;128339.00;35.00;1000.66;32;36;0.59;3
29.80;128144.00;35.00;1000.66;32;36;0.59;3
29.81;128339.00;35.00;1000.69;32;36;0.59;3
29.81;129128.00;35.00;1000.69;32;35;0.58;3
29.82;127949.00;35.00;1000.69;32;35;0.58;3
29.82;128930.00;35.00;1000.69;32;35;0.58;3
29.82;127560.00;35.00;1000.69;33;36;0.59;3
29.82;127560.00;35.00;1000.70;33;36;0.59;3
29.83;128634.00;35.00;1000.70;33;36;0.59;3
29.83;127367.00;35.00;1000.70;34;38;0.61;3
29.83;127851.00;35.00;1000.70;34;38;0.61;3
29.83;128241.00;35.00;1000.70;34;38;0.61;3
29.83;128241.00;35.00;1000.70;33;37;0.60;3
29.84;128930.00;35.00;1000.70;33;37;0.60;3
29.84;127560.00;35.00;1000.70;33;37;0.60;3
29.84;126982.00;35.00;1000.70;33;37;0.60;3
29.84;126982.00;35.00;1000.70;33;37;0.60;3
29.84;127078.00;35.00;1000.70;33;37;0.60;3
29.85;128634.00;35.00;1000.70;34;38;0.60;3
29.85;128241.00;35.00;1000.70;34;38;0.60;3
29.85;126886.00;35.00;1000.70;34;38;0.60;3
29.86;126886.00;35.00;1000.69;35;39;0.62;3
29.86;126886.00;35.00;1000.69;35;39;0.62;3
29.87;127174.00;35.00;1000.70;35;39;0.62;3
29.87;127078.00;35.00;1000.70;35;40;0.63;3
29.87;128437.00;35.00;1000.70;35;40;0.63;3
29.87;127174.00;35.00;1000.70;35;40;0.63;3
29.88;127367.00;35.00;1000.69;35;40;0.63;3
29.88;127463.00;35.00;1000.69;35;40;0.63;3
29.88;128046.00;35.00;1000.69;35;40;0.63;3
29.88;126600.00;35.00;1000.70;35;40;0.63;3
29.89;126886.00;35.00;1000.70;36;41;0.64;3
29.89;126409.00;35.00;1000.70;36;41;0.64;3
29.89;127367.00;35.00;1000.70;36;41;0.64;3
29.90;127463.00;35.00;1000.70;36;41;0.63;3
29.90;126600.00;35.00;1000.70;36;41;0.63;3
29.90;126982.00;35.00;1000.70;36;41;0.63;3
29.90;126504.00;35.00;1000.72;36;41;0.64;3
29.91;126695.00;35.00;1000.72;36;41;0.64;3
29.92;126504.00;35.00;1000.70;36;41;0.64;3
29.92;126886.00;35.00;1000.70;36;42;0.64;3
29.92;127657.00;35.00;1000.72;36;42;0.64;3
29.93;127271.00;35.00;1000.72;36;42;0.64;3
29.93;125747.00;35.00;1000.70;36;41;0.64;3
29.93;125747.00;35.00;1000.70;36;41;0.64;3
29.93;126600.00;35.00;1000.70;36;41;0.64;3
29.94;126791.00;35.00;1000.70;36;42;0.64;3
29.94;126314.00;35.00;1000.69;36;42;0.64;3
29.94;126791.00;35.00;1000.72;36;42;0.64;3
29.94;125842.00;35.00;1000.72;36;42;0.64;3
29.95;125936.00;35.00;1000.70;36;42;0.64;3
29.95;126982.00;35.00;1000.72;36;42;0.64;3
29.95;127367.00;35.00;1000.72;36;41;0.64;3
29.96;125372.00;35.00;1000.70;36;41;0.64;3
29.96;126791.00;35.00;1000.70;36;41;0.64;3
29.97;124169.00;35.00;1000.72;36;41;0.64;3
29.97;125653.00;35.00;1000.70;36;41;0.64;3
29.97;125186.00;35.00;1000.70;36;41;0.64;3
29.97;127174.00;35.00;1000.69;38;43;0.66;3
29.97;126791.00;35.00;1000.69;38;43;0.66;3
29.98;125936.00;35.00;1000.69;38;43;0.66;3
29.97;125372.00;35.00;1000.66;38;44;0.66;3
29.98;125653.00;35.00;1000.72;38;44;0.66;3
29.99;126219.00;35.00;1000.72;38;44;0.66;3
29.99;126409.00;35.00;1000.70;38;44;0.67;3
29.99;124814.00;35.00;1000.70;38;44;0.67;3
30.00;124721.00;35.00;1000.70;38;44;0.67;3
30.00;126219.00;35.00;1000.70;39;46;0.68;3
30.00;126504.00;35.00;1000.70;39;46;0.68;3
30.01;125653.00;35.00;1000.72;39;46;0.68;3
30.01;124814.00;35.00;1000.72;39;46;0.68;3
30.01;125747.00;35.00;1000.70;39;46;0.68;3
30.02;124907.00;35.00;1000.70;39;46;0.68;3
30.02;124907.00;35.00;1000.70;40;46;0.69;3
30.02;125093.00;35.00;1000.70;40;46;0.69;3
30.03;126314.00;35.00;1000.72;40;46;0.69;3
30.03;124814.00;35.00;1000.72;39;46;0.68;3
30.03;126504.00;35.00;1000.70;39;46;0.68;3
30.04;125653.00;35.00;1000.70;39;46;0.68;3
30.04;125747.00;35.00;1000.70;39;45;0.68;3
30.05;125936.00;35.00;1000.70;39;45;0.68;3
30.05;125093.00;35.00;1000.72;39;45;0.68;3
30.05;124999.00;35.00;1000.72;40;46;0.69;3
30.05;126409.00;35.00;1000.70;40;46;0.69;3
30.06;126409.00;35.00;1000.70;40;46;0.69;3
30.06;125842.00;35.00;1000.70;39;45;0.67;3
30.06;124537.00;35.00;1000.69;39;45;0.67;3
30.07;124260.00;35.00;1000.72;39;45;0.67;3
30.07;125186.00;35.00;1000.70;38;44;0.67;3
30.08;125186.00;35.00;1000.70;38;44;0.67;3
30.08;125093.00;35.00;1000.69;38;44;0.67;3
30.07;125466.00;35.00;1000.69;39;45;0.67;3
30.09;124721.00;35.00;1000.69;39;45;0.67;3
30.09;124999.00;35.00;1000.70;39;45;0.67;3
30.09;125372.00;35.00;1000.70;38;44;0.66;3
30.09;125560.00;35.00;1000.69;38;44;0.66;3
30.09;123894.00;35.00;1000.66;38;44;0.66;3
30.10;125186.00;35.00;1000.66;38;44;0.67;3
30.09;125560.00;35.00;1000.66;38;44;0.67;3
30.11;125186.00;35.00;1000.69;38;44;0.67;3
30.11;123621.00;35.00;1000.66;38;45;0.67;3
30.10;124814.00;35.00;1000.66;38;45;0.67;3
30.11;124260.00;35.00;1000.66;38;45;0.67;3
30.11;125279.00;35.00;1000.65;39;46;0.68;3
30.12;125279.00;35.00;1000.65;39;46;0.68;3
30.12;125279.00;35.00;1000.62;39;46;0.68;3
30.12;125466.00;35.00;1000.62;39;46;0.68;3
30.13;124999.00;35.00;1000.65;39;46;0.68;3
30.14;125093.00;35.00;1000.65;39;46;0.68;3
30.14;124721.00;35.00;1000.62;39;46;0.68;3
30.14;123803.00;35.00;1000.62;39;46;0.68;3
30.14;123168.00;35.00;1000.62;39;46;0.68;3
30.15;124352.00;35.00;1000.65;39;46;0.68;3
30.15;124999.00;35.00;1000.62;39;46;0.68;3
30.15;124169.00;35.00;1000.62;39;46;0.68;3
30.15;124077.00;35.00;1000.62;39;45;0.68;3
30.16;123985.00;35.00;1000.65;39;45;0.68;3
30.16;123894.00;35.00;1000.62;39;45;0.68;3
30.16;125372.00;35.00;1000.62;39;46;0.68;3
30.16;123803.00;35.00;1000.62;39;46;0.68;3
30.16;123985.00;35.00;1000.60;39;46;0.68;3
30.16;124907.00;35.00;1000.60;41;48;0.71;3
30.16;124260.00;35.00;1000.62;41;48;0.71;3
30.17;123530.00;35.00;1000.62;41;48;0.71;3
30.17;124260.00;35.00;1000.62;40;47;0.70;3
30.17;123621.00;35.00;1000.62;40;47;0.70;3
30.17;123894.00;35.00;1000.60;40;47;0.70;3
30.17;123349.00;35.00;1000.60;41;48;0.70;3
30.17;124907.00;35.00;1000.60;41;48;0.70;3
30.18;123803.00;35.00;1000.60;41;48;0.70;3
30.18;123803.00;35.00;1000.60;41;48;0.71;3
30.18;123439.00;35.00;1000.60;41;48;0.71;3
30.18;123349.00;35.00;1000.60;41;48;0.71;3
30.18;123258.00;35.00;1000.60;41;49;0.72;3
30.18;123894.00;35.00;1000.60;41;49;0.72;3
30.18;122629.00;35.00;1000.60;41;49;0.72;3
30.18;123530.00;35.00;1000.60;41;49;0.72;3
30.19;123439.00;35.00;1000.62;41;49;0.72;3
30.19;123258.00;35.00;1000.62;41;49;0.72;3
30.19;123530.00;35.00;1000.62;41;49;0.72;3
30.19;123439.00;35.00;1000.62;41;49;0.72;3
30.19;122808.00;35.00;1000.62;41;49;0.72;3
30.20;123894.00;35.00;1000.60;41;49;0.72;3
30.20;123621.00;35.00;1000.60;41;49;0.72;3
30.20;123349.00;35.00;1000.60;41;49;0.72;3
30.20;123530.00;35.00;1000.60;41;49;0.72;3
30.20;124169.00;35.00;1000.58;41;49;0.72;3
30.20;122898.00;35.00;1000.58;41;49;0.72;3
30.21;124260.00;35.00;1000.65;42;49;0.72;3
30.21;123078.00;35.00;1000.65;42;49;0.72;3
30.20;123439.00;35.00;1000.65;42;49;0.72;3
30.21;122540.00;35.00;1000.65;42;50;0.73;3
30.21;122718.00;35.00;1000.65;42;50;0.73;3
30.22;122095.00;35.00;1000.65;42;50;0.73;3
30.22;122808.00;35.00;1000.65;43;51;0.74;3
30.22;123078.00;35.00;1000.65;43;51;0.74;3
30.22;123439.00;35.00;1000.65;43;51;0.74;3
30.21;123349.00;35.00;1000.65;42;50;0.73;3
30.21;122450.00;35.00;1000.62;42;50;0.73;3
30.22;123168.00;35.00;1000.62;42;50;0.73;3
30.22;123078.00;35.00;1000.62;42;50;0.74;3
30.22;123258.00;35.00;1000.62;42;50;0.74;3
30.22;123258.00;35.00;1000.62;42;50;0.74;3
30.22;122450.00;35.00;1000.62;43;51;0.74;3
30.22;124077.00;35.00;1000.62;43;51;0.74;3
30.21;122361.00;35.00;1000.65;43;51;0.74;3
30.21;122718.00;35.00;1000.65;42;50;0.73;3
30.22;123803.00;35.00;1000.65;42;50;0.73;3
30.22;122095.00;35.00;1000.65;42;50;0.73;3
30.22;122629.00;35.00;1000.65;43;51;0.74;3
30.22;123258.00;35.00;1000.65;43;51;0.74;3
30.22;123168.00;35.00;1000.65;43;51;0.74;3
30.22;121918.00;35.00;1000.65;44;52;0.75;3
30.23;123349.00;35.00;1000.65;44;52;0.75;3
30.23;122898.00;35.00;1000.65;44;52;0.75;3
30.23;123439.00;35.00;1000.65;43;51;0.74;3
30.23;122808.00;35.00;1000.65;43;51;0.74;3
30.23;123258.00;35.00;1000.65;43;51;0.74;3
30.23;122006.00;35.00;1000.65;44;52;0.75;3
30.23;122808.00;35.00;1000.65;44;52;0.75;3
30.23;122988.00;35.00;1000.65;44;52;0.75;3
30.23;123258.00;35.00;1000.62;44;52;0.75;3
30.23;122540.00;35.00;1000.65;43;51;0.74;3
30.24;122629.00;35.00;1000.65;43;51;0.74;3
30.24;122095.00;35.00;1000.62;43;51;0.74;3
30.24;122808.00;35.00;1000.65;44;52;0.75;3
30.23;122898.00;35.00;1000.65;44;52;0.75;3
30.22;121565.00;35.00;1000.62;44;52;0.75;3
30.22;122361.00;35.00;1000.65;44;53;0.77;3
30.22;122095.00;35.00;1000.65;44;53;0.77;3
30.21;122361.00;35.00;1000.65;44;53;0.77;3
30.22;122006.00;35.00;1000.65;44;53;0.76;3
30.21;121302.00;35.00;1000.65;44;53;0.76;3
30.22;122183.00;35.00;1000.65;44;53;0.76;3
30.22;120866.00;35.00;1000.65;44;53;0.76;3
30.22;122006.00;35.00;1000.65;44;53;0.76;3
30.22;121127.00;35.00;1000.66;44;53;0.76;3
30.22;121477.00;35.00;1000.65;45;54;0.78;3
30.22;120433.00;35.00;1000.65;45;54;0.78;3
30.22;121829.00;35.00;1000.66;45;54;0.78;3
30.22;121477.00;35.00;1000.65;45;54;0.78;3
30.23;121653.00;35.00;1000.66;45;54;0.78;3
30.23;120779.00;35.00;1000.62;45;54;0.78;3
30.22;121653.00;35.00;1000.66;46;56;0.80;3
30.23;121302.00;35.00;1000.66;46;56;0.80;3
30.23;122540.00;35.00;1000.65;46;56;0.80;3
30.23;121127.00;35.00;1000.65;45;54;0.78;3
30.23;120347.00;35.00;1000.65;45;54;0.78;3
30.24;122006.00;35.00;1000.62;45;54;0.78;3
30.24;120519.00;35.00;1000.65;46;55;0.79;3
30.23;121918.00;35.00;1000.62;46;55;0.79;3
30.24;120519.00;35.00;1000.65;46;55;0.79;3
30.24;119917.00;35.00;1000.62;46;55;0.79;3
30.24;120433.00;35.00;1000.65;46;55;0.79;3
30.25;120433.00;35.00;1000.62;46;55;0.79;3
30.26;120606.00;35.00;1000.62;47;57;0.81;3
30.26;121040.00;35.00;1000.62;47;57;0.81;3
30.26;120866.00;35.00;1000.62;47;57;0.81;3
30.26;121477.00;35.00;1000.62;47;57;0.81;3
30.26;121829.00;35.00;1000.62;47;57;0.81;3
30.26;120519.00;35.00;1000.65;47;57;0.81;3
30.26;121127.00;35.00;1000.60;48;58;0.82;3
30.27;121040.00;35.00;1000.65;48;58;0.82;3
30.27;120347.00;35.00;1000.65;48;58;0.82;3
30.28;120175.00;35.00;1000.62;48;59;0.84;3
30.28;121918.00;35.00;1000.62;48;59;0.84;3
30.28;120692.00;35.00;1000.62;48;59;0.84;3
30.27;120347.00;35.00;1000.62;48;59;0.83;3
30.28;121040.00;35.00;1000.62;48;59;0.83;3
30.29;120606.00;35.00;1000.65;48;59;0.83;3
30.29;120953.00;35.00;1000.65;48;59;0.84;3
30.29;120261.00;35.00;1000.62;48;59;0.84;3
30.29;121214.00;35.00;1000.62;48;59;0.84;3
30.29;120347.00;35.00;1000.62;48;58;0.82;3
30.30;120953.00;35.00;1000.60;48;58;0.82;3
30.31;121829.00;35.00;1000.62;48;58;0.82;3
30.31;120519.00;35.00;1000.65;48;58;0.82;3
30.32;120347.00;35.00;1000.62;48;58;0.82;3
30.32;120779.00;35.00;1000.62;48;58;0.82;3
30.32;121389.00;35.00;1000.62;48;58;0.82;3
30.32;121302.00;35.00;1000.62;48;58;0.82;3
30.32;120519.00;35.00;1000.60;48;58;0.82;3
30.33;120953.00;35.00;1000.62;48;59;0.83;3
30.33;120519.00;35.00;1000.62;48;59;0.83;3
30.34;121127.00;35.00;1000.62;48;59;0.83;3
30.33;119832.00;35.00;1000.62;48;58;0.82;3
30.33;120089.00;35.00;1000.60;48;58;0.82;3
30.32;120866.00;35.00;1000.60;48;58;0.82;3
30.31;120175.00;35.00;1000.62;47;57;0.81;3
30.30;118065.00;35.00;1000.62;47;57;0.81;3
30.20;113983.00;35.00;1000.60;47;57;0.81;3
30.18;110754.00;35.00;1000.65;54;67;0.95;3
30.18;110535.00;36.00;1000.65;54;67;0.95;3
30.21;108959.00;36.00;1000.66;54;67;0.95;3
30.22;110101.00;36.00;1000.66;63;79;1.14;3
30.22;110173.00;36.00;1000.66;63;79;1.14;3
30.23;111046.00;36.00;1000.62;63;79;1.14;3
30.22;110900.00;35.00;1000.65;67;86;1.25;3
30.22;112608.00;35.00;1000.66;67;86;1.25;3
30.04;111341.00;35.00;1000.62;67;86;1.25;3
29.96;112458.00;35.00;1000.60;69;88;1.31;3
29.96;112911.00;35.00;1000.60;69;88;1.31;3
30.00;113983.00;35.00;1000.62;69;88;1.31;3
30.02;113215.00;35.00;1000.60;70;90;1.34;3
30.04;114060.00;35.00;1000.60;70;90;1.34;3
30.05;113751.00;35.00;1000.62;70;90;1.34;3
30.06;114839.00;35.00;1000.60;70;91;1.35;3
30.07;114917.00;35.00;1000.62;70;91;1.35;3
30.08;114996.00;35.00;1000.62;70;91;1.35;3
30.07;115549.00;35.00;1000.62;69;88;1.30;3
30.09;115154.00;35.00;1000.62;69;88;1.30;3
30.09;115629.00;35.00;1000.60;69;88;1.30;3
30.10;114761.00;35.00;1000.60;67;86;1.26;3