timestamp;temperature;gas;humidity;barometer;IAQ;IAQ_S;VOCS;accuracy
2025-10-01 10:55:08;19.59;179812.00;40.00;1008.07;68;44;0.66;1
2025-10-01 10:55:08;19.60;178666.00;40.00;1008.07;67;43;0.66;1
2025-10-01 10:55:08;19.60;179046.00;40.00;1008.07;67;43;0.66;1
2025-10-01 10:55:08;19.60;178666.00;40.00;1008.07;67;43;0.66;1
2025-10-01 10:55:08;19.61;179429.00;40.00;1008.09;67;43;0.66;1
2025-10-01 10:55:08;19.61;179237.00;40.00;1008.07;67;43;0.66;1
2025-10-01 10:55:09;19.65;177160.00;40.00;1008.11;67;43;0.66;1
2025-10-01 10:55:10;19.65;177160.00;40.00;1008.09;71;45;0.68;1
2025-10-01 10:55:11;19.66;178098.00;40.00;1008.09;71;45;0.68;1
2025-10-01 10:55:12;19.65;178476.00;40.00;1008.09;71;45;0.68;1
2025-10-01 10:55:13;19.65;178476.00;40.00;1008.11;71;45;0.68;1
2025-10-01 10:55:14;19.65;178666.00;40.00;1008.09;71;45;0.68;1
2025-10-01 10:55:15;19.64;180005.00;40.00;1008.06;71;45;0.68;1
2025-10-01 10:55:16;19.62;180391.00;40.00;1008.02;69;44;0.66;1
2025-10-01 10:55:17;19.62;175130.00;40.00;1008.00;69;44;0.66;1
2025-10-01 10:55:18;19.64;170166.00;40.00;1008.02;69;44;0.66;1
2025-10-01 10:55:19;19.68;165803.00;40.00;1008.02;87;52;0.75;1
2025-10-01 10:55:20;19.71;160271.00;41.00;1008.02;87;52;0.75;1
2025-10-01 10:55:21;19.74;154243.00;41.00;1008.02;87;52;0.75;1
2025-10-01 10:55:22;19.75;150920.00;42.00;1008.02;135;73;1.03;1
2025-10-01 10:55:23;19.78;147348.00;42.00;1008.00;135;73;1.03;1
2025-10-01 10:55:24;19.82;144685.00;43.00;1007.98;135;73;1.03;1
2025-10-01 10:55:25;19.83;140690.00;43.00;1008.00;192;98;1.51;1
2025-10-01 10:55:26;19.85;136465.00;43.00;1008.04;192;98;1.51;1
2025-10-01 10:55:27;19.89;133115.00;44.00;1008.02;192;98;1.51;1
2025-10-01 10:55:28;19.91;131347.00;44.00;1008.04;250;126;2.30;1
2025-10-01 10:55:29;19.94;128831.00;44.00;1008.02;250;126;2.30;1
2025-10-01 10:55:30;19.97;125093.00;45.00;1008.02;250;126;2.30;1
2025-10-01 10:55:31;20.00;125186.00;45.00;1008.02;312;155;3.57;1
2025-10-01 10:55:32;20.03;124537.00;45.00;1008.00;312;155;3.57;1
2025-10-01 10:55:33;20.06;121302.00;46.00;1008.02;312;155;3.57;1
2025-10-01 10:55:34;20.09;119153.00;46.00;1007.98;360;177;5.03;1
2025-10-01 10:55:35;20.13;118816.00;46.00;1007.98;360;177;5.03;1
2025-10-01 10:55:36;20.18;118816.00;46.00;1007.98;360;177;5.03;1
2025-10-01 10:55:37;20.22;118231.00;46.00;1007.98;398;195;6.62;1
2025-10-01 10:55:38;20.26;115549.00;47.00;1008.00;398;195;6.62;1
2025-10-01 10:55:39;20.30;114292.00;47.00;1008.02;398;195;6.62;1
2025-10-01 10:55:40;20.33;113597.00;47.00;1008.00;435;214;8.70;1
2025-10-01 10:55:41;20.36;110900.00;47.00;1008.02;435;214;8.70;1
2025-10-01 10:55:42;20.40;112684.00;48.00;1008.00;435;214;8.70;1
2025-10-01 10:55:43;20.44;108188.00;48.00;1008.00;459;226;10.56;1
2025-10-01 10:55:44;20.47;111120.00;48.00;1008.02;459;226;10.56;1
2025-10-01 10:55:45;20.52;109885.00;48.00;1008.00;459;226;10.56;1
2025-10-01 10:55:46;20.54;108327.00;48.00;1008.00;483;239;12.72;1
2025-10-01 10:55:47;20.59;107772.00;48.00;1008.00;483;239;12.72;1
2025-10-01 10:55:48;20.63;104946.00;48.00;1007.98;483;239;12.72;1
2025-10-01 10:55:49;20.65;106408.00;48.00;1007.98;500;250;15.09;1
2025-10-01 10:55:50;20.69;105805.00;48.00;1007.98;500;250;15.09;1
2025-10-01 10:55:51;20.74;105738.00;48.00;1008.00;500;250;15.09;1
2025-10-01 10:55:52;20.76;105143.00;48.00;1007.98;500;259;17.38;1
2025-10-01 10:55:53;20.81;104555.00;48.00;1007.98;500;259;17.38;1
2025-10-01 10:55:54;20.86;102765.00;49.00;1007.98;500;259;17.38;1
2025-10-01 10:55:55;20.89;102954.00;48.00;1008.02;500;267;19.68;1
2025-10-01 10:55:56;20.91;102017.00;48.00;1008.02;500;267;19.68;1
2025-10-01 10:55:57;20.97;100854.00;48.00;1008.00;500;267;19.68;1
2025-10-01 10:55:58;21.00;100373.00;49.00;1008.00;500;274;21.81;1
2025-10-01 10:55:59;21.04;99013.00;48.00;1007.98;500;274;21.81;1
2025-10-01 10:56:00;21.08;99247.00;48.00;1008.00;500;274;21.81;1
2025-10-01 10:56:01;21.10;98146.00;48.00;1008.04;500;284;25.11;1
2025-10-01 10:56:02;21.14;99305.00;48.00;1008.04;500;284;25.11;1
2025-10-01 10:56:03;21.19;98261.00;48.00;1008.02;500;284;25.11;1
2025-10-01 10:56:04;21.22;97125.00;48.00;1008.02;500;290;27.72;1
2025-10-01 10:56:05;21.25;97013.00;48.00;1008.02;500;290;27.72;1
2025-10-01 10:56:06;21.30;97576.00;48.00;1008.02;500;290;27.72;1
2025-10-01 10:56:07;21.32;96790.00;48.00;1008.02;500;295;29.66;1
2025-10-01 10:56:08;21.36;96126.00;48.00;1008.06;500;295;29.66;1
2025-10-01 10:56:09;21.40;97238.00;48.00;1008.02;500;295;29.66;1
2025-10-01 10:56:10;21.43;96790.00;48.00;1008.04;500;298;31.14;1
2025-10-01 10:56:11;21.47;96623.00;48.00;1008.04;500;298;31.14;1
2025-10-01 10:56:12;21.51;97917.00;48.00;1008.04;500;298;31.14;1
2025-10-01 10:56:13;21.54;96790.00;48.00;1007.98;500;299;31.61;1
2025-10-01 10:56:14;21.57;98032.00;48.00;1008.04;500;299;31.61;1
2025-10-01 10:56:15;21.63;96126.00;48.00;1008.04;500;299;31.61;1
2025-10-01 10:56:16;21.66;95852.00;48.00;1008.04;500;300;32.09;1
2025-10-01 10:56:17;21.70;96623.00;48.00;1008.04;500;300;32.09;1
2025-10-01 10:56:18;21.73;95363.00;48.00;1008.04;500;300;32.09;1
2025-10-01 10:56:19;21.77;93977.00;48.00;1008.06;500;301;32.72;1
2025-10-01 10:56:20;21.81;96623.00;48.00;1008.04;500;301;32.72;1
2025-10-01 10:56:21;21.85;95525.00;48.00;1008.04;500;301;32.72;1
2025-10-01 10:56:22;21.87;95471.00;48.00;1008.04;500;301;32.70;1
2025-10-01 10:56:23;21.91;94932.00;48.00;1008.02;500;301;32.70;1
2025-10-01 10:56:24;21.95;94878.00;48.00;1008.00;500;301;32.70;1
2025-10-01 10:56:25;21.99;95471.00;48.00;1008.04;500;300;32.23;1
2025-10-01 10:56:26;22.01;95634.00;48.00;1008.04;500;300;32.23;1
2025-10-01 10:56:27;22.05;95907.00;48.00;1008.04;500;300;32.23;1
2025-10-01 10:56:28;22.10;95093.00;48.00;1008.04;500;299;31.90;1
2025-10-01 10:56:29;22.13;95254.00;48.00;1008.02;500;299;31.90;1
2025-10-01 10:56:30;22.17;94932.00;48.00;1008.00;500;299;31.90;1
2025-10-01 10:56:31;22.19;95579.00;48.00;1008.04;500;297;30.87;1
2025-10-01 10:56:32;22.23;94718.00;48.00;1008.04;500;297;30.87;1
2025-10-01 10:56:33;22.27;94771.00;48.00;1008.04;500;297;30.87;1
2025-10-01 10:56:34;22.31;94985.00;48.00;1008.00;500;297;30.66;1
2025-10-01 10:56:35;22.33;94505.00;48.00;1008.00;500;297;30.66;1
2025-10-01 10:56:36;22.37;95093.00;48.00;1007.98;500;297;30.66;1
2025-10-01 10:56:37;22.41;94558.00;47.00;1008.02;500;296;30.14;1
2025-10-01 10:56:38;22.41;95254.00;47.00;1008.02;500;296;30.14;1
2025-10-01 10:56:39;22.44;95579.00;47.00;1008.02;500;296;30.14;1
2025-10-01 10:56:40;22.48;94985.00;47.00;1007.98;500;294;29.22;1
2025-10-01 10:56:41;22.50;94825.00;48.00;1008.00;500;294;29.22;1
2025-10-01 10:56:42;22.54;94240.00;47.00;1007.98;500;294;29.22;1
2025-10-01 10:56:43;22.58;94346.00;47.00;1008.00;500;293;28.75;1
2025-10-01 10:56:44;22.61;94718.00;47.00;1008.00;500;293;28.75;1
2025-10-01 10:56:45;22.63;93610.00;47.00;1008.00;500;293;28.75;1
2025-10-01 10:56:46;22.68;93872.00;47.00;1008.02;500;293;28.75;1
2025-10-01 10:56:47;22.71;94399.00;47.00;1008.02;500;292;28.48;1
2025-10-01 10:56:48;22.74;94187.00;47.00;1008.00;500;292;28.48;1
2025-10-01 10:56:49;22.78;94558.00;47.00;1008.02;500;292;28.48;1
2025-10-01 10:56:50;22.80;93872.00;47.00;1008.04;500;290;27.52;1
2025-10-01 10:56:51;22.84;94293.00;47.00;1008.02;500;290;27.52;1
2025-10-01 10:56:52;22.86;93662.00;47.00;1008.02;500;290;27.52;1
2025-10-01 10:56:53;22.90;94435.00;47.00;1007.98;500;289;27.22;1
2025-10-01 10:56:54;22.93;94861.00;47.00;1008.00;500;289;27.22;1
2025-10-01 10:56:55;22.98;94329.00;47.00;1007.96;500;289;27.22;1
2025-10-01 10:56:56;23.00;93819.00;47.00;1007.96;500;287;26.28;1
2025-10-01 10:56:57;23.03;94329.00;47.00;1008.00;500;287;26.28;1
2025-10-01 10:56:58;23.08;95076.00;47.00;1008.02;500;287;26.28;1
2025-10-01 10:56:59;23.10;94968.00;47.00;1008.00;500;283;24.92;1
2025-10-01 10:57:00;23.13;94754.00;47.00;1007.98;500;283;24.92;1
2025-10-01 10:57:01;23.16;93282.00;47.00;1007.96;500;283;24.92;1
2025-10-01 10:57:02;23.19;94329.00;47.00;1007.96;500;283;24.88;1
2025-10-01 10:57:03;23.22;94012.00;47.00;1007.98;500;283;24.88;1
2025-10-01 10:57:04;23.25;94541.00;47.00;1008.00;500;283;24.88;1
2025-10-01 10:57:05;23.28;94329.00;46.00;1008.00;495;280;23.83;1
2025-10-01 10:57:06;23.31;93802.00;46.00;1008.00;495;280;23.83;1
2025-10-01 10:57:07;23.35;93802.00;46.00;1008.00;495;280;23.83;1
2025-10-01 10:57:08;23.37;93698.00;46.00;1007.96;491;279;23.52;1
2025-10-01 10:57:09;23.41;93489.00;46.00;1007.96;491;279;23.52;1
2025-10-01 10:57:10;23.45;93593.00;46.00;1007.98;491;279;23.52;1
2025-10-01 10:57:11;23.46;93489.00;46.00;1008.02;486;278;23.17;1
2025-10-01 10:57:12;23.50;93178.00;46.00;1008.00;486;278;23.17;1
2025-10-01 10:57:13;23.53;94223.00;46.00;1008.00;486;278;23.17;1
2025-10-01 10:57:14;23.55;93282.00;46.00;1008.00;482;277;22.86;1
2025-10-01 10:57:15;23.59;94223.00;46.00;1007.98;482;277;22.86;1
2025-10-01 10:57:16;23.62;94329.00;46.00;1007.98;482;277;22.86;1
2025-10-01 10:57:17;23.65;93802.00;46.00;1007.98;479;277;22.75;1
2025-10-01 10:57:18;23.66;95399.00;46.00;1007.98;479;277;22.75;1
2025-10-01 10:57:19;23.71;94012.00;46.00;1008.00;479;277;22.75;1
2025-10-01 10:57:20;23.73;93282.00;46.00;1008.02;472;274;21.84;1
2025-10-01 10:57:21;23.76;93385.00;46.00;1008.02;472;274;21.84;1
2025-10-01 10:57:22;23.79;93385.00;46.00;1008.02;472;274;21.84;1
2025-10-01 10:57:23;23.81;93698.00;46.00;1008.00;467;273;21.27;1
2025-10-01 10:57:24;23.84;92870.00;46.00;1007.98;467;273;21.27;1
2025-10-01 10:57:25;23.86;95399.00;46.00;1007.98;467;273;21.27;1
2025-10-01 10:57:26;23.89;93282.00;46.00;1008.00;456;268;19.80;1
2025-10-01 10:57:27;23.91;95508.00;45.00;1008.00;456;268;19.80;1
2025-10-01 10:57:28;23.96;95076.00;45.00;1008.00;456;268;19.80;1
2025-10-01 10:57:29;23.97;95508.00;45.00;1008.00;453;268;19.72;1
2025-10-01 10:57:30;24.00;95508.00;45.00;1007.98;453;268;19.72;1
2025-10-01 10:57:31;24.03;93178.00;45.00;1007.98;453;268;19.72;1
2025-10-01 10:57:32;24.04;93178.00;45.00;1008.02;451;267;19.68;2
2025-10-01 10:57:33;24.08;95508.00;45.00;1008.00;451;267;19.68;2
2025-10-01 10:57:34;24.10;95183.00;45.00;1007.96;451;267;19.68;2
2025-10-01 10:57:35;24.12;95183.00;45.00;1008.02;442;264;18.60;2
2025-10-01 10:57:36;24.15;95291.00;45.00;1008.02;442;264;18.60;2
2025-10-01 10:57:37;24.18;92972.00;45.00;1008.00;442;264;18.60;2
2025-10-01 10:57:38;24.21;95183.00;45.00;1008.02;434;260;17.68;2
2025-10-01 10:57:39;24.22;92870.00;45.00;1008.02;434;260;17.68;2
2025-10-01 10:57:40;24.26;95183.00;45.00;1008.02;434;260;17.68;2
2025-10-01 10:57:41;24.27;94861.00;45.00;1008.00;427;258;17.00;2
2025-10-01 10:57:42;24.30;94861.00;45.00;1008.00;427;258;17.00;2
2025-10-01 10:57:43;24.33;95076.00;45.00;1008.00;427;258;17.00;2
2025-10-01 10:57:44;24.35;94647.00;45.00;1008.04;423;256;16.65;2
2025-10-01 10:57:45;24.37;94435.00;45.00;1008.04;423;256;16.65;2
2025-10-01 10:57:46;24.40;94968.00;45.00;1008.00;423;256;16.65;2
2025-10-01 10:57:47;24.41;94754.00;44.00;1008.00;418;255;16.21;2
2025-10-01 10:57:48;24.43;94968.00;44.00;1008.00;418;255;16.21;2
2025-10-01 10:57:49;24.47;94647.00;44.00;1008.04;418;255;16.21;2
2025-10-01 10:57:50;24.48;94435.00;44.00;1008.02;414;254;15.94;2
2025-10-01 10:57:51;24.51;94435.00;44.00;1008.02;414;254;15.94;2
2025-10-01 10:57:52;24.54;94647.00;44.00;1007.98;414;254;15.94;2
2025-10-01 10:57:53;24.56;94329.00;44.00;1007.96;409;252;15.55;2
2025-10-01 10:57:54;24.58;94541.00;44.00;1008.02;409;252;15.55;2
2025-10-01 10:57:55;24.60;94968.00;44.00;1007.98;409;252;15.55;2
2025-10-01 10:57:56;24.62;94223.00;44.00;1008.02;407;251;15.44;2
2025-10-01 10:57:57;24.64;94541.00;44.00;1008.00;407;251;15.44;2
2025-10-01 10:57:58;24.68;93907.00;44.00;1007.98;407;251;15.44;2
2025-10-01 10:57:59;24.69;94329.00;44.00;1007.98;404;251;15.33;2
2025-10-01 10:58:00;24.70;94647.00;44.00;1007.98;404;251;15.33;2
2025-10-01 10:58:01;24.74;94118.00;44.00;1007.96;404;251;15.33;2
2025-10-01 10:58:02;24.76;94435.00;44.00;1007.96;400;250;15.09;2
2025-10-01 10:58:03;24.77;94329.00;44.00;1007.96;400;250;15.09;2
2025-10-01 10:58:04;24.80;94223.00;44.00;1007.98;400;250;15.09;2
2025-10-01 10:58:05;24.81;94223.00;44.00;1007.96;398;249;14.96;2
2025-10-01 10:58:06;24.83;94118.00;44.00;1007.98;398;249;14.96;2
2025-10-01 10:58:07;24.87;94012.00;44.00;1008.00;398;249;14.96;2
2025-10-01 10:58:08;24.88;93593.00;44.00;1007.96;394;248;14.75;2
2025-10-01 10:58:09;24.90;93907.00;44.00;1007.98;394;248;14.75;2
2025-10-01 10:58:10;24.92;93489.00;43.00;1007.98;394;248;14.75;2
2025-10-01 10:58:11;24.94;94012.00;43.00;1007.98;394;249;14.96;2
2025-10-01 10:58:12;24.97;93178.00;43.00;1007.96;394;249;14.96;2
2025-10-01 10:58:13;24.98;93907.00;43.00;1007.96;394;249;14.96;2
2025-10-01 10:58:14;25.01;93489.00;43.00;1008.00;392;249;14.93;2
2025-10-01 10:58:15;25.03;93802.00;43.00;1007.98;392;249;14.93;2
2025-10-01 10:58:16;25.05;93385.00;43.00;1008.00;392;249;14.93;2
2025-10-01 10:58:17;25.06;92767.00;43.00;1007.98;392;250;15.20;2
2025-10-01 10:58:18;25.08;93178.00;43.00;1007.98;392;250;15.20;2
2025-10-01 10:58:19;25.11;93178.00;43.00;1007.98;392;250;15.20;2
2025-10-01 10:58:20;25.13;93282.00;43.00;1007.96;390;250;15.13;2
2025-10-01 10:58:21;25.14;93178.00;43.00;1007.94;390;250;15.13;2
2025-10-01 10:58:22;25.16;92972.00;43.00;1007.94;390;250;15.13;2
2025-10-01 10:58:23;25.18;92870.00;43.00;1007.96;388;250;15.13;2
2025-10-01 10:58:24;25.19;93698.00;43.00;1007.92;388;250;15.13;2
2025-10-01 10:58:25;25.21;93282.00;43.00;1007.96;388;250;15.13;2
2025-10-01 10:58:26;25.24;93593.00;43.00;1007.98;386;250;15.11;2
2025-10-01 10:58:27;25.26;93075.00;43.00;1007.98;386;250;15.11;2
2025-10-01 10:58:28;25.28;92665.00;43.00;1007.94;386;250;15.11;2
2025-10-01 10:58:29;25.28;92870.00;43.00;1007.96;384;250;15.03;2
2025-10-01 10:58:30;25.31;93282.00;43.00;1007.96;384;250;15.03;2
2025-10-01 10:58:31;25.33;92972.00;43.00;1007.94;384;250;15.03;2
2025-10-01 10:58:32;25.35;93178.00;43.00;1007.94;381;249;14.83;2
2025-10-01 10:58:33;25.37;92665.00;43.00;1007.96;381;249;14.83;2
2025-10-01 10:58:34;25.37;92665.00;43.00;1007.96;381;249;14.83;2
2025-10-01 10:58:35;25.39;92767.00;43.00;1007.96;379;248;14.75;2
2025-10-01 10:58:36;25.40;92563.00;43.00;1007.98;379;248;14.75;2
2025-10-01 10:58:37;25.43;93075.00;43.00;1008.00;379;248;14.75;2
2025-10-01 10:58:38;25.44;92461.00;42.00;1007.98;378;249;14.83;2
2025-10-01 10:58:39;25.45;93075.00;42.00;1008.00;378;249;14.83;2
2025-10-01 10:58:40;25.47;93075.00;42.00;1007.96;378;249;14.83;2
2025-10-01 10:58:41;25.49;92359.00;42.00;1007.98;378;249;14.83;2
2025-10-01 10:58:42;25.51;92870.00;42.00;1007.98;376;249;14.88;2
2025-10-01 10:58:43;25.53;92870.00;42.00;1007.96;376;249;14.88;2
2025-10-01 10:58:44;25.55;92870.00;42.00;1007.96;376;249;14.88;2
2025-10-01 10:58:45;25.57;92665.00;42.00;1007.98;373;248;14.68;2
2025-10-01 10:58:46;25.59;92767.00;42.00;1007.98;373;248;14.68;2
2025-10-01 10:58:47;25.61;92461.00;42.00;1007.98;373;248;14.68;2
2025-10-01 10:58:48;25.62;92870.00;42.00;1008.00;371;248;14.65;2
2025-10-01 10:58:49;25.63;93178.00;42.00;1007.98;371;248;14.65;2
2025-10-01 10:58:50;25.66;92665.00;42.00;1007.98;371;248;14.65;2
2025-10-01 10:58:51;25.67;92665.00;42.00;1007.98;369;247;14.50;2
2025-10-01 10:58:52;25.69;92157.00;42.00;1008.00;369;247;14.50;2
2025-10-01 10:58:53;25.71;92563.00;42.00;1008.00;369;247;14.50;2
2025-10-01 10:58:54;25.72;92972.00;42.00;1007.96;367;247;14.40;2
2025-10-01 10:58:55;25.73;92563.00;42.00;1007.96;367;247;14.40;2
2025-10-01 10:58:56;25.75;92767.00;42.00;1007.98;367;247;14.40;2
2025-10-01 10:58:57;25.76;92665.00;42.00;1007.96;364;246;14.20;2
2025-10-01 10:58:58;25.78;92461.00;42.00;1007.96;364;246;14.20;2
2025-10-01 10:58:59;25.80;92359.00;42.00;1007.96;364;246;14.20;2
2025-10-01 10:59:00;25.82;92461.00;42.00;1007.94;362;246;14.17;2
2025-10-01 10:59:01;25.83;92563.00;42.00;1007.96;362;246;14.17;2
2025-10-01 10:59:02;25.85;92258.00;42.00;1007.98;362;246;14.17;2
2025-10-01 10:59:03;25.85;92359.00;42.00;1007.98;360;246;14.14;2
2025-10-01 10:59:04;25.87;92972.00;42.00;1007.96;360;246;14.14;2
2025-10-01 10:59:05;25.90;92359.00;42.00;1007.96;360;246;14.14;2
2025-10-01 10:59:06;25.91;93075.00;42.00;1007.96;358;245;13.99;2
2025-10-01 10:59:07;25.92;92563.00;42.00;1007.98;358;245;13.99;2
2025-10-01 10:59:08;25.94;92665.00;42.00;1007.96;358;245;13.99;2
2025-10-01 10:59:09;25.95;93593.00;41.00;1007.96;355;244;13.77;2
2025-10-01 10:59:10;25.97;93075.00;41.00;1007.96;355;244;13.77;2
2025-10-01 10:59:11;25.98;92665.00;41.00;1007.98;355;244;13.77;2
2025-10-01 10:59:12;26.00;93282.00;41.00;1007.98;353;244;13.77;2
2025-10-01 10:59:13;26.01;92972.00;41.00;1007.96;353;244;13.77;2
2025-10-01 10:59:14;26.03;92461.00;41.00;1007.96;353;244;13.77;2
2025-10-01 10:59:15;26.04;92767.00;41.00;1007.96;349;242;13.42;2
2025-10-01 10:59:16;26.06;92972.00;41.00;1007.94;349;242;13.42;2
2025-10-01 10:59:17;26.07;93178.00;41.00;1007.98;349;242;13.42;2
2025-10-01 10:59:18;26.08;93593.00;41.00;1007.98;346;241;13.19;2
2025-10-01 10:59:19;26.10;93178.00;41.00;1007.98;346;241;13.19;2
2025-10-01 10:59:20;26.12;92767.00;41.00;1007.96;346;241;13.19;2
2025-10-01 10:59:21;26.13;94329.00;41.00;1007.98;344;241;13.14;2
2025-10-01 10:59:22;26.14;93075.00;41.00;1007.98;344;241;13.14;2
2025-10-01 10:59:23;26.16;93385.00;41.00;1007.96;344;241;13.14;2
2025-10-01 10:59:24;26.17;92767.00;41.00;1007.96;341;239;12.88;2
2025-10-01 10:59:25;26.19;92870.00;41.00;1007.96;341;239;12.88;2
2025-10-01 10:59:26;26.21;93489.00;41.00;1007.96;341;239;12.88;2
2025-10-01 10:59:27;26.22;93802.00;41.00;1007.92;338;239;12.74;2
2025-10-01 10:59:28;26.23;93282.00;41.00;1007.94;338;239;12.74;2
2025-10-01 10:59:29;26.25;93282.00;41.00;1007.94;338;239;12.74;2
2025-10-01 10:59:30;26.26;93907.00;41.00;1007.96;336;238;12.58;2
2025-10-01 10:59:31;26.27;92767.00;41.00;1007.94;336;238;12.58;2
2025-10-01 10:59:32;26.29;92870.00;41.00;1007.98;336;238;12.58;2
2025-10-01 10:59:33;26.30;94012.00;41.00;1007.98;334;238;12.54;2
2025-10-01 10:59:34;26.31;93489.00;41.00;1007.96;334;238;12.54;2
2025-10-01 10:59:35;26.32;93698.00;41.00;1007.98;334;238;12.54;2
2025-10-01 10:59:36;26.33;93075.00;41.00;1007.96;333;238;12.51;2
2025-10-01 10:59:37;26.35;92870.00;41.00;1007.96;333;238;12.51;2
2025-10-01 10:59:38;26.36;93489.00;41.00;1007.98;333;238;12.51;2
2025-10-01 10:59:39;26.38;93178.00;41.00;1008.00;332;238;12.56;2
2025-10-01 10:59:40;26.40;92972.00;41.00;1007.98;332;238;12.56;2
2025-10-01 10:59:41;26.40;92563.00;40.00;1007.98;332;238;12.56;2
2025-10-01 10:59:42;26.41;92359.00;40.00;1007.98;330;238;12.51;2
2025-10-01 10:59:43;26.43;93489.00;40.00;1007.98;330;238;12.51;2
2025-10-01 10:59:44;26.44;93385.00;40.00;1007.98;330;238;12.51;2
2025-10-01 10:59:45;26.45;93385.00;40.00;1007.96;327;236;12.24;2
2025-10-01 10:59:46;26.46;92870.00;40.00;1007.98;327;236;12.24;2
2025-10-01 10:59:47;26.48;93075.00;40.00;1007.94;327;236;12.24;2
2025-10-01 10:59:48;26.49;93075.00;40.00;1007.96;325;236;12.16;2
2025-10-01 10:59:49;26.50;93178.00;40.00;1008.02;325;236;12.16;2
2025-10-01 10:59:50;26.52;93385.00;40.00;1007.98;325;236;12.16;2
2025-10-01 10:59:51;26.53;93385.00;40.00;1008.00;324;236;12.23;2
2025-10-01 10:59:52;26.54;93178.00;40.00;1008.00;324;236;12.23;2
2025-10-01 10:59:53;26.55;92563.00;40.00;1008.00;324;236;12.23;2
2025-10-01 10:59:54;26.56;93178.00;40.00;1008.02;324;237;12.35;2
2025-10-01 10:59:55;26.57;93593.00;40.00;1007.98;324;237;12.35;2
2025-10-01 10:59:56;26.59;92870.00;40.00;1007.98;324;237;12.35;2
2025-10-01 10:59:57;26.60;93178.00;40.00;1007.98;321;236;12.20;2
2025-10-01 10:59:58;26.61;93385.00;40.00;1008.00;321;236;12.20;2
2025-10-01 10:59:59;26.62;92972.00;40.00;1008.00;321;236;12.20;2
2025-10-01 11:00:00;26.63;93178.00;40.00;1007.98;319;235;12.04;2
2025-10-01 11:00:01;26.65;93282.00;40.00;1008.00;319;235;12.04;2
2025-10-01 11:00:02;26.67;92665.00;40.00;1008.02;319;235;12.04;2
2025-10-01 11:00:03;26.68;92972.00;40.00;1008.02;318;235;12.01;2
2025-10-01 11:00:04;26.69;93282.00;40.00;1008.00;318;235;12.01;2
2025-10-01 11:00:05;26.70;92972.00;40.00;1008.02;318;235;12.01;2
2025-10-01 11:00:06;26.71;92665.00;40.00;1008.00;317;235;12.10;2
2025-10-01 11:00:07;26.72;92767.00;40.00;1008.04;317;235;12.10;2
2025-10-01 11:00:08;26.73;93075.00;40.00;1008.02;317;235;12.10;2
2025-10-01 11:00:09;26.73;93802.00;40.00;1007.98;315;235;12.01;2
2025-10-01 11:00:10;26.75;93075.00;40.00;1008.00;315;235;12.01;2
2025-10-01 11:00:11;26.76;93385.00;40.00;1008.02;315;235;12.01;2
2025-10-01 11:00:12;26.77;93282.00;40.00;1007.98;314;235;11.99;2
2025-10-01 11:00:13;26.79;93075.00;40.00;1007.98;314;235;11.99;2
2025-10-01 11:00:14;26.79;92870.00;40.00;1007.98;314;235;11.99;2
2025-10-01 11:00:15;26.81;92563.00;40.00;1008.00;312;234;11.93;2
2025-10-01 11:00:16;26.82;92767.00;40.00;1008.00;312;234;11.93;2
2025-10-01 11:00:17;26.84;92359.00;40.00;1007.96;312;234;11.93;2
2025-10-01 11:00:18;26.84;92461.00;40.00;1007.98;312;235;12.01;2
2025-10-01 11:00:19;26.86;93698.00;40.00;1007.98;312;235;12.01;2
2025-10-01 11:00:20;26.86;92665.00;40.00;1007.98;312;235;12.01;2
2025-10-01 11:00:21;26.88;92359.00;40.00;1007.96;310;234;11.89;2
2025-10-01 11:00:22;26.88;92359.00;40.00;1007.96;310;234;11.89;2
2025-10-01 11:00:23;26.90;92563.00;40.00;1007.96;310;234;11.89;2
2025-10-01 11:00:24;26.91;92870.00;40.00;1007.98;307;233;11.67;2
2025-10-01 11:00:25;26.92;92258.00;39.00;1007.94;307;233;11.67;2
2025-10-01 11:00:26;26.93;92767.00;39.00;1007.96;307;233;11.67;2
2025-10-01 11:00:27;26.94;92563.00;39.00;1007.96;307;234;11.81;2
2025-10-01 11:00:28;26.95;93178.00;39.00;1007.98;307;234;11.81;2
2025-10-01 11:00:29;26.96;92359.00;39.00;1008.00;307;234;11.81;2
2025-10-01 11:00:30;26.97;92461.00;39.00;1008.00;306;234;11.93;2
2025-10-01 11:00:31;26.97;92665.00;39.00;1007.98;306;234;11.93;2
2025-10-01 11:00:32;26.98;92767.00;39.00;1008.00;306;234;11.93;2
2025-10-01 11:00:33;27.00;92767.00;39.00;1007.98;307;235;12.11;2
2025-10-01 11:00:34;27.01;92767.00;39.00;1008.00;307;235;12.11;2
2025-10-01 11:00:35;27.02;93489.00;39.00;1008.02;307;235;12.11;2
2025-10-01 11:00:36;27.03;92056.00;39.00;1008.00;305;235;12.06;2
2025-10-01 11:00:37;27.04;92665.00;39.00;1008.00;305;235;12.06;2
2025-10-01 11:00:38;27.05;93385.00;39.00;1008.00;305;235;12.06;2
2025-10-01 11:00:39;27.06;92359.00;39.00;1008.00;304;235;12.12;2
2025-10-01 11:00:40;27.06;92359.00;39.00;1008.00;304;235;12.12;2
2025-10-01 11:00:41;27.07;92767.00;39.00;1007.98;304;235;12.12;2
2025-10-01 11:00:42;27.08;91955.00;39.00;1008.00;305;236;12.28;2
2025-10-01 11:00:43;27.07;92258.00;39.00;1008.00;305;236;12.28;2
2025-10-01 11:00:44;27.09;92563.00;39.00;1008.00;305;236;12.28;2
2025-10-01 11:00:45;27.10;92870.00;39.00;1007.98;302;235;12.09;2
2025-10-01 11:00:46;27.11;92359.00;39.00;1007.98;302;235;12.09;2
2025-10-01 11:00:47;27.13;92461.00;39.00;1007.98;302;235;12.09;2
2025-10-01 11:00:48;27.13;92359.00;39.00;1008.00;302;235;12.09;2
2025-10-01 11:00:49;27.14;93385.00;39.00;1007.98;301;235;12.11;2
2025-10-01 11:00:50;27.15;92258.00;39.00;1007.96;301;235;12.11;2
2025-10-01 11:00:51;27.15;92665.00;39.00;1008.02;301;235;12.11;2
2025-10-01 11:00:52;27.16;92563.00;39.00;1008.00;299;235;12.02;2
2025-10-01 11:00:53;27.17;92767.00;39.00;1008.00;299;235;12.02;2
2025-10-01 11:00:54;27.19;92359.00;39.00;1008.00;299;235;12.02;2
2025-10-01 11:00:55;27.19;92767.00;39.00;1008.02;298;235;12.03;2
2025-10-01 11:00:56;27.20;92461.00;39.00;1008.00;298;235;12.03;2
2025-10-01 11:00:57;27.21;91955.00;39.00;1007.98;298;235;12.03;2
2025-10-01 11:00:58;27.22;92157.00;39.00;1007.98;298;236;12.16;2
2025-10-01 11:00:59;27.23;92157.00;39.00;1007.98;298;236;12.16;2
2025-10-01 11:01:00;27.24;92157.00;39.00;1008.00;298;236;12.16;2
2025-10-01 11:01:01;27.24;92359.00;39.00;1007.98;297;236;12.17;2
2025-10-01 11:01:02;27.25;92056.00;39.00;1008.00;297;236;12.17;2
2025-10-01 11:01:03;27.26;92258.00;39.00;1007.98;297;236;12.17;2
2025-10-01 11:01:04;27.27;92056.00;39.00;1007.96;296;235;12.13;2
2025-10-01 11:01:05;27.27;91554.00;39.00;1008.00;296;235;12.13;2
2025-10-01 11:01:06;27.29;92056.00;39.00;1007.98;296;235;12.13;2
2025-10-01 11:01:07;27.30;92056.00;39.00;1007.98;295;236;12.15;2
2025-10-01 11:01:08;27.31;92972.00;39.00;1008.00;295;236;12.15;2
2025-10-01 11:01:09;27.32;92056.00;39.00;1007.98;295;236;12.15;2
2025-10-01 11:01:10;27.33;92157.00;39.00;1007.96;294;236;12.14;2
2025-10-01 11:01:11;27.33;92359.00;39.00;1007.98;294;236;12.14;2
2025-10-01 11:01:12;27.34;92870.00;39.00;1007.96;294;236;12.14;2
2025-10-01 11:01:13;27.35;92157.00;39.00;1007.96;293;235;12.09;2
2025-10-01 11:01:14;27.36;92157.00;39.00;1007.96;293;235;12.09;2
2025-10-01 11:01:15;27.37;91955.00;39.00;1007.94;293;235;12.09;2
2025-10-01 11:01:16;27.37;92665.00;39.00;1007.94;292;235;12.10;2
2025-10-01 11:01:17;27.38;91554.00;38.00;1007.96;292;235;12.10;2
2025-10-01 11:01:18;27.39;91955.00;39.00;1007.98;292;235;12.10;2
2025-10-01 11:01:19;27.40;91355.00;38.00;1007.98;291;236;12.19;2
2025-10-01 11:01:20;27.40;91554.00;38.00;1007.98;291;236;12.19;2
2025-10-01 11:01:21;27.42;91654.00;38.00;1007.98;291;236;12.19;2
2025-10-01 11:01:22;27.42;91355.00;38.00;1007.96;291;236;12.31;2
2025-10-01 11:01:23;27.43;91554.00;38.00;1007.96;291;236;12.31;2
2025-10-01 11:01:24;27.44;91855.00;38.00;1007.96;291;236;12.31;2
2025-10-01 11:01:25;27.44;91256.00;38.00;1007.96;291;237;12.46;2
2025-10-01 11:01:26;27.46;91955.00;38.00;1007.96;291;237;12.46;2
2025-10-01 11:01:27;27.46;91855.00;38.00;1007.96;291;237;12.46;2
2025-10-01 11:01:28;27.47;91754.00;38.00;1007.94;290;237;12.43;2
2025-10-01 11:01:29;27.48;91955.00;38.00;1007.96;290;237;12.43;2
2025-10-01 11:01:30;27.49;91855.00;38.00;1007.94;290;237;12.43;2
2025-10-01 11:01:31;27.50;91554.00;38.00;1007.96;288;236;12.26;2
2025-10-01 11:01:32;27.50;91355.00;38.00;1007.96;288;236;12.26;2
2025-10-01 11:01:33;27.51;91058.00;38.00;1007.96;288;236;12.26;2
2025-10-01 11:01:34;27.52;92056.00;38.00;1007.96;289;238;12.55;2
2025-10-01 11:01:35;27.53;91058.00;38.00;1007.96;289;238;12.55;2
2025-10-01 11:01:36;27.54;91455.00;38.00;1007.96;289;238;12.55;2
2025-10-01 11:01:37;27.53;90960.00;38.00;1007.94;289;239;12.79;2
2025-10-01 11:01:38;27.54;91157.00;38.00;1007.94;289;239;12.79;2
2025-10-01 11:01:39;27.55;92359.00;38.00;1007.92;289;239;12.79;2
2025-10-01 11:01:40;27.56;90665.00;38.00;1007.94;289;239;12.88;2
2025-10-01 11:01:41;27.56;91058.00;38.00;1007.94;289;239;12.88;2
2025-10-01 11:01:42;27.57;90862.00;38.00;1007.94;289;239;12.88;2
2025-10-01 11:01:43;27.58;91355.00;38.00;1007.94;289;240;13.05;2
2025-10-01 11:01:44;27.59;91455.00;38.00;1007.92;289;240;13.05;2
2025-10-01 11:01:45;27.60;91754.00;38.00;1007.98;289;240;13.05;2
2025-10-01 11:01:46;27.60;91157.00;38.00;1007.98;287;240;12.92;2
2025-10-01 11:01:47;27.61;91058.00;38.00;1007.96;287;240;12.92;2
2025-10-01 11:01:48;27.62;90862.00;38.00;1007.98;287;240;12.92;2
2025-10-01 11:01:49;27.63;90763.00;38.00;1007.96;287;240;12.99;2
2025-10-01 11:01:50;27.62;91455.00;38.00;1007.96;287;240;12.99;2
2025-10-01 11:01:51;27.63;91554.00;38.00;1007.98;287;240;12.99;2
2025-10-01 11:01:52;27.64;90862.00;38.00;1007.96;285;240;12.90;2
2025-10-01 11:01:53;27.64;91855.00;38.00;1007.96;285;240;12.90;2
2025-10-01 11:01:54;27.65;90470.00;38.00;1007.94;285;240;12.90;2
2025-10-01 11:01:55;27.66;90960.00;38.00;1007.96;285;240;13.00;2
2025-10-01 11:01:56;27.66;90862.00;38.00;1007.96;285;240;13.00;2
2025-10-01 11:01:57;27.67;91256.00;38.00;1007.94;285;240;13.00;2
2025-10-01 11:01:58;27.68;91058.00;38.00;1007.96;285;241;13.09;2
2025-10-01 11:01:59;27.68;90665.00;38.00;1007.94;285;241;13.09;2
2025-10-01 11:02:00;27.69;90763.00;38.00;1007.96;285;241;13.09;2
2025-10-01 11:02:01;27.70;90960.00;38.00;1007.96;285;241;13.21;2
2025-10-01 11:02:02;27.70;90665.00;38.00;1007.96;285;241;13.21;2
2025-10-01 11:02:03;27.71;91058.00;38.00;1007.94;285;241;13.21;2
2025-10-01 11:02:04;27.72;91256.00;38.00;1007.96;284;242;13.36;2
2025-10-01 11:02:05;27.72;90568.00;38.00;1007.94;284;242;13.36;2
2025-10-01 11:02:06;27.73;90276.00;38.00;1007.94;284;242;13.36;2
2025-10-01 11:02:07;27.73;91455.00;38.00;1007.96;284;242;13.38;2
2025-10-01 11:02:08;27.74;91058.00;38.00;1007.96;284;242;13.38;2
2025-10-01 11:02:09;27.74;91554.00;38.00;1007.94;284;242;13.38;2
2025-10-01 11:02:10;27.75;89986.00;38.00;1007.94;284;243;13.52;2
2025-10-01 11:02:11;27.76;90665.00;38.00;1007.96;284;243;13.52;2
2025-10-01 11:02:12;27.76;90665.00;38.00;1007.94;284;243;13.52;2
2025-10-01 11:02:13;27.76;90568.00;38.00;1007.94;282;242;13.47;2
2025-10-01 11:02:14;27.77;90276.00;38.00;1007.96;282;242;13.47;2
2025-10-01 11:02:15;27.78;91455.00;38.00;1007.94;282;242;13.47;2
2025-10-01 11:02:16;27.78;90862.00;38.00;1007.94;281;242;13.45;2
2025-10-01 11:02:17;27.79;90276.00;38.00;1007.96;281;242;13.45;2
2025-10-01 11:02:18;27.80;91256.00;38.00;1007.96;281;242;13.45;2
2025-10-01 11:02:19;27.80;90665.00;38.00;1007.96;281;243;13.50;2
2025-10-01 11:02:20;27.81;90082.00;38.00;1007.94;281;243;13.50;2
2025-10-01 11:02:21;27.82;90276.00;38.00;1007.98;281;243;13.50;2
2025-10-01 11:02:22;27.82;90373.00;38.00;1007.98;280;243;13.52;2
2025-10-01 11:02:23;27.83;90179.00;38.00;1007.96;280;243;13.52;2
2025-10-01 11:02:24;27.83;90276.00;38.00;1008.00;280;243;13.52;2
2025-10-01 11:02:25;27.84;90470.00;38.00;1007.98;277;241;13.21;2
2025-10-01 11:02:26;27.84;90276.00;38.00;1007.98;277;241;13.21;2
2025-10-01 11:02:27;27.85;89986.00;38.00;1007.96;277;241;13.21;2
2025-10-01 11:02:28;27.86;90276.00;38.00;1008.00;276;241;13.19;2
2025-10-01 11:02:29;27.86;90862.00;38.00;1007.98;276;241;13.19;2
2025-10-01 11:02:30;27.87;90665.00;38.00;1007.96;276;241;13.19;2
2025-10-01 11:02:31;27.87;91355.00;38.00;1007.98;274;240;12.93;2
2025-10-01 11:02:32;27.88;91256.00;38.00;1007.98;274;240;12.93;2
2025-10-01 11:02:33;27.88;90179.00;38.00;1007.96;274;240;12.93;2
2025-10-01 11:02:34;27.89;90763.00;38.00;1007.96;273;240;12.93;2
2025-10-01 11:02:35;27.89;90082.00;38.00;1007.98;273;240;12.93;2
2025-10-01 11:02:36;27.90;90276.00;38.00;1007.98;273;240;12.93;2
2025-10-01 11:02:37;27.91;90665.00;38.00;1007.96;272;239;12.89;2
2025-10-01 11:02:38;27.90;90276.00;38.00;1007.94;272;239;12.89;2
2025-10-01 11:02:39;27.91;90373.00;38.00;1007.98;272;239;12.89;2
2025-10-01 11:02:40;27.92;90179.00;38.00;1007.98;272;240;12.98;2
2025-10-01 11:02:41;27.93;90470.00;38.00;1007.96;272;240;12.98;2
2025-10-01 11:02:42;27.93;90276.00;38.00;1007.98;272;240;12.98;2
2025-10-01 11:02:43;27.94;89986.00;38.00;1007.98;272;241;13.19;2
2025-10-01 11:02:44;27.95;89986.00;38.00;1007.96;272;241;13.19;2
2025-10-01 11:02:45;27.95;90665.00;38.00;1007.96;272;241;13.19;2
2025-10-01 11:02:46;27.95;90470.00;38.00;1007.96;271;241;13.16;2
2025-10-01 11:02:47;27.96;90373.00;38.00;1007.98;271;241;13.16;2
2025-10-01 11:02:48;27.96;90179.00;38.00;1007.98;271;241;13.16;2
2025-10-01 11:02:49;27.97;89794.00;38.00;1007.96;271;241;13.25;2
2025-10-01 11:02:50;27.97;90568.00;38.00;1007.96;271;241;13.25;2
2025-10-01 11:02:51;27.98;89698.00;38.00;1007.98;271;241;13.25;2
2025-10-01 11:02:52;27.98;89890.00;38.00;1007.96;271;242;13.37;2
2025-10-01 11:02:53;27.98;89222.00;38.00;1007.96;271;242;13.37;2
2025-10-01 11:02:54;27.99;90082.00;38.00;1007.96;271;242;13.37;2
2025-10-01 11:02:55;27.99;89890.00;37.00;1007.96;271;243;13.52;2
2025-10-01 11:02:56;27.99;89986.00;38.00;1007.96;271;243;13.52;2
2025-10-01 11:02:57;28.00;89794.00;38.00;1007.96;271;243;13.52;2
2025-10-01 11:02:58;28.00;90470.00;37.00;1007.94;269;242;13.44;2
2025-10-01 11:02:59;28.00;89602.00;37.00;1007.98;269;242;13.44;2
2025-10-01 11:03:00;28.01;89698.00;37.00;1007.96;269;242;13.44;2
2025-10-01 11:03:01;28.02;89602.00;37.00;1007.96;269;242;13.44;2
2025-10-01 11:03:02;28.02;90470.00;37.00;1007.94;270;243;13.69;2
2025-10-01 11:03:03;28.03;90082.00;37.00;1007.98;270;243;13.69;2
2025-10-01 11:03:04;28.03;89698.00;37.00;1007.98;270;243;13.69;2
2025-10-01 11:03:05;28.03;90179.00;37.00;1007.98;270;244;13.84;2
2025-10-01 11:03:06;28.04;89986.00;37.00;1007.98;270;244;13.84;2
2025-10-01 11:03:07;28.04;90373.00;37.00;1007.96;270;244;13.84;2
2025-10-01 11:03:08;28.04;90568.00;37.00;1007.96;268;244;13.71;2
2025-10-01 11:03:09;28.05;90179.00;37.00;1007.98;268;244;13.71;2
2025-10-01 11:03:10;28.06;89698.00;37.00;1007.96;268;244;13.71;2
2025-10-01 11:03:11;28.05;89794.00;37.00;1007.96;268;244;13.87;2
2025-10-01 11:03:12;28.06;90276.00;37.00;1007.96;268;244;13.87;2
2025-10-01 11:03:13;28.07;90179.00;37.00;1007.98;268;244;13.87;2
2025-10-01 11:03:14;28.08;89890.00;37.00;1007.98;267;244;13.80;2
2025-10-01 11:03:15;28.08;90470.00;37.00;1007.96;267;244;13.80;2
2025-10-01 11:03:16;28.08;89412.00;37.00;1007.94;267;244;13.80;2
2025-10-01 11:03:17;28.08;90470.00;37.00;1007.96;268;245;14.04;2
2025-10-01 11:03:18;28.09;89602.00;37.00;1007.96;268;245;14.04;2
2025-10-01 11:03:19;28.10;89890.00;37.00;1007.96;268;245;14.04;2
2025-10-01 11:03:20;28.10;89602.00;37.00;1007.96;267;245;14.03;2
2025-10-01 11:03:21;28.10;89317.00;37.00;1007.94;267;245;14.03;2
2025-10-01 11:03:22;28.11;89602.00;37.00;1007.96;267;245;14.03;2
2025-10-01 11:03:23;28.11;89794.00;37.00;1007.96;267;246;14.13;2
2025-10-01 11:03:24;28.11;89698.00;37.00;1007.94;267;246;14.13;2
2025-10-01 11:03:25;28.12;89890.00;37.00;1007.96;267;246;14.13;2
2025-10-01 11:03:26;28.13;89890.00;37.00;1007.94;266;245;14.10;2
2025-10-01 11:03:27;28.13;89222.00;37.00;1007.96;266;245;14.10;2
2025-10-01 11:03:28;28.14;89033.00;37.00;1007.96;266;245;14.10;2
2025-10-01 11:03:29;28.14;90568.00;37.00;1007.94;265;246;14.14;2
2025-10-01 11:03:30;28.14;89507.00;37.00;1007.98;265;246;14.14;2
2025-10-01 11:03:31;28.15;89794.00;37.00;1007.94;265;246;14.14;2
2025-10-01 11:03:32;28.14;89317.00;37.00;1007.92;264;246;14.13;2
2025-10-01 11:03:33;28.15;89890.00;37.00;1007.98;264;246;14.13;2
2025-10-01 11:03:34;28.16;88939.00;37.00;1007.96;264;246;14.13;2
2025-10-01 11:03:35;28.16;89412.00;37.00;1007.96;264;246;14.20;2
2025-10-01 11:03:36;28.16;89412.00;37.00;1007.96;264;246;14.20;2
2025-10-01 11:03:37;28.17;89127.00;37.00;1007.96;264;246;14.20;2
2025-10-01 11:03:38;28.17;89794.00;37.00;1007.94;264;247;14.42;2
2025-10-01 11:03:39;28.18;89602.00;37.00;1007.94;264;247;14.42;2
2025-10-01 11:03:40;28.18;90082.00;37.00;1007.94;264;247;14.42;2
2025-10-01 11:03:41;28.18;89698.00;37.00;1007.94;263;246;14.28;2
2025-10-01 11:03:42;28.19;89602.00;37.00;1007.94;263;246;14.28;2
2025-10-01 11:03:43;28.19;89317.00;37.00;1007.94;263;246;14.28;2
2025-10-01 11:03:44;28.19;89412.00;37.00;1007.94;263;247;14.40;2
2025-10-01 11:03:45;28.20;89602.00;37.00;1007.96;263;247;14.40;2
2025-10-01 11:03:46;28.20;89698.00;37.00;1007.94;263;247;14.40;2
2025-10-01 11:03:47;28.21;89033.00;37.00;1007.94;262;247;14.52;2
2025-10-01 11:03:48;28.21;89317.00;37.00;1007.98;262;247;14.52;2
2025-10-01 11:03:49;28.21;89412.00;37.00;1007.96;262;247;14.52;2
2025-10-01 11:03:50;28.22;89986.00;37.00;1007.96;262;247;14.52;2
2025-10-01 11:03:51;28.22;88939.00;37.00;1007.96;262;247;14.52;2
2025-10-01 11:03:52;28.22;88939.00;37.00;1007.96;262;247;14.52;2
2025-10-01 11:03:53;28.23;89222.00;37.00;1007.94;261;247;14.44;2
2025-10-01 11:03:54;28.23;89317.00;37.00;1007.94;261;247;14.44;2
2025-10-01 11:03:55;28.23;89794.00;37.00;1007.98;261;247;14.44;2
2025-10-01 11:03:56;28.23;89317.00;37.00;1007.96;260;247;14.42;2
2025-10-01 11:03:57;28.23;88845.00;37.00;1007.96;260;247;14.42;2
2025-10-01 11:03:58;28.24;89033.00;37.00;1007.96;260;247;14.42;2
2025-10-01 11:03:59;28.24;89222.00;37.00;1007.94;260;248;14.58;2
2025-10-01 11:04:00;28.25;89317.00;37.00;1007.94;260;248;14.58;2
2025-10-01 11:04:01;28.25;88564.00;37.00;1008.00;260;248;14.58;2
2025-10-01 11:04:02;28.25;89127.00;37.00;1007.94;259;247;14.50;2
2025-10-01 11:04:03;28.25;89033.00;37.00;1008.00;259;247;14.50;2
2025-10-01 11:04:04;28.26;89602.00;37.00;1007.98;259;247;14.50;2
2025-10-01 11:04:05;28.26;89602.00;37.00;1008.00;258;248;14.55;2
2025-10-01 11:04:06;28.26;89412.00;37.00;1007.98;258;248;14.55;2
2025-10-01 11:04:07;28.27;89412.00;37.00;1008.00;258;248;14.55;2
2025-10-01 11:04:08;28.27;89317.00;37.00;1008.00;257;247;14.54;2
2025-10-01 11:04:09;28.28;89698.00;37.00;1008.00;257;247;14.54;2
2025-10-01 11:04:10;28.28;89317.00;37.00;1007.98;257;247;14.54;2
2025-10-01 11:04:11;28.28;89127.00;37.00;1007.98;257;248;14.60;2
2025-10-01 11:04:12;28.29;89127.00;37.00;1007.98;257;248;14.60;2
2025-10-01 11:04:13;28.29;89127.00;37.00;1008.00;257;248;14.60;2
2025-10-01 11:04:14;28.29;89033.00;37.00;1008.00;257;249;14.86;2
2025-10-01 11:04:15;28.30;89127.00;37.00;1008.00;257;249;14.86;2
2025-10-01 11:04:16;28.30;89507.00;37.00;1007.98;257;249;14.86;2
2025-10-01 11:04:17;28.30;88845.00;37.00;1007.98;256;248;14.76;2
2025-10-01 11:04:18;28.30;88751.00;37.00;1007.98;256;248;14.76;2
2025-10-01 11:04:19;28.31;89127.00;37.00;1008.00;256;248;14.76;2
2025-10-01 11:04:20;28.31;88751.00;37.00;1008.00;256;249;14.80;2
2025-10-01 11:04:21;28.32;89033.00;37.00;1007.98;256;249;14.80;2
2025-10-01 11:04:22;28.32;88751.00;37.00;1008.00;256;249;14.80;2
2025-10-01 11:04:23;28.32;88939.00;37.00;1007.98;253;247;14.42;2
2025-10-01 11:04:24;28.33;88939.00;37.00;1007.98;253;247;14.42;2
2025-10-01 11:04:25;28.33;88470.00;37.00;1007.98;253;247;14.42;2
2025-10-01 11:04:26;28.33;89222.00;37.00;1008.00;252;246;14.26;2
2025-10-01 11:04:27;28.34;89033.00;37.00;1007.98;252;246;14.26;2
2025-10-01 11:04:28;28.34;88751.00;37.00;1008.00;252;246;14.26;2
2025-10-01 11:04:29;28.33;89222.00;37.00;1007.98;252;247;14.50;2
2025-10-01 11:04:30;28.34;88845.00;37.00;1007.98;252;247;14.50;2
2025-10-01 11:04:31;28.35;89033.00;37.00;1007.98;252;247;14.50;2
2025-10-01 11:04:32;28.34;89222.00;37.00;1007.98;252;248;14.62;2
2025-10-01 11:04:33;28.35;88377.00;37.00;1007.98;252;248;14.62;2
2025-10-01 11:04:34;28.35;88657.00;37.00;1007.98;252;248;14.62;2
2025-10-01 11:04:35;28.35;88939.00;37.00;1007.98;253;249;14.84;2
2025-10-01 11:04:36;28.35;89986.00;37.00;1007.98;253;249;14.84;2
2025-10-01 11:04:37;28.36;89222.00;37.00;1007.96;253;249;14.84;2
2025-10-01 11:04:38;28.36;88657.00;37.00;1007.96;252;249;14.92;2
2025-10-01 11:04:39;28.36;88657.00;37.00;1007.96;252;249;14.92;2
2025-10-01 11:04:40;28.36;88939.00;37.00;1007.96;252;249;14.92;2
2025-10-01 11:04:41;28.37;88751.00;37.00;1007.94;252;249;14.96;2
2025-10-01 11:04:42;28.37;88939.00;37.00;1007.94;252;249;14.96;2
2025-10-01 11:04:43;28.37;88845.00;37.00;1007.96;252;249;14.96;2
2025-10-01 11:04:44;28.38;88939.00;37.00;1007.96;251;250;15.01;2
2025-10-01 11:04:45;28.38;89317.00;37.00;1007.96;251;250;15.01;2
2025-10-01 11:04:46;28.38;89507.00;37.00;1007.96;251;250;15.01;2
2025-10-01 11:04:47;28.38;88939.00;37.00;1007.94;251;250;15.08;2
2025-10-01 11:04:48;28.39;88470.00;37.00;1007.94;251;250;15.08;2
2025-10-01 11:04:49;28.39;88285.00;37.00;1007.98;251;250;15.08;2
2025-10-01 11:04:50;28.39;88845.00;37.00;1007.94;250;249;14.97;2
2025-10-01 11:04:51;28.39;87823.00;37.00;1007.96;250;249;14.97;2
2025-10-01 11:04:52;28.39;89222.00;37.00;1007.96;250;249;14.97;2
2025-10-01 11:04:53;28.40;89127.00;37.00;1007.96;249;248;14.77;2
2025-10-01 11:04:54;28.40;89127.00;37.00;1007.96;249;248;14.77;2
2025-10-01 11:04:55;28.40;88470.00;37.00;1007.96;249;248;14.77;2
2025-10-01 11:04:56;28.40;89033.00;37.00;1007.96;248;248;14.70;2
2025-10-01 11:04:57;28.41;88657.00;37.00;1007.94;248;248;14.70;2
2025-10-01 11:04:58;28.41;88470.00;37.00;1007.94;248;248;14.70;2
2025-10-01 11:04:59;28.41;88657.00;37.00;1007.98;249;248;14.75;2
2025-10-01 11:05:00;28.41;89222.00;37.00;1007.96;249;248;14.75;2
2025-10-01 11:05:01;28.42;88007.00;37.00;1007.96;249;248;14.75;2
2025-10-01 11:05:02;28.41;89222.00;37.00;1007.96;248;248;14.56;2
2025-10-01 11:05:03;28.42;88470.00;37.00;1007.96;248;248;14.56;2
2025-10-01 11:05:04;28.42;88470.00;37.00;1007.96;248;248;14.56;2
2025-10-01 11:05:05;28.43;88285.00;37.00;1007.96;249;248;14.71;2
2025-10-01 11:05:06;28.43;88470.00;37.00;1007.96;249;248;14.71;2
2025-10-01 11:05:07;28.43;88192.00;37.00;1007.94;249;248;14.71;2
2025-10-01 11:05:08;28.43;88564.00;37.00;1007.96;249;248;14.76;2
2025-10-01 11:05:09;28.43;88192.00;37.00;1007.96;249;248;14.76;2
2025-10-01 11:05:10;28.43;88939.00;37.00;1007.96;249;248;14.76;2
2025-10-01 11:05:11;28.44;88470.00;37.00;1007.94;249;249;14.83;2
2025-10-01 11:05:12;28.44;88377.00;37.00;1007.96;249;249;14.83;2
2025-10-01 11:05:13;28.44;87915.00;37.00;1007.98;249;249;14.83;2
2025-10-01 11:05:14;28.45;88099.00;37.00;1007.94;249;249;14.83;2
2025-10-01 11:05:15;28.43;88377.00;37.00;1007.94;250;250;15.02;2
2025-10-01 11:05:16;28.45;88285.00;37.00;1007.98;250;250;15.02;2
2025-10-01 11:05:17;28.46;87915.00;37.00;1007.98;250;250;15.02;2
2025-10-01 11:05:18;28.46;88285.00;37.00;1007.98;250;250;15.21;2
2025-10-01 11:05:19;28.46;88845.00;37.00;1007.96;250;250;15.21;2
2025-10-01 11:05:20;28.46;88564.00;37.00;1007.92;250;250;15.21;2
2025-10-01 11:05:21;28.46;88099.00;37.00;1007.96;249;250;15.07;2
2025-10-01 11:05:22;28.46;88939.00;37.00;1007.96;249;250;15.07;2
2025-10-01 11:05:23;28.47;88377.00;37.00;1007.96;249;250;15.07;2
2025-10-01 11:05:24;28.46;88657.00;37.00;1007.94;249;250;15.04;2
2025-10-01 11:05:25;28.47;87640.00;37.00;1007.94;249;250;15.04;2
2025-10-01 11:05:26;28.47;88285.00;37.00;1007.98;249;250;15.04;2
2025-10-01 11:05:27;28.48;87823.00;37.00;1008.00;249;250;15.04;2
2025-10-01 11:05:28;28.47;88007.00;37.00;1007.98;249;250;15.04;2
2025-10-01 11:05:29;28.48;88377.00;37.00;1007.98;249;250;15.04;2
2025-10-01 11:05:30;28.48;88099.00;37.00;1007.98;249;250;15.00;2
2025-10-01 11:05:31;28.48;88470.00;37.00;1007.98;249;250;15.00;2
2025-10-01 11:05:32;28.48;88007.00;37.00;1007.98;249;250;15.00;2
2025-10-01 11:05:33;28.49;88099.00;37.00;1007.96;249;250;15.11;2
2025-10-01 11:05:34;28.48;87458.00;37.00;1008.00;249;250;15.11;2
2025-10-01 11:05:35;28.49;88099.00;37.00;1007.96;249;250;15.11;2
2025-10-01 11:05:36;28.49;87915.00;37.00;1008.00;249;250;15.14;2
2025-10-01 11:05:37;28.49;87732.00;37.00;1008.00;249;250;15.14;2
2025-10-01 11:05:38;28.49;87367.00;37.00;1008.00;249;250;15.14;2
2025-10-01 11:05:39;28.49;87367.00;37.00;1007.98;250;252;15.46;2
2025-10-01 11:05:40;28.50;86736.00;37.00;1007.98;250;252;15.46;2
2025-10-01 11:05:41;28.50;86736.00;37.00;1007.98;250;252;15.46;2
2025-10-01 11:05:42;28.50;86114.00;37.00;1007.98;251;254;15.94;2
2025-10-01 11:05:43;28.50;86114.00;37.00;1007.98;251;254;15.94;2
2025-10-01 11:05:44;28.51;84982.00;37.00;1007.98;251;254;15.94;2
2025-10-01 11:05:45;28.50;84982.00;37.00;1007.96;255;258;17.08;2
2025-10-01 11:05:46;28.51;84982.00;37.00;1007.98;255;258;17.08;2
2025-10-01 11:05:47;28.51;85154.00;37.00;1007.98;255;258;17.08;2
2025-10-01 11:05:48;28.51;84300.00;37.00;1007.98;257;261;17.81;2
2025-10-01 11:05:49;28.51;84639.00;38.00;1007.98;257;261;17.81;2
2025-10-01 11:05:50;28.53;84300.00;38.00;1007.98;257;261;17.81;2
2025-10-01 11:05:51;28.53;84982.00;38.00;1007.98;259;264;18.58;2
2025-10-01 11:05:52;28.52;84469.00;38.00;1007.98;259;264;18.58;2
2025-10-01 11:05:53;28.54;84554.00;38.00;1007.96;259;264;18.58;2
2025-10-01 11:05:54;28.53;84810.00;38.00;1007.96;260;265;19.00;2
2025-10-01 11:05:55;28.54;84384.00;38.00;1007.96;260;265;19.00;2
2025-10-01 11:05:56;28.55;84384.00;38.00;1007.96;260;265;19.00;2
2025-10-01 11:05:57;28.54;84469.00;38.00;1007.98;260;266;19.19;2
2025-10-01 11:05:58;28.55;84384.00;38.00;1007.98;260;266;19.19;2
2025-10-01 11:05:59;28.56;83795.00;38.00;1007.98;260;266;19.19;2
2025-10-01 11:06:00;28.55;83879.00;38.00;1007.96;261;268;19.74;2
2025-10-01 11:06:01;28.56;84725.00;38.00;1007.98;261;268;19.74;2
2025-10-01 11:06:02;28.56;84215.00;38.00;1007.96;261;268;19.74;2
2025-10-01 11:06:03;28.56;83879.00;38.00;1007.98;261;268;19.80;2
2025-10-01 11:06:04;28.56;84384.00;38.00;1007.96;261;268;19.80;2
2025-10-01 11:06:05;28.56;84384.00;38.00;1007.96;261;268;19.80;2
2025-10-01 11:06:06;28.56;84131.00;38.00;1007.96;260;268;19.76;2
2025-10-01 11:06:07;28.57;84725.00;38.00;1007.96;260;268;19.76;2
2025-10-01 11:06:08;28.57;84554.00;38.00;1007.96;260;268;19.76;2
2025-10-01 11:06:09;28.58;84725.00;38.00;1007.96;260;268;19.91;2
2025-10-01 11:06:10;28.59;84982.00;38.00;1007.96;260;268;19.91;2
2025-10-01 11:06:11;28.59;84725.00;38.00;1007.98;260;268;19.91;2
2025-10-01 11:06:12;28.59;84469.00;38.00;1007.98;258;267;19.56;2
2025-10-01 11:06:13;28.59;84215.00;38.00;1007.96;258;267;19.56;2
2025-10-01 11:06:14;28.60;84469.00;38.00;1007.96;258;267;19.56;2
2025-10-01 11:06:15;28.61;84725.00;38.00;1007.98;256;266;19.13;2
2025-10-01 11:06:16;28.61;85240.00;37.00;1007.98;256;266;19.13;2
2025-10-01 11:06:17;28.61;84982.00;37.00;1007.96;256;266;19.13;2
2025-10-01 11:06:18;28.62;84215.00;37.00;1007.96;254;265;18.85;2
2025-10-01 11:06:19;28.62;84810.00;37.00;1007.94;254;265;18.85;2
2025-10-01 11:06:20;28.63;84982.00;37.00;1007.94;254;265;18.85;2
2025-10-01 11:06:21;28.63;84554.00;37.00;1007.98;253;264;18.65;2
2025-10-01 11:06:22;28.63;84554.00;37.00;1007.96;253;264;18.65;2
2025-10-01 11:06:23;28.64;84639.00;37.00;1007.96;253;264;18.65;2
2025-10-01 11:06:24;28.64;85327.00;37.00;1007.96;253;264;18.74;2
2025-10-01 11:06:25;28.65;86379.00;37.00;1007.94;253;264;18.74;2
2025-10-01 11:06:26;28.65;85240.00;37.00;1007.96;253;264;18.74;2
2025-10-01 11:06:27;28.65;85587.00;37.00;1007.96;251;263;18.52;2
2025-10-01 11:06:28;28.65;85762.00;37.00;1007.96;251;263;18.52;2
2025-10-01 11:06:29;28.66;85587.00;37.00;1007.96;251;263;18.52;2
2025-10-01 11:06:30;28.66;84982.00;37.00;1007.94;250;262;18.19;2
2025-10-01 11:06:31;28.66;85500.00;37.00;1007.94;250;262;18.19;2
2025-10-01 11:06:32;28.66;84896.00;37.00;1007.92;250;262;18.19;2
2025-10-01 11:06:33;28.67;86114.00;37.00;1007.96;249;261;17.96;2
2025-10-01 11:06:34;28.67;85587.00;37.00;1007.96;249;261;17.96;2
2025-10-01 11:06:35;28.68;85587.00;37.00;1007.96;249;261;17.96;2
2025-10-01 11:06:36;28.67;85587.00;37.00;1007.96;249;262;18.02;2
2025-10-01 11:06:37;28.68;86114.00;37.00;1007.94;249;262;18.02;2
2025-10-01 11:06:38;28.68;86468.00;37.00;1007.94;249;262;18.02;2
2025-10-01 11:06:39;28.68;86025.00;37.00;1007.94;247;260;17.53;2
2025-10-01 11:06:40;28.68;86468.00;37.00;1007.94;247;260;17.53;2
2025-10-01 11:06:41;28.68;86202.00;37.00;1007.92;247;260;17.53;2
2025-10-01 11:06:42;28.69;86114.00;37.00;1007.92;246;259;17.20;2
2025-10-01 11:06:43;28.69;86646.00;37.00;1007.98;246;259;17.20;2
2025-10-01 11:06:44;28.69;86825.00;37.00;1007.98;246;259;17.20;2
2025-10-01 11:06:45;28.69;86114.00;37.00;1007.94;245;257;16.77;2
2025-10-01 11:06:46;28.69;87005.00;37.00;1007.98;245;257;16.77;2
2025-10-01 11:06:47;28.70;86557.00;37.00;1007.98;245;257;16.77;2
2025-10-01 11:06:48;28.71;86202.00;37.00;1007.96;243;256;16.42;2
2025-10-01 11:06:49;28.71;87005.00;37.00;1007.96;243;256;16.42;2
2025-10-01 11:06:50;28.71;86468.00;37.00;1007.98;243;256;16.42;2
2025-10-01 11:06:51;28.71;86915.00;37.00;1007.98;243;256;16.43;2
2025-10-01 11:06:52;28.71;86557.00;37.00;1007.96;243;256;16.43;2
2025-10-01 11:06:53;28.71;86646.00;37.00;1007.98;243;256;16.43;2
2025-10-01 11:06:54;28.71;86915.00;37.00;1007.98;242;254;16.10;2
2025-10-01 11:06:55;28.72;87095.00;37.00;1008.00;242;254;16.10;2
2025-10-01 11:06:56;28.72;87005.00;37.00;1007.98;242;254;16.10;2
2025-10-01 11:06:57;28.72;86736.00;37.00;1007.98;241;254;15.96;2
2025-10-01 11:06:58;28.72;87005.00;37.00;1007.96;241;254;15.96;2
2025-10-01 11:06:59;28.73;86915.00;37.00;1007.98;241;254;15.96;2
2025-10-01 11:07:00;28.73;86915.00;37.00;1008.00;240;253;15.69;2
2025-10-01 11:07:01;28.73;87640.00;37.00;1007.98;240;253;15.69;2
2025-10-01 11:07:02;28.73;87005.00;37.00;1007.98;240;253;15.69;2
2025-10-01 11:07:03;28.74;86736.00;36.00;1007.98;239;251;15.36;2
2025-10-01 11:07:04;28.74;86736.00;37.00;1007.98;239;251;15.36;2
2025-10-01 11:07:05;28.74;87095.00;37.00;1007.96;239;251;15.36;2
2025-10-01 11:07:06;28.75;86736.00;36.00;1007.98;239;251;15.42;2
2025-10-01 11:07:07;28.75;87005.00;36.00;1007.98;239;251;15.42;2
2025-10-01 11:07:08;28.75;87005.00;36.00;1007.96;239;251;15.42;2
2025-10-01 11:07:09;28.74;87276.00;36.00;1007.96;239;251;15.42;2
2025-10-01 11:07:10;28.74;86202.00;36.00;1007.96;239;251;15.42;2
2025-10-01 11:07:11;28.75;87276.00;36.00;1007.98;239;251;15.42;2
2025-10-01 11:07:12;28.75;87186.00;36.00;1007.98;240;252;15.51;2
2025-10-01 11:07:13;28.76;87005.00;36.00;1007.98;240;252;15.51;2
2025-10-01 11:07:14;28.76;86646.00;36.00;1007.98;240;252;15.51;2
2025-10-01 11:07:15;28.76;86202.00;36.00;1007.96;240;252;15.52;2
2025-10-01 11:07:16;28.76;86915.00;36.00;1007.96;240;252;15.52;2
2025-10-01 11:07:17;28.76;86915.00;36.00;1007.96;240;252;15.52;2
2025-10-01 11:07:18;28.76;86736.00;36.00;1007.96;241;253;15.70;2
2025-10-01 11:07:19;28.77;87005.00;36.00;1007.98;241;253;15.70;2
2025-10-01 11:07:20;28.77;86915.00;36.00;1007.98;241;253;15.70;2
2025-10-01 11:07:21;28.76;86825.00;36.00;1007.94;239;251;15.42;2
2025-10-01 11:07:22;28.77;86915.00;36.00;1007.98;239;251;15.42;2
2025-10-01 11:07:23;28.77;86915.00;36.00;1007.98;239;251;15.42;2
2025-10-01 11:07:24;28.78;86825.00;36.00;1007.96;240;252;15.63;2
2025-10-01 11:07:25;28.78;87732.00;36.00;1007.96;240;252;15.63;2
2025-10-01 11:07:26;28.78;86825.00;36.00;1007.96;240;252;15.63;2
2025-10-01 11:07:27;28.79;86557.00;36.00;1007.98;241;253;15.90;2
2025-10-01 11:07:28;28.79;87005.00;36.00;1008.00;241;253;15.90;2
2025-10-01 11:07:29;28.79;86736.00;36.00;1007.98;241;253;15.90;2
2025-10-01 11:07:30;28.80;87367.00;36.00;1007.98;241;253;15.76;3
2025-10-01 11:07:31;28.79;88099.00;36.00;1007.98;241;253;15.76;3
2025-10-01 11:07:32;28.79;87640.00;36.00;1007.98;241;253;15.76;3
2025-10-01 11:07:33;28.80;86915.00;36.00;1007.98;241;253;15.76;3
2025-10-01 11:07:34;28.80;87367.00;36.00;1007.96;241;253;15.87;3
2025-10-01 11:07:35;28.79;86915.00;36.00;1007.98;241;253;15.87;3
2025-10-01 11:07:36;28.80;87005.00;36.00;1007.96;241;253;15.87;3
2025-10-01 11:07:37;28.80;87095.00;36.00;1007.96;241;253;15.92;3
2025-10-01 11:07:38;28.80;87095.00;36.00;1007.96;241;253;15.92;3
2025-10-01 11:07:39;28.80;87186.00;36.00;1007.96;241;253;15.92;3
2025-10-01 11:07:40;28.81;87095.00;36.00;1007.96;241;253;15.89;3
2025-10-01 11:07:41;28.81;87640.00;36.00;1007.98;241;253;15.89;3
2025-10-01 11:07:42;28.81;86915.00;36.00;1008.00;241;253;15.89;3
2025-10-01 11:07:43;28.81;87095.00;36.00;1007.98;242;254;15.99;3
2025-10-01 11:07:44;28.81;87005.00;36.00;1007.94;242;254;15.99;3
2025-10-01 11:07:45;28.81;87095.00;36.00;1007.96;242;254;15.99;3
2025-10-01 11:07:46;28.81;86915.00;36.00;1007.98;242;254;16.00;3
2025-10-01 11:07:47;28.81;87005.00;36.00;1007.96;242;254;16.00;3
2025-10-01 11:07:48;28.82;87005.00;36.00;1007.96;242;254;16.00;3
2025-10-01 11:07:49;28.82;87276.00;36.00;1007.98;242;254;16.05;3
2025-10-01 11:07:50;28.82;87458.00;36.00;1007.96;242;254;16.05;3
2025-10-01 11:07:51;28.82;87005.00;36.00;1007.96;242;254;16.05;3
2025-10-01 11:07:52;28.82;87186.00;36.00;1007.98;242;254;16.10;3
2025-10-01 11:07:53;28.82;86915.00;36.00;1007.98;242;254;16.10;3
2025-10-01 11:07:54;28.83;87186.00;36.00;1007.98;242;254;16.10;3
2025-10-01 11:07:55;28.83;87640.00;36.00;1007.98;242;254;16.06;3
2025-10-01 11:07:56;28.83;87823.00;36.00;1007.98;242;254;16.06;3
2025-10-01 11:07:57;28.83;86736.00;36.00;1007.98;242;254;16.06;3
2025-10-01 11:07:58;28.83;87095.00;36.00;1007.98;243;255;16.23;3
2025-10-01 11:07:59;28.83;87276.00;36.00;1007.96;243;255;16.23;3
2025-10-01 11:08:00;28.84;86825.00;36.00;1007.96;243;255;16.23;3
2025-10-01 11:08:01;28.84;87458.00;36.00;1007.96;243;255;16.32;3
2025-10-01 11:08:02;28.84;87458.00;36.00;1007.96;243;255;16.32;3
2025-10-01 11:08:03;28.85;87367.00;36.00;1007.96;243;255;16.32;3
2025-10-01 11:08:04;28.85;86825.00;36.00;1007.98;243;255;16.27;3
2025-10-01 11:08:05;28.85;87095.00;36.00;1007.96;243;255;16.27;3
2025-10-01 11:08:06;28.85;87367.00;36.00;1008.00;243;255;16.27;3
2025-10-01 11:08:07;28.86;86825.00;36.00;1007.98;242;254;16.12;3
2025-10-01 11:08:08;28.85;87005.00;36.00;1007.98;242;254;16.12;3
2025-10-01 11:08:09;28.85;86915.00;36.00;1007.98;242;254;16.12;3
2025-10-01 11:08:10;28.85;87640.00;36.00;1007.98;243;255;16.26;3
2025-10-01 11:08:11;28.85;86825.00;36.00;1007.98;243;255;16.26;3
2025-10-01 11:08:12;28.86;86825.00;36.00;1007.98;243;255;16.26;3
2025-10-01 11:08:13;28.86;86915.00;36.00;1007.98;243;255;16.36;3
2025-10-01 11:08:14;28.86;87005.00;36.00;1007.98;243;255;16.36;3
2025-10-01 11:08:15;28.86;87458.00;36.00;1007.96;243;255;16.36;3
2025-10-01 11:08:16;28.86;86557.00;36.00;1007.96;243;255;16.36;3
2025-10-01 11:08:17;28.86;87276.00;36.00;1007.96;243;255;16.36;3
2025-10-01 11:08:18;28.87;87005.00;36.00;1007.96;243;255;16.36;3
2025-10-01 11:08:19;28.86;87005.00;36.00;1007.96;243;255;16.35;3
2025-10-01 11:08:20;28.87;86915.00;36.00;1007.98;243;255;16.35;3
2025-10-01 11:08:21;28.87;86915.00;36.00;1007.98;243;255;16.35;3
2025-10-01 11:08:22;28.87;87005.00;36.00;1007.98;243;255;16.36;3
2025-10-01 11:08:23;28.87;86915.00;36.00;1007.98;243;255;16.36;3
2025-10-01 11:08:24;28.87;87005.00;36.00;1007.96;243;255;16.36;3
2025-10-01 11:08:25;28.88;86736.00;36.00;1007.96;243;255;16.36;3
2025-10-01 11:08:26;28.88;86825.00;36.00;1007.96;243;255;16.36;3
2025-10-01 11:08:27;28.89;86646.00;36.00;1007.96;243;255;16.36;3
2025-10-01 11:08:28;28.89;86379.00;36.00;1007.98;243;255;16.24;3
2025-10-01 11:08:29;28.89;87095.00;36.00;1007.98;243;255;16.24;3
2025-10-01 11:08:30;28.89;86290.00;36.00;1007.98;243;255;16.24;3
2025-10-01 11:08:31;28.88;86646.00;36.00;1007.96;244;256;16.60;3
2025-10-01 11:08:32;28.89;86915.00;36.00;1007.98;244;256;16.60;3
2025-10-01 11:08:33;28.90;86557.00;36.00;1007.96;244;256;16.60;3
2025-10-01 11:08:34;28.90;85850.00;36.00;1007.96;245;257;16.78;3
2025-10-01 11:08:35;28.90;86379.00;36.00;1007.96;245;257;16.78;3
2025-10-01 11:08:36;28.90;85938.00;36.00;1007.96;245;257;16.78;3
2025-10-01 11:08:37;28.90;86379.00;36.00;1007.96;245;257;16.90;3
2025-10-01 11:08:38;28.90;86468.00;36.00;1007.94;245;257;16.90;3
2025-10-01 11:08:39;28.90;86290.00;36.00;1007.94;245;257;16.90;3
2025-10-01 11:08:40;28.91;86468.00;36.00;1008.00;246;258;17.02;3
2025-10-01 11:08:41;28.91;87276.00;36.00;1008.00;246;258;17.02;3
2025-10-01 11:08:42;28.91;86468.00;36.00;1007.98;246;258;17.02;3
2025-10-01 11:08:43;28.91;85850.00;36.00;1008.00;246;258;17.06;3
2025-10-01 11:08:44;28.91;86379.00;36.00;1008.00;246;258;17.06;3
2025-10-01 11:08:45;28.92;87095.00;36.00;1007.98;246;258;17.06;3
2025-10-01 11:08:46;28.92;87005.00;36.00;1007.98;245;257;16.84;3
2025-10-01 11:08:47;28.92;86825.00;36.00;1007.96;245;257;16.84;3
2025-10-01 11:08:48;28.93;86557.00;36.00;1007.96;245;257;16.84;3
2025-10-01 11:08:49;28.93;86557.00;36.00;1008.00;246;258;17.02;3
2025-10-01 11:08:50;28.93;86468.00;36.00;1008.00;246;258;17.02;3
2025-10-01 11:08:51;28.93;87005.00;36.00;1007.98;246;258;17.02;3
2025-10-01 11:08:52;28.93;87005.00;36.00;1007.98;246;258;17.01;3
2025-10-01 11:08:53;28.93;86379.00;36.00;1008.00;246;258;17.01;3
2025-10-01 11:08:54;28.94;86379.00;36.00;1007.98;246;258;17.01;3
2025-10-01 11:08:55;28.94;86468.00;36.00;1007.96;246;258;17.01;3
2025-10-01 11:08:56;28.94;87005.00;36.00;1007.98;246;258;17.01;3
2025-10-01 11:08:57;28.94;86379.00;36.00;1007.96;246;258;17.01;3
2025-10-01 11:08:58;28.95;86646.00;36.00;1007.98;246;258;17.13;3
2025-10-01 11:08:59;28.95;86557.00;36.00;1008.00;246;258;17.13;3
2025-10-01 11:09:00;28.95;86202.00;36.00;1008.00;246;258;17.13;3
2025-10-01 11:09:01;28.95;86379.00;36.00;1008.00;246;258;17.00;3
2025-10-01 11:09:02;28.95;86468.00;36.00;1007.98;246;258;17.00;3
2025-10-01 11:09:03;28.96;86379.00;36.00;1007.98;246;258;17.00;3
2025-10-01 11:09:04;28.96;86915.00;36.00;1007.98;246;258;17.11;3
2025-10-01 11:09:05;28.96;86025.00;36.00;1007.98;246;258;17.11;3
2025-10-01 11:09:06;28.96;86468.00;36.00;1007.98;246;258;17.11;3
2025-10-01 11:09:07;28.96;86646.00;36.00;1007.98;246;258;16.98;3
2025-10-01 11:09:08;28.97;86114.00;36.00;1007.98;246;258;16.98;3
2025-10-01 11:09:09;28.97;86379.00;36.00;1007.98;246;258;16.98;3
2025-10-01 11:09:10;28.97;86825.00;36.00;1008.00;246;258;17.09;3
2025-10-01 11:09:11;28.97;87276.00;36.00;1008.00;246;258;17.09;3
2025-10-01 11:09:12;28.97;86915.00;36.00;1008.00;246;258;17.09;3
2025-10-01 11:09:13;28.97;86202.00;36.00;1007.98;245;257;16.91;3
2025-10-01 11:09:14;28.97;86915.00;36.00;1007.98;245;257;16.91;3
2025-10-01 11:09:15;28.98;86915.00;36.00;1007.98;245;257;16.91;3
2025-10-01 11:09:16;28.98;86379.00;36.00;1007.98;246;258;16.99;3
2025-10-01 11:09:17;28.98;86825.00;36.00;1007.98;246;258;16.99;3
2025-10-01 11:09:18;28.99;86290.00;36.00;1007.98;246;258;16.99;3
2025-10-01 11:09:19;28.99;86557.00;36.00;1007.98;245;257;16.71;3
2025-10-01 11:09:20;28.98;86825.00;36.00;1008.00;245;257;16.71;3
2025-10-01 11:09:21;28.99;86736.00;36.00;1008.00;245;257;16.71;3
2025-10-01 11:09:22;28.99;87005.00;36.00;1008.00;245;257;16.84;3
2025-10-01 11:09:23;28.99;86202.00;36.00;1008.00;245;257;16.84;3
2025-10-01 11:09:24;28.99;86202.00;36.00;1008.00;245;257;16.84;3
2025-10-01 11:09:25;28.99;87732.00;36.00;1007.98;243;255;16.32;3
2025-10-01 11:09:26;28.99;86736.00;36.00;1007.98;243;255;16.32;3
2025-10-01 11:09:27;29.00;86646.00;36.00;1007.98;243;255;16.32;3
2025-10-01 11:09:28;28.99;86114.00;36.00;1008.00;245;257;16.68;3
2025-10-01 11:09:29;29.00;86646.00;36.00;1007.98;245;257;16.68;3
2025-10-01 11:09:30;29.00;86557.00;36.00;1008.00;245;257;16.68;3
2025-10-01 11:09:31;29.00;86915.00;36.00;1007.98;245;257;16.68;3
2025-10-01 11:09:32;29.00;86557.00;36.00;1007.98;245;257;16.68;3
2025-10-01 11:09:33;29.00;87095.00;36.00;1007.98;245;257;16.68;3
2025-10-01 11:09:34;29.00;86468.00;36.00;1007.98;244;256;16.52;3
2025-10-01 11:09:35;29.01;86915.00;36.00;1007.96;244;256;16.52;3
2025-10-01 11:09:36;29.01;86557.00;36.00;1007.98;244;256;16.52;3
2025-10-01 11:09:37;29.01;86915.00;36.00;1008.00;244;256;16.44;3
2025-10-01 11:09:38;29.01;86290.00;36.00;1008.00;244;256;16.44;3
2025-10-01 11:09:39;29.01;87458.00;36.00;1008.00;244;256;16.44;3
2025-10-01 11:09:40;29.01;87095.00;36.00;1008.00;243;255;16.30;3
2025-10-01 11:09:41;29.01;86646.00;36.00;1008.00;243;255;16.30;3
2025-10-01 11:09:42;29.01;87095.00;36.00;1008.00;243;255;16.30;3
2025-10-01 11:09:43;29.02;86646.00;36.00;1008.00;244;255;16.40;3
2025-10-01 11:09:44;29.02;86468.00;36.00;1008.00;244;255;16.40;3
2025-10-01 11:09:45;29.02;86825.00;36.00;1008.00;244;255;16.40;3
2025-10-01 11:09:46;29.02;87732.00;36.00;1007.98;242;254;15.98;3
2025-10-01 11:09:47;29.02;86025.00;36.00;1007.98;242;254;15.98;3
2025-10-01 11:09:48;29.02;87367.00;36.00;1007.98;242;254;15.98;3
2025-10-01 11:09:49;29.03;87186.00;36.00;1007.96;242;254;15.93;3
2025-10-01 11:09:50;29.02;86379.00;36.00;1007.96;242;254;15.93;3
2025-10-01 11:09:51;29.02;86557.00;36.00;1007.98;242;254;15.93;3
2025-10-01 11:09:52;29.03;86468.00;36.00;1007.98;242;254;15.93;3
2025-10-01 11:09:53;29.02;87005.00;36.00;1007.98;243;255;16.21;3
2025-10-01 11:09:54;29.03;86557.00;36.00;1007.98;243;255;16.21;3
2025-10-01 11:09:55;29.03;87186.00;36.00;1007.98;243;255;16.21;3
2025-10-01 11:09:56;29.03;86468.00;36.00;1007.98;242;254;16.07;3
2025-10-01 11:09:57;29.03;87005.00;36.00;1007.98;242;254;16.07;3
2025-10-01 11:09:58;29.03;87276.00;36.00;1007.96;242;254;16.07;3
2025-10-01 11:09:59;29.03;86290.00;36.00;1007.96;242;254;15.94;3
2025-10-01 11:10:00;29.04;87186.00;36.00;1007.98;242;254;15.94;3
2025-10-01 11:10:01;29.04;87367.00;36.00;1007.98;242;254;15.94;3
2025-10-01 11:10:02;29.04;86915.00;36.00;1007.96;241;253;15.80;3
2025-10-01 11:10:03;29.03;86825.00;36.00;1007.96;241;253;15.80;3
2025-10-01 11:10:04;29.04;86290.00;36.00;1007.96;241;253;15.80;3
2025-10-01 11:10:05;29.03;87095.00;36.00;1007.98;243;255;16.17;3
2025-10-01 11:10:06;29.04;87005.00;36.00;1007.96;243;255;16.17;3
2025-10-01 11:10:07;29.04;86114.00;36.00;1007.96;243;255;16.17;3
2025-10-01 11:10:08;29.04;86379.00;36.00;1007.96;244;256;16.51;3
2025-10-01 11:10:09;29.04;87276.00;36.00;1007.96;244;256;16.51;3
2025-10-01 11:10:10;29.04;86202.00;36.00;1007.94;244;256;16.51;3
2025-10-01 11:10:11;29.04;86468.00;36.00;1007.96;245;257;16.70;3
2025-10-01 11:10:12;29.04;87095.00;36.00;1007.94;245;257;16.70;3
2025-10-01 11:10:13;29.04;87458.00;36.00;1007.98;245;257;16.70;3
2025-10-01 11:10:14;29.05;87005.00;36.00;1007.98;243;255;16.26;3
2025-10-01 11:10:15;29.05;86646.00;36.00;1007.98;243;255;16.26;3
2025-10-01 11:10:16;29.05;86114.00;36.00;1007.98;243;255;16.26;3
2025-10-01 11:10:17;29.04;86557.00;36.00;1007.96;244;256;16.55;3
2025-10-01 11:10:18;29.04;86379.00;36.00;1007.94;244;256;16.55;3
2025-10-01 11:10:19;29.05;87186.00;36.00;1007.96;244;256;16.55;3
2025-10-01 11:10:20;29.05;86290.00;36.00;1007.94;243;255;16.27;3
2025-10-01 11:10:21;29.05;86468.00;36.00;1007.96;243;255;16.27;3
2025-10-01 11:10:22;29.05;86025.00;36.00;1007.94;243;255;16.27;3
2025-10-01 11:10:23;29.05;87640.00;36.00;1007.96;244;256;16.59;3
2025-10-01 11:10:24;29.05;86379.00;36.00;1007.96;244;256;16.59;3
2025-10-01 11:10:25;29.05;86646.00;36.00;1007.94;244;256;16.59;3
2025-10-01 11:10:26;29.05;86915.00;36.00;1007.94;244;256;16.49;3
2025-10-01 11:10:27;29.05;87005.00;36.00;1007.96;244;256;16.49;3
2025-10-01 11:10:28;29.06;86290.00;36.00;1007.96;244;256;16.49;3
2025-10-01 11:10:29;29.06;86468.00;36.00;1007.96;243;255;16.21;3
2025-10-01 11:10:30;29.06;86379.00;36.00;1007.94;243;255;16.21;3
2025-10-01 11:10:31;29.06;87186.00;36.00;1007.96;243;255;16.21;3
2025-10-01 11:10:32;29.06;87549.00;36.00;1007.94;242;254;16.02;3
2025-10-01 11:10:33;29.06;87095.00;36.00;1007.94;242;254;16.02;3
2025-10-01 11:10:34;29.06;86379.00;36.00;1007.98;242;254;16.02;3
2025-10-01 11:10:35;29.06;86736.00;36.00;1007.94;243;255;16.24;3
2025-10-01 11:10:36;29.06;86557.00;36.00;1007.94;243;255;16.24;3
2025-10-01 11:10:37;29.07;86915.00;36.00;1007.94;243;255;16.24;3
2025-10-01 11:10:38;29.06;87549.00;36.00;1007.96;243;254;16.15;3
2025-10-01 11:10:39;29.07;86202.00;36.00;1007.98;243;254;16.15;3
2025-10-01 11:10:40;29.07;86025.00;36.00;1007.96;243;254;16.15;3
2025-10-01 11:10:41;29.07;86379.00;36.00;1007.96;243;255;16.31;3
2025-10-01 11:10:42;29.07;86290.00;36.00;1007.96;243;255;16.31;3
2025-10-01 11:10:43;29.07;86736.00;36.00;1007.98;243;255;16.31;3
2025-10-01 11:10:44;29.07;86114.00;36.00;1007.96;243;255;16.27;3
2025-10-01 11:10:45;29.07;86468.00;36.00;1007.96;243;255;16.27;3
2025-10-01 11:10:46;29.08;86646.00;36.00;1007.96;243;255;16.27;3
2025-10-01 11:10:47;29.07;86915.00;36.00;1007.96;243;255;16.27;3
2025-10-01 11:10:48;29.07;87095.00;36.00;1007.94;243;255;16.27;3
2025-10-01 11:10:49;29.08;86825.00;36.00;1007.96;243;255;16.27;3
2025-10-01 11:10:50;29.08;87458.00;36.00;1007.96;243;255;16.19;3
2025-10-01 11:10:51;29.08;86202.00;36.00;1007.96;243;255;16.19;3
2025-10-01 11:10:52;29.08;86825.00;36.00;1007.96;243;255;16.19;3
2025-10-01 11:10:53;29.09;86825.00;36.00;1007.98;241;252;15.62;3
2025-10-01 11:10:54;29.08;87095.00;36.00;1007.94;241;252;15.62;3
2025-10-01 11:10:55;29.08;86468.00;36.00;1007.96;241;252;15.62;3
2025-10-01 11:10:56;29.08;86915.00;36.00;1007.94;242;254;16.04;3
2025-10-01 11:10:57;29.09;86290.00;36.00;1007.98;242;254;16.04;3
2025-10-01 11:10:58;29.09;86025.00;36.00;1007.94;242;254;16.04;3
2025-10-01 11:10:59;29.09;87915.00;36.00;1007.98;241;252;15.58;3
2025-10-01 11:11:00;29.09;86379.00;36.00;1007.98;241;252;15.58;3
2025-10-01 11:11:01;29.09;86468.00;36.00;1007.96;241;252;15.58;3
2025-10-01 11:11:02;29.09;86915.00;36.00;1007.94;242;253;15.93;3
2025-10-01 11:11:03;29.09;86379.00;36.00;1007.98;242;253;15.93;3
2025-10-01 11:11:04;29.10;87367.00;36.00;1007.96;242;253;15.93;3
2025-10-01 11:11:05;29.10;87549.00;36.00;1007.96;242;254;16.00;3
2025-10-01 11:11:06;29.11;85675.00;36.00;1007.96;242;254;16.00;3
2025-10-01 11:11:07;29.11;86736.00;36.00;1007.98;242;254;16.00;3
2025-10-01 11:11:08;29.11;85762.00;36.00;1007.98;243;254;16.17;3
2025-10-01 11:11:09;29.11;86557.00;36.00;1007.98;243;254;16.17;3
2025-10-01 11:11:10;29.11;85850.00;36.00;1007.96;243;254;16.17;3
2025-10-01 11:11:11;29.11;86557.00;36.00;1007.98;242;254;16.04;3
2025-10-01 11:11:12;29.11;86379.00;36.00;1007.98;242;254;16.04;3
2025-10-01 11:11:13;29.12;85675.00;36.00;1007.98;242;254;16.04;3
2025-10-01 11:11:14;29.10;85587.00;36.00;1007.94;244;256;16.53;3
2025-10-01 11:11:15;29.11;85327.00;36.00;1007.98;244;256;16.53;3
2025-10-01 11:11:16;29.07;86025.00;36.00;1007.96;244;256;16.53;3
2025-10-01 11:11:17;28.95;85414.00;36.00;1008.00;245;257;16.77;3
2025-10-01 11:11:18;28.79;86202.00;36.00;1007.98;245;257;16.77;3
2025-10-01 11:11:19;28.70;86646.00;36.00;1007.98;245;257;16.77;3
2025-10-01 11:11:20;28.65;86379.00;36.00;1007.98;245;257;16.74;3
2025-10-01 11:11:21;28.68;86114.00;36.00;1007.98;245;257;16.74;3
2025-10-01 11:11:22;28.72;86290.00;36.00;1008.00;245;257;16.74;3
2025-10-01 11:11:23;28.75;86114.00;37.00;1008.02;245;257;16.73;3
2025-10-01 11:11:24;28.77;85414.00;37.00;1008.00;245;257;16.73;3
2025-10-01 11:11:25;28.78;86202.00;37.00;1008.00;245;257;16.73;3
2025-10-01 11:11:26;28.79;86379.00;37.00;1007.96;245;257;16.77;3
2025-10-01 11:11:27;28.81;86114.00;37.00;1008.02;245;257;16.77;3
2025-10-01 11:11:28;28.82;86202.00;37.00;1008.00;245;257;16.77;3
2025-10-01 11:11:29;28.83;85850.00;37.00;1008.00;246;257;16.85;3
2025-10-01 11:11:30;28.85;85327.00;37.00;1007.98;246;257;16.85;3
2025-10-01 11:11:31;28.85;86379.00;37.00;1008.00;246;257;16.85;3
2025-10-01 11:11:32;28.86;85762.00;37.00;1007.98;246;258;17.08;3
2025-10-01 11:11:33;28.87;85414.00;37.00;1007.98;246;258;17.08;3
2025-10-01 11:11:34;28.87;85414.00;37.00;1008.00;246;258;17.08;3
2025-10-01 11:11:35;28.88;86202.00;37.00;1007.98;246;257;16.89;3
2025-10-01 11:11:36;28.89;85154.00;37.00;1008.00;246;257;16.89;3
2025-10-01 11:11:37;28.90;85675.00;37.00;1007.98;246;257;16.89;3
2025-10-01 11:11:38;28.90;85068.00;37.00;1007.96;246;257;16.85;3
2025-10-01 11:11:39;28.92;85414.00;37.00;1008.02;246;257;16.85;3
2025-10-01 11:11:40;28.92;85762.00;37.00;1008.00;246;257;16.85;3
2025-10-01 11:11:41;28.93;85938.00;37.00;1008.02;246;257;16.92;3
2025-10-01 11:11:42;28.94;86114.00;37.00;1008.00;246;257;16.92;3
2025-10-01 11:11:43;28.94;86202.00;37.00;1007.98;246;257;16.92;3
2025-10-01 11:11:44;28.95;86025.00;37.00;1008.02;245;256;16.62;3
2025-10-01 11:11:45;28.96;86557.00;37.00;1008.00;245;256;16.62;3
2025-10-01 11:11:46;28.97;85762.00;37.00;1008.02;245;256;16.62;3
2025-10-01 11:11:47;28.97;85762.00;37.00;1008.02;245;256;16.66;3
2025-10-01 11:11:48;28.98;85762.00;37.00;1008.00;245;256;16.66;3
2025-10-01 11:11:49;28.99;85587.00;37.00;1008.00;245;256;16.66;3
2025-10-01 11:11:50;28.99;86468.00;36.00;1007.98;243;255;16.22;3
2025-10-01 11:11:51;29.00;86557.00;36.00;1007.98;243;255;16.22;3
2025-10-01 11:11:52;29.00;86468.00;36.00;1007.98;243;255;16.22;3
2025-10-01 11:11:53;29.01;86915.00;36.00;1008.00;243;254;16.09;3
2025-10-01 11:11:54;29.02;86646.00;36.00;1007.98;243;254;16.09;3
2025-10-01 11:11:55;29.02;86646.00;36.00;1007.98;243;254;16.09;3
2025-10-01 11:11:56;29.03;86114.00;36.00;1007.98;243;255;16.28;3
2025-10-01 11:11:57;29.04;86915.00;36.00;1007.96;243;255;16.28;3
2025-10-01 11:11:58;29.04;86468.00;36.00;1007.96;243;255;16.28;3
2025-10-01 11:11:59;29.05;86202.00;36.00;1007.94;244;255;16.33;3
2025-10-01 11:12:00;29.05;86915.00;36.00;1007.96;244;255;16.33;3
2025-10-01 11:12:01;29.05;86290.00;36.00;1007.96;244;255;16.33;3
2025-10-01 11:12:02;29.06;86468.00;36.00;1007.94;243;255;16.24;3
2025-10-01 11:12:03;29.06;86646.00;36.00;1007.96;243;255;16.24;3
2025-10-01 11:12:04;29.07;86114.00;36.00;1007.96;243;255;16.24;3
2025-10-01 11:12:05;29.07;86557.00;36.00;1007.94;243;254;16.15;3
2025-10-01 11:12:06;29.07;86557.00;36.00;1007.94;243;254;16.15;3
2025-10-01 11:12:07;29.09;86290.00;36.00;1007.96;243;254;16.15;3
2025-10-01 11:12:08;29.09;86736.00;36.00;1007.96;243;254;16.15;3
2025-10-01 11:12:09;29.10;86290.00;36.00;1007.94;242;254;16.00;3
2025-10-01 11:12:10;29.10;85938.00;36.00;1007.94;242;254;16.00;3
2025-10-01 11:12:11;29.11;86202.00;36.00;1007.92;242;254;16.00;3
2025-10-01 11:12:12;29.11;86557.00;36.00;1007.96;243;254;16.13;3
2025-10-01 11:12:13;29.11;86379.00;36.00;1007.94;243;254;16.13;3
2025-10-01 11:12:14;29.12;86202.00;36.00;1007.94;243;254;16.13;3
2025-10-01 11:12:15;29.13;86202.00;36.00;1007.98;243;255;16.22;3
2025-10-01 11:12:16;29.13;86468.00;36.00;1007.96;243;255;16.22;3
2025-10-01 11:12:17;29.13;87640.00;36.00;1007.98;243;255;16.22;3
2025-10-01 11:12:18;29.14;85850.00;36.00;1007.96;241;252;15.65;3
2025-10-01 11:12:19;29.15;86646.00;36.00;1007.96;241;252;15.65;3
2025-10-01 11:12:20;29.15;87095.00;36.00;1007.98;241;252;15.65;3
2025-10-01 11:12:21;29.15;86202.00;36.00;1007.98;240;252;15.49;3
2025-10-01 11:12:22;29.15;87095.00;36.00;1007.98;240;252;15.49;3
2025-10-01 11:12:23;29.16;86202.00;36.00;1007.98;240;252;15.49;3
2025-10-01 11:12:24;29.17;87186.00;36.00;1007.96;241;253;15.75;3
2025-10-01 11:12:25;29.16;86825.00;36.00;1007.98;241;253;15.75;3
2025-10-01 11:12:26;29.17;86290.00;36.00;1007.98;241;253;15.75;3
2025-10-01 11:12:27;29.17;86915.00;36.00;1007.94;242;253;15.90;3
2025-10-01 11:12:28;29.18;85850.00;36.00;1007.96;242;253;15.90;3
2025-10-01 11:12:29;29.18;86290.00;36.00;1007.98;242;253;15.90;3
2025-10-01 11:12:30;29.19;85850.00;36.00;1007.98;242;254;15.99;3
2025-10-01 11:12:31;29.19;87276.00;36.00;1007.96;242;254;15.99;3
2025-10-01 11:12:32;29.19;86379.00;36.00;1007.94;242;254;15.99;3
2025-10-01 11:12:33;29.20;85938.00;36.00;1007.96;242;254;16.01;3
2025-10-01 11:12:34;29.21;85850.00;36.00;1007.98;242;254;16.01;3
2025-10-01 11:12:35;29.21;86468.00;36.00;1007.96;242;254;16.01;3
2025-10-01 11:12:36;29.21;86379.00;36.00;1007.96;242;254;15.97;3
2025-10-01 11:12:37;29.21;86290.00;36.00;1007.96;242;254;15.97;3
2025-10-01 11:12:38;29.23;86557.00;36.00;1007.98;242;254;15.97;3
2025-10-01 11:12:39;29.23;86202.00;36.00;1007.96;242;253;15.78;3
2025-10-01 11:12:40;29.23;86114.00;36.00;1007.96;242;253;15.78;3
2025-10-01 11:12:41;29.24;86379.00;36.00;1007.96;242;253;15.78;3
2025-10-01 11:12:42;29.25;87276.00;36.00;1007.98;242;253;15.83;3
2025-10-01 11:12:43;29.25;86290.00;36.00;1007.96;242;253;15.83;3
2025-10-01 11:12:44;29.25;86557.00;36.00;1007.96;242;253;15.83;3
2025-10-01 11:12:45;29.25;86114.00;36.00;1007.96;242;253;15.90;3
2025-10-01 11:12:46;29.26;87732.00;36.00;1007.98;242;253;15.90;3
2025-10-01 11:12:47;29.27;86468.00;36.00;1007.94;242;253;15.90;3
2025-10-01 11:12:48;29.26;85850.00;36.00;1007.94;242;253;15.86;3
2025-10-01 11:12:49;29.27;86290.00;36.00;1007.96;242;253;15.86;3
2025-10-01 11:12:50;29.28;86379.00;36.00;1007.96;242;253;15.86;3
2025-10-01 11:12:51;29.27;86825.00;36.00;1007.96;243;255;16.24;3
2025-10-01 11:12:52;29.28;86025.00;36.00;1007.94;243;255;16.24;3
2025-10-01 11:12:53;29.28;85850.00;36.00;1007.94;243;255;16.24;3
2025-10-01 11:12:54;29.29;86468.00;36.00;1007.96;244;255;16.35;3
2025-10-01 11:12:55;29.29;88007.00;36.00;1007.94;244;255;16.35;3
2025-10-01 11:12:56;29.30;86025.00;36.00;1007.94;244;255;16.35;3
2025-10-01 11:12:57;29.30;85762.00;36.00;1007.94;243;254;16.17;3
2025-10-01 11:12:58;29.30;86557.00;36.00;1007.94;243;254;16.17;3
2025-10-01 11:12:59;29.31;85850.00;36.00;1007.98;243;254;16.17;3
2025-10-01 11:13:00;29.30;88377.00;36.00;1007.94;244;255;16.27;3
2025-10-01 11:13:01;29.31;87005.00;36.00;1007.94;244;255;16.27;3
2025-10-01 11:13:02;29.31;87186.00;36.00;1007.94;244;255;16.27;3
2025-10-01 11:13:03;29.31;85762.00;36.00;1007.94;242;253;15.75;3
2025-10-01 11:13:04;29.32;85587.00;36.00;1007.94;242;253;15.75;3
2025-10-01 11:13:05;29.32;86290.00;36.00;1007.94;242;253;15.75;3
2025-10-01 11:13:06;29.32;86114.00;36.00;1007.92;242;253;15.77;3
2025-10-01 11:13:07;29.32;87640.00;36.00;1007.92;242;253;15.77;3
2025-10-01 11:13:08;29.33;85850.00;36.00;1007.94;242;253;15.77;3
2025-10-01 11:13:09;29.33;85850.00;36.00;1007.94;242;253;15.92;3
2025-10-01 11:13:10;29.33;86646.00;36.00;1007.94;242;253;15.92;3
2025-10-01 11:13:11;29.34;86557.00;36.00;1007.92;242;253;15.92;3
2025-10-01 11:13:12;29.33;86736.00;36.00;1007.92;242;253;15.75;3
2025-10-01 11:13:13;29.34;85938.00;36.00;1007.92;242;253;15.75;3
2025-10-01 11:13:14;29.35;87640.00;36.00;1007.98;242;253;15.75;3
2025-10-01 11:13:15;29.34;88192.00;36.00;1007.96;241;252;15.54;3
2025-10-01 11:13:16;29.35;87915.00;36.00;1007.96;241;252;15.54;3
2025-10-01 11:13:17;29.35;87732.00;36.00;1007.96;241;252;15.54;3
2025-10-01 11:13:18;29.36;85850.00;36.00;1007.96;242;253;15.77;3
2025-10-01 11:13:19;29.36;88470.00;36.00;1007.96;242;253;15.77;3
2025-10-01 11:13:20;29.36;86468.00;36.00;1007.94;242;253;15.77;3
2025-10-01 11:13:21;29.36;86736.00;36.00;1007.94;242;253;15.92;3
2025-10-01 11:13:22;29.37;85154.00;36.00;1007.94;242;253;15.92;3
2025-10-01 11:13:23;29.37;86114.00;36.00;1007.96;242;253;15.92;3
2025-10-01 11:13:24;29.37;87458.00;36.00;1007.96;243;254;16.09;3
2025-10-01 11:13:25;29.37;85675.00;36.00;1007.96;243;254;16.09;3
2025-10-01 11:13:26;29.38;87823.00;36.00;1007.96;243;254;16.09;3
2025-10-01 11:13:27;29.38;86557.00;36.00;1007.96;240;251;15.42;3
2025-10-01 11:13:28;29.38;85938.00;36.00;1007.94;240;251;15.42;3
2025-10-01 11:13:29;29.38;87005.00;36.00;1007.94;240;251;15.42;3
2025-10-01 11:13:30;29.38;86468.00;36.00;1007.94;241;252;15.64;3
2025-10-01 11:13:31;29.38;85500.00;36.00;1007.94;241;252;15.64;3
2025-10-01 11:13:32;29.39;85500.00;36.00;1007.96;241;252;15.64;3
2025-10-01 11:13:33;29.39;87640.00;36.00;1007.98;241;252;15.67;3
2025-10-01 11:13:34;29.39;86290.00;36.00;1007.96;241;252;15.67;3
2025-10-01 11:13:35;29.40;86202.00;36.00;1007.96;241;252;15.67;3
2025-10-01 11:13:36;29.40;88470.00;36.00;1007.96;240;251;15.30;3
2025-10-01 11:13:37;29.40;86379.00;36.00;1007.94;240;251;15.30;3
2025-10-01 11:13:38;29.40;85675.00;36.00;1007.94;240;251;15.30;3
2025-10-01 11:13:39;29.40;85850.00;36.00;1007.94;239;250;15.11;3
2025-10-01 11:13:40;29.40;87458.00;36.00;1007.94;239;250;15.11;3
2025-10-01 11:13:41;29.40;86025.00;36.00;1007.94;239;250;15.11;3
2025-10-01 11:13:42;29.40;87367.00;36.00;1007.94;240;251;15.38;3
2025-10-01 11:13:43;29.41;86379.00;36.00;1007.96;240;251;15.38;3
2025-10-01 11:13:44;29.41;87549.00;36.00;1007.96;240;251;15.38;3
2025-10-01 11:13:45;29.42;86379.00;36.00;1007.96;237;248;14.71;3
2025-10-01 11:13:46;29.41;86202.00;36.00;1007.94;237;248;14.71;3
2025-10-01 11:13:47;29.41;85500.00;36.00;1007.94;237;248;14.71;3
2025-10-01 11:13:48;29.41;85587.00;36.00;1007.94;240;251;15.34;3
2025-10-01 11:13:49;29.41;85068.00;36.00;1007.94;240;251;15.34;3
2025-10-01 11:13:50;29.42;86290.00;36.00;1007.94;240;251;15.34;3
2025-10-01 11:13:51;29.42;85154.00;36.00;1007.94;240;251;15.40;3
