timestamp;temperature;gas;humidity;barometer;IAQ;IAQ_S;VOCS;accuracy
2025-10-01 11:54:31;28.73;125279.00;27.00;1007.98;113;115;1.97;3
2025-10-01 11:54:31;28.68;126314.00;27.00;1007.96;113;115;1.97;3
2025-10-01 11:54:31;28.62;126219.00;27.00;1007.96;113;115;1.97;3
2025-10-01 11:54:31;28.56;128831.00;27.00;1007.98;98;100;1.55;3
2025-10-01 11:54:31;28.46;130127.00;26.00;1007.96;98;100;1.55;3
2025-10-01 11:54:31;28.39;132381.00;26.00;1007.94;85;86;1.27;3
2025-10-01 11:54:32;28.21;135584.00;26.00;1007.98;73;74;1.06;3
2025-10-01 11:54:33;28.16;136133.00;26.00;1007.98;73;74;1.06;3
2025-10-01 11:54:34;28.11;137469.00;26.00;1007.96;73;74;1.06;3
2025-10-01 11:54:35;28.06;138033.00;26.00;1007.96;65;66;0.93;3
2025-10-01 11:54:36;28.04;138260.00;26.00;1007.96;65;66;0.93;3
2025-10-01 11:54:38;27.98;141281.00;26.00;1007.96;65;66;0.93;3
2025-10-01 11:54:39;27.96;142117.00;26.00;1007.96;58;59;0.83;3
2025-10-01 11:54:40;27.91;142599.00;26.00;1007.96;58;59;0.83;3
2025-10-01 11:54:41;27.83;143329.00;26.00;1007.98;58;59;0.83;3
2025-10-01 11:54:42;27.77;144935.00;26.00;1007.96;50;51;0.74;3
2025-10-01 11:54:43;27.64;144810.00;26.00;1007.96;50;51;0.74;3
2025-10-01 11:54:44;27.54;145311.00;26.00;1007.94;50;51;0.74;3
2025-10-01 11:54:45;27.49;147997.00;26.00;1007.96;45;45;0.68;3
2025-10-01 11:54:46;27.40;147737.00;26.00;1007.98;45;45;0.68;3
2025-10-01 11:54:47;27.32;147607.00;26.00;1007.96;45;45;0.68;3
2025-10-01 11:54:48;27.27;147997.00;26.00;1007.98;40;40;0.63;3
2025-10-01 11:54:48;27.22;150111.00;26.00;1007.98;40;40;0.63;3
2025-10-01 11:54:49;27.11;150784.00;26.00;1007.96;40;40;0.63;3
2025-10-01 11:54:50;27.06;151600.00;26.00;1007.96;37;38;0.60;3
2025-10-01 11:54:51;26.98;150514.00;26.00;1007.98;37;38;0.60;3
2025-10-01 11:54:52;26.92;151737.00;26.00;1007.96;37;38;0.60;3
2025-10-01 11:54:53;26.84;152149.00;27.00;1007.94;35;35;0.58;3
2025-10-01 11:54:54;26.78;153538.00;27.00;1008.00;35;35;0.58;3
2025-10-01 11:54:56;26.73;153119.00;27.00;1008.00;35;35;0.58;3
2025-10-01 11:54:57;26.69;153258.00;27.00;1007.98;32;32;0.56;3
2025-10-01 11:54:58;26.60;153819.00;27.00;1008.00;32;32;0.56;3
2025-10-01 11:54:59;26.51;155527.00;27.00;1007.98;32;32;0.56;3
2025-10-01 11:55:00;26.51;155527.00;27.00;1008.00;31;31;0.54;3
2025-10-01 11:55:01;26.48;157567.00;27.00;1007.96;31;31;0.54;3
2025-10-01 11:55:02;26.46;156104.00;27.00;1007.96;31;31;0.54;3
2025-10-01 11:55:03;26.44;157126.00;27.00;1007.96;29;29;0.53;3
2025-10-01 11:55:04;26.42;156104.00;27.00;1007.98;29;29;0.53;3
2025-10-01 11:55:05;26.39;158309.00;27.00;1007.98;29;29;0.53;3
2025-10-01 11:55:06;26.36;158012.00;27.00;1008.00;28;28;0.52;3
2025-10-01 11:55:07;26.30;158608.00;27.00;1007.98;28;28;0.52;3
2025-10-01 11:55:08;26.25;159058.00;27.00;1007.98;28;28;0.52;3
2025-10-01 11:55:08;26.21;158608.00;27.00;1007.98;27;27;0.52;3
2025-10-01 11:55:09;26.18;160731.00;27.00;1007.98;27;27;0.52;3
2025-10-01 11:55:10;26.14;160885.00;28.00;1007.98;27;27;0.52;3
2025-10-01 11:55:11;26.10;160119.00;28.00;1007.98;27;27;0.52;3
2025-10-01 11:55:12;26.06;160731.00;28.00;1007.96;27;27;0.52;3
2025-10-01 11:55:14;26.04;161814.00;28.00;1007.98;27;27;0.52;3
2025-10-01 11:55:15;26.01;161039.00;28.00;1008.00;25;25;0.50;3
2025-10-01 11:55:16;25.98;161658.00;28.00;1007.98;25;25;0.50;3
2025-10-01 11:55:17;25.95;163864.00;28.00;1007.96;25;25;0.50;3
2025-10-01 11:55:18;25.93;162911.00;28.00;1007.96;25;25;0.49;2
2025-10-01 11:55:19;25.90;161658.00;28.00;1007.98;25;25;0.49;2
2025-10-01 11:55:20;25.87;162439.00;28.00;1007.96;25;25;0.49;2
2025-10-01 11:55:21;25.84;163545.00;28.00;1007.96;25;25;0.49;2
2025-10-01 11:55:22;25.81;162754.00;28.00;1007.96;25;25;0.49;2
2025-10-01 11:55:23;25.79;163386.00;28.00;1007.92;25;25;0.49;2
2025-10-01 11:55:24;25.77;162754.00;28.00;1007.94;26;26;0.50;2
2025-10-01 11:55:25;25.73;165314.00;28.00;1007.96;26;26;0.50;2
2025-10-01 11:55:26;25.68;165640.00;28.00;1007.98;26;26;0.50;2
2025-10-01 11:55:26;25.41;165967.00;28.00;1007.92;25;25;0.50;2
2025-10-01 11:55:27;25.05;165967.00;28.00;1008.00;25;25;0.50;2
2025-10-01 11:55:28;25.05;167288.00;28.00;1008.00;25;25;0.50;2
2025-10-01 11:55:29;24.83;167455.00;28.00;1007.96;25;25;0.50;2
2025-10-01 11:55:30;24.52;169139.00;28.00;1008.00;25;25;0.50;2
2025-10-01 11:55:31;24.36;169310.00;28.00;1008.00;25;25;0.50;2
2025-10-01 11:55:33;24.09;170512.00;28.00;1008.00;24;24;0.49;2
2025-10-01 11:55:34;23.95;171381.00;28.00;1008.00;24;24;0.49;2
2025-10-01 11:55:35;23.75;172082.00;28.00;1007.96;24;24;0.49;2
2025-10-01 11:55:36;23.67;171381.00;29.00;1008.00;24;24;0.49;2
2025-10-01 11:55:37;23.75;169310.00;29.00;1008.00;24;24;0.49;2
2025-10-01 11:55:38;23.85;174042.00;29.00;1008.02;24;24;0.49;2
2025-10-01 11:55:39;23.89;171206.00;29.00;1008.00;24;24;0.49;2
2025-10-01 11:55:40;23.90;171556.00;29.00;1008.00;25;25;0.50;2
2025-10-01 11:55:41;23.90;172259.00;29.00;1007.98;25;25;0.50;2
2025-10-01 11:55:42;23.89;172259.00;30.00;1007.98;25;25;0.50;2
2025-10-01 11:55:43;23.88;172612.00;30.00;1007.98;25;25;0.50;2
2025-10-01 11:55:44;23.87;173146.00;30.00;1008.00;25;25;0.50;2
2025-10-01 11:55:45;23.84;172968.00;30.00;1008.02;25;25;0.50;2
2025-10-01 11:55:46;23.84;172790.00;30.00;1008.02;25;25;0.50;2
2025-10-01 11:55:46;23.82;172612.00;30.00;1008.00;25;25;0.50;2
2025-10-01 11:55:47;23.81;172968.00;30.00;1008.02;25;25;0.50;2
2025-10-01 11:55:48;23.80;173682.00;30.00;1008.00;26;26;0.51;2
2025-10-01 11:55:49;23.79;173503.00;30.00;1008.02;26;26;0.51;2
2025-10-01 11:55:51;23.78;173682.00;30.00;1008.00;26;26;0.51;2
2025-10-01 11:55:52;23.77;173682.00;30.00;1008.00;27;27;0.51;2
2025-10-01 11:55:53;23.78;172968.00;30.00;1008.00;27;27;0.51;2
2025-10-01 11:55:54;23.77;173146.00;30.00;1008.00;27;27;0.51;2
2025-10-01 11:55:55;23.77;174042.00;30.00;1008.00;28;28;0.53;2
2025-10-01 11:55:56;23.77;173862.00;30.00;1008.02;28;28;0.53;2
2025-10-01 11:55:57;23.77;172790.00;30.00;1008.02;28;28;0.53;2
2025-10-01 11:55:58;23.77;173503.00;30.00;1008.02;30;31;0.54;2
2025-10-01 11:55:59;23.77;172082.00;30.00;1008.00;30;31;0.54;2
2025-10-01 11:56:00;23.75;173862.00;30.00;1008.00;30;31;0.54;2
2025-10-01 11:56:01;23.75;174403.00;30.00;1008.00;32;32;0.55;2
2025-10-01 11:56:02;23.74;173146.00;30.00;1008.00;32;32;0.55;2
2025-10-01 11:56:03;23.73;171556.00;31.00;1008.00;32;32;0.55;2
2025-10-01 11:56:04;23.73;172259.00;31.00;1008.00;33;33;0.56;2
2025-10-01 11:56:05;23.72;173682.00;31.00;1008.00;33;33;0.56;2
2025-10-01 11:56:05;23.72;174766.00;31.00;1007.98;33;33;0.56;2
2025-10-01 11:56:06;23.71;174222.00;31.00;1008.02;33;33;0.56;2
2025-10-01 11:56:07;23.71;174403.00;31.00;1008.02;33;33;0.56;2
2025-10-01 11:56:08;23.71;174947.00;31.00;1008.00;33;33;0.56;2
2025-10-01 11:56:09;23.71;174042.00;31.00;1008.02;33;33;0.56;2
2025-10-01 11:56:11;23.71;173324.00;31.00;1008.04;33;33;0.56;2
2025-10-01 11:56:12;23.70;175862.00;31.00;1007.98;33;33;0.56;2
2025-10-01 11:56:13;23.67;174584.00;31.00;1007.98;33;33;0.56;2
2025-10-01 11:56:14;23.66;175862.00;31.00;1007.98;33;33;0.56;2
2025-10-01 11:56:15;23.65;175679.00;31.00;1008.00;33;33;0.56;2
2025-10-01 11:56:16;23.64;175679.00;31.00;1007.98;34;34;0.58;2
2025-10-01 11:56:17;23.63;174766.00;31.00;1007.98;34;34;0.58;2
2025-10-01 11:56:18;23.63;175495.00;31.00;1008.00;34;34;0.58;2
2025-10-01 11:56:19;23.63;174403.00;31.00;1007.98;35;35;0.58;2
2025-10-01 11:56:20;23.64;174947.00;31.00;1007.98;35;35;0.58;2
2025-10-01 11:56:21;23.63;174584.00;31.00;1007.98;35;35;0.58;2
2025-10-01 11:56:22;23.63;175312.00;31.00;1007.98;36;37;0.60;2
2025-10-01 11:56:23;23.63;173146.00;31.00;1007.96;36;37;0.60;2
2025-10-01 11:56:24;23.64;175130.00;31.00;1007.98;36;37;0.60;2
2025-10-01 11:56:25;23.64;175312.00;31.00;1007.98;38;39;0.61;2
2025-10-01 11:56:25;23.64;174947.00;31.00;1007.96;38;39;0.61;2
2025-10-01 11:56:26;23.64;175312.00;31.00;1007.96;38;39;0.61;2
2025-10-01 11:56:27;23.64;174947.00;31.00;1007.96;39;39;0.62;2
2025-10-01 11:56:28;23.64;174766.00;31.00;1008.00;39;39;0.62;2
2025-10-01 11:56:30;23.64;175862.00;31.00;1007.98;39;39;0.62;2
2025-10-01 11:56:31;23.62;175679.00;31.00;1007.98;41;42;0.64;2
2025-10-01 11:56:32;23.60;175495.00;31.00;1007.98;41;42;0.64;2
2025-10-01 11:56:33;23.59;176047.00;31.00;1007.98;41;42;0.64;2
2025-10-01 11:56:34;23.56;176787.00;31.00;1007.96;42;43;0.65;2
2025-10-01 11:56:35;23.56;176047.00;31.00;1007.98;42;43;0.65;2
2025-10-01 11:56:36;23.55;176416.00;31.00;1008.00;42;43;0.65;2
2025-10-01 11:56:37;23.55;173862.00;31.00;1007.96;42;42;0.65;3
2025-10-01 11:56:38;23.53;176416.00;31.00;1007.96;42;42;0.65;3
2025-10-01 11:56:39;23.53;175862.00;31.00;1007.98;42;42;0.65;3
2025-10-01 11:56:40;23.53;175312.00;31.00;1007.98;43;43;0.66;3
2025-10-01 11:56:41;23.53;174766.00;31.00;1007.98;43;43;0.66;3
2025-10-01 11:56:42;23.53;175679.00;31.00;1007.98;43;43;0.66;3
2025-10-01 11:56:43;23.53;173862.00;31.00;1007.98;44;44;0.67;3
2025-10-01 11:56:44;23.53;176787.00;31.00;1007.96;44;44;0.67;3
2025-10-01 11:56:44;23.54;175312.00;31.00;1007.96;44;44;0.67;3
2025-10-01 11:56:45;23.54;173862.00;31.00;1007.98;43;44;0.67;3
2025-10-01 11:56:46;23.55;174403.00;31.00;1007.98;43;44;0.67;3
2025-10-01 11:56:47;23.56;176231.00;31.00;1007.96;43;44;0.67;3
2025-10-01 11:56:48;23.56;174947.00;31.00;1007.98;44;44;0.67;3
2025-10-01 11:56:50;23.56;176047.00;31.00;1007.94;44;44;0.67;3
2025-10-01 11:56:51;23.57;177160.00;31.00;1007.98;44;44;0.67;3
2025-10-01 11:56:52;23.57;176047.00;31.00;1007.98;46;46;0.69;3
2025-10-01 11:56:53;23.56;174766.00;31.00;1008.00;46;46;0.69;3
2025-10-01 11:56:54;23.55;177534.00;31.00;1007.98;46;46;0.69;3
2025-10-01 11:56:55;23.53;176047.00;32.00;1007.98;46;46;0.69;3
2025-10-01 11:56:56;23.51;175495.00;32.00;1007.98;46;46;0.69;3
2025-10-01 11:56:57;23.49;177721.00;31.00;1008.00;46;46;0.69;3
2025-10-01 11:56:58;23.46;176601.00;32.00;1007.94;47;47;0.70;3
2025-10-01 11:56:59;23.43;175862.00;32.00;1007.98;47;47;0.70;3
2025-10-01 11:57:00;23.40;176787.00;32.00;1007.96;47;47;0.70;3
2025-10-01 11:57:01;23.35;177160.00;32.00;1007.98;45;46;0.69;3
2025-10-01 11:57:02;23.31;178098.00;32.00;1007.98;45;46;0.69;3
2025-10-01 11:57:03;23.26;178098.00;32.00;1007.96;45;46;0.69;3
2025-10-01 11:57:04;23.23;177160.00;32.00;1007.96;45;46;0.68;3
2025-10-01 11:57:05;23.20;178856.00;32.00;1007.96;45;46;0.68;3
2025-10-01 11:57:05;23.17;177910.00;32.00;1007.96;45;46;0.68;3
2025-10-01 11:57:06;23.16;178476.00;32.00;1007.96;45;45;0.68;3
2025-10-01 11:57:07;23.15;177721.00;32.00;1007.96;45;45;0.68;3
2025-10-01 11:57:08;23.14;178098.00;32.00;1007.96;45;45;0.68;3
2025-10-01 11:57:10;23.14;179237.00;32.00;1007.96;44;45;0.68;3
2025-10-01 11:57:11;23.15;178098.00;32.00;1007.96;44;45;0.68;3
2025-10-01 11:57:12;23.15;180198.00;32.00;1007.94;44;45;0.68;3
2025-10-01 11:57:13;23.16;176787.00;32.00;1007.96;45;46;0.69;3
2025-10-01 11:57:14;23.17;179620.00;32.00;1007.96;45;46;0.69;3
2025-10-01 11:57:15;23.17;178476.00;32.00;1007.96;45;46;0.69;3
2025-10-01 11:57:16;23.15;175312.00;32.00;1007.96;44;45;0.68;3
2025-10-01 11:57:17;23.16;180391.00;32.00;1007.94;44;45;0.68;3
2025-10-01 11:57:18;23.17;180198.00;32.00;1007.96;44;45;0.68;3
2025-10-01 11:57:19;23.15;177721.00;32.00;1007.98;45;45;0.68;3
2025-10-01 11:57:20;23.16;178476.00;32.00;1007.96;45;45;0.68;3
2025-10-01 11:57:21;23.16;178287.00;32.00;1007.96;45;45;0.68;3
2025-10-01 11:57:22;23.16;179429.00;32.00;1007.96;44;45;0.68;3
2025-10-01 11:57:23;23.17;177721.00;32.00;1007.96;44;45;0.68;3
2025-10-01 11:57:24;23.17;178856.00;32.00;1007.96;44;45;0.68;3
2025-10-01 11:57:25;23.18;178666.00;32.00;1007.96;44;45;0.67;3
2025-10-01 11:57:25;23.18;177721.00;32.00;1007.94;44;45;0.67;3
2025-10-01 11:57:26;23.18;178666.00;32.00;1007.94;44;45;0.67;3
2025-10-01 11:57:27;23.19;178856.00;32.00;1007.98;44;45;0.67;3
2025-10-01 11:57:29;23.19;179046.00;32.00;1007.96;44;45;0.67;3
2025-10-01 11:57:30;23.20;178098.00;32.00;1007.96;44;45;0.67;3
2025-10-01 11:57:31;23.21;179429.00;32.00;1007.94;44;45;0.67;3
2025-10-01 11:57:32;23.21;178856.00;32.00;1007.94;44;44;0.67;3
2025-10-01 11:57:33;23.21;178666.00;32.00;1007.96;44;44;0.67;3
2025-10-01 11:57:34;23.22;178287.00;32.00;1007.96;44;44;0.67;3
2025-10-01 11:57:35;23.22;178666.00;32.00;1007.94;44;45;0.68;3
2025-10-01 11:57:36;23.22;180198.00;32.00;1007.94;44;45;0.68;3
2025-10-01 11:57:37;23.22;178856.00;32.00;1007.94;44;45;0.68;3
2025-10-01 11:57:38;23.22;181364.00;32.00;1007.94;45;45;0.68;3
2025-10-01 11:57:39;23.22;177721.00;32.00;1007.96;45;45;0.68;3
2025-10-01 11:57:40;23.23;178856.00;32.00;1007.96;45;45;0.68;3
2025-10-01 11:57:41;23.24;178476.00;32.00;1007.96;45;45;0.68;3
2025-10-01 11:57:42;23.23;179429.00;32.00;1007.96;45;45;0.68;3
2025-10-01 11:57:43;23.23;180198.00;32.00;1007.96;45;45;0.68;3
2025-10-01 11:57:44;23.23;179620.00;32.00;1007.94;44;44;0.67;3
2025-10-01 11:57:44;23.24;178856.00;32.00;1007.94;44;44;0.67;3
2025-10-01 11:57:45;23.24;178287.00;32.00;1007.94;44;44;0.67;3
2025-10-01 11:57:46;23.24;180974.00;32.00;1007.94;45;45;0.68;3
2025-10-01 11:57:48;23.24;177910.00;32.00;1007.94;45;45;0.68;3
2025-10-01 11:57:49;23.24;178666.00;32.00;1007.94;45;45;0.68;3
2025-10-01 11:57:50;23.24;178666.00;32.00;1007.94;45;46;0.68;3
2025-10-01 11:57:51;23.24;179237.00;32.00;1007.96;45;46;0.68;3
2025-10-01 11:57:52;23.23;178666.00;32.00;1007.92;45;46;0.68;3
2025-10-01 11:57:53;23.23;179046.00;32.00;1007.94;46;46;0.69;3
2025-10-01 11:57:54;23.22;179620.00;32.00;1007.94;46;46;0.69;3
2025-10-01 11:57:55;23.22;179620.00;32.00;1007.96;46;46;0.69;3
2025-10-01 11:57:56;23.23;179046.00;32.00;1007.96;45;46;0.69;3
2025-10-01 11:57:57;23.23;179237.00;32.00;1007.94;45;46;0.69;3
2025-10-01 11:57:58;23.24;179429.00;32.00;1007.94;45;46;0.69;3
2025-10-01 11:57:59;23.24;181364.00;32.00;1007.94;43;44;0.66;3
2025-10-01 11:58:00;23.24;179237.00;32.00;1007.94;43;44;0.66;3
2025-10-01 11:58:01;23.24;181364.00;32.00;1007.94;43;44;0.66;3
2025-10-01 11:58:02;23.24;179620.00;32.00;1007.94;42;43;0.65;3
2025-10-01 11:58:03;23.24;179620.00;32.00;1007.94;42;43;0.65;3
2025-10-01 11:58:04;23.24;179046.00;32.00;1007.94;42;43;0.65;3
2025-10-01 11:58:04;23.24;178856.00;32.00;1007.92;44;44;0.67;3
2025-10-01 11:58:05;23.25;179429.00;32.00;1007.96;44;44;0.67;3
2025-10-01 11:58:06;23.25;177721.00;32.00;1007.94;44;44;0.67;3
2025-10-01 11:58:08;23.24;180005.00;32.00;1007.94;46;46;0.69;3
2025-10-01 11:58:09;23.24;180391.00;32.00;1007.94;46;46;0.69;3
2025-10-01 11:58:10;23.25;178856.00;32.00;1007.94;46;46;0.69;3
2025-10-01 11:58:11;23.24;178666.00;32.00;1007.94;45;45;0.68;3
2025-10-01 11:58:12;23.24;179237.00;32.00;1007.96;45;45;0.68;3
2025-10-01 11:58:13;23.23;178666.00;32.00;1007.96;45;45;0.68;3
2025-10-01 11:58:14;23.22;178287.00;32.00;1007.94;46;46;0.69;3
2025-10-01 11:58:15;23.23;181364.00;32.00;1007.94;46;46;0.69;3
2025-10-01 11:58:16;23.22;179237.00;32.00;1007.94;46;46;0.69;3
2025-10-01 11:58:17;23.22;179620.00;32.00;1007.96;47;47;0.70;3
2025-10-01 11:58:18;23.21;178666.00;32.00;1007.94;47;47;0.70;3
2025-10-01 11:58:19;23.20;180198.00;32.00;1007.94;47;47;0.70;3
2025-10-01 11:58:20;23.20;179237.00;32.00;1007.96;48;48;0.71;3
2025-10-01 11:58:21;23.19;178856.00;32.00;1007.94;48;48;0.71;3
2025-10-01 11:58:22;23.19;179046.00;32.00;1007.96;48;48;0.71;3
2025-10-01 11:58:23;23.19;179046.00;32.00;1007.96;46;46;0.69;3
2025-10-01 11:58:23;23.19;178098.00;32.00;1007.96;46;46;0.69;3
2025-10-01 11:58:24;23.19;178098.00;32.00;1007.96;46;46;0.69;3
2025-10-01 11:58:25;23.19;178476.00;32.00;1007.96;46;47;0.70;3
2025-10-01 11:58:27;23.20;180974.00;32.00;1007.96;46;47;0.70;3
2025-10-01 11:58:28;23.19;178666.00;32.00;1007.96;46;47;0.70;3
2025-10-01 11:58:29;23.19;178476.00;32.00;1007.94;47;47;0.70;3
2025-10-01 11:58:30;23.20;179429.00;32.00;1007.96;47;47;0.70;3
2025-10-01 11:58:31;23.20;178476.00;32.00;1007.96;47;47;0.70;3
2025-10-01 11:58:32;23.20;179429.00;32.00;1007.94;47;48;0.71;3
2025-10-01 11:58:33;23.20;179812.00;32.00;1007.94;47;48;0.71;3
2025-10-01 11:58:34;23.21;179429.00;32.00;1007.96;47;48;0.71;3
2025-10-01 11:58:35;23.21;178666.00;32.00;1007.96;48;48;0.71;3
2025-10-01 11:58:36;23.21;179620.00;32.00;1007.94;48;48;0.71;3
2025-10-01 11:58:37;23.22;179237.00;32.00;1007.94;48;48;0.71;3
2025-10-01 11:58:38;23.22;178666.00;32.00;1007.94;46;47;0.70;3
2025-10-01 11:58:39;23.23;181169.00;32.00;1007.92;46;47;0.70;3
2025-10-01 11:58:40;23.23;179046.00;32.00;1007.94;46;47;0.70;3
2025-10-01 11:58:41;23.23;180585.00;32.00;1007.94;47;48;0.70;3
2025-10-01 11:58:42;23.23;180585.00;32.00;1007.94;47;48;0.70;3
2025-10-01 11:58:42;23.24;179237.00;32.00;1007.94;47;48;0.70;3
2025-10-01 11:58:43;23.23;178666.00;32.00;1007.92;47;48;0.71;3
2025-10-01 11:58:44;23.24;179046.00;32.00;1007.92;47;48;0.71;3
2025-10-01 11:58:46;23.24;178476.00;32.00;1007.92;47;48;0.71;3
2025-10-01 11:58:47;23.24;181169.00;32.00;1007.92;47;48;0.71;3
2025-10-01 11:58:48;23.24;179237.00;32.00;1007.92;47;48;0.71;3
2025-10-01 11:58:49;23.25;178287.00;32.00;1007.94;47;48;0.71;3
2025-10-01 11:58:50;23.24;179046.00;32.00;1007.90;47;48;0.70;3
2025-10-01 11:58:51;23.25;179046.00;32.00;1007.94;47;48;0.70;3
2025-10-01 11:58:52;23.26;178856.00;32.00;1007.94;47;48;0.70;3
2025-10-01 11:58:53;23.25;179046.00;32.00;1007.92;48;49;0.72;3
2025-10-01 11:58:54;23.26;178098.00;32.00;1007.92;48;49;0.72;3
2025-10-01 11:58:55;23.26;180198.00;32.00;1007.92;48;49;0.72;3
2025-10-01 11:58:56;23.26;179812.00;32.00;1007.92;49;50;0.73;3
2025-10-01 11:58:57;23.26;177910.00;32.00;1007.90;49;50;0.73;3
2025-10-01 11:58:58;23.26;180198.00;32.00;1007.92;49;50;0.73;3
2025-10-01 11:58:59;23.26;178098.00;32.00;1007.92;50;50;0.73;3
2025-10-01 11:58:59;23.27;178476.00;32.00;1007.92;50;50;0.73;3
2025-10-01 11:59:00;23.27;178098.00;32.00;1007.92;50;50;0.73;3
2025-10-01 11:59:01;23.27;181169.00;32.00;1007.92;50;50;0.73;3
2025-10-01 11:59:03;23.27;179429.00;32.00;1007.92;50;50;0.73;3
2025-10-01 11:59:04;23.27;178856.00;32.00;1007.92;50;50;0.73;3
2025-10-01 11:59:05;23.26;178098.00;32.00;1007.92;50;50;0.74;3
2025-10-01 11:59:06;23.26;178666.00;32.00;1007.92;50;50;0.74;3
2025-10-01 11:59:07;23.26;178666.00;32.00;1007.92;50;50;0.74;3
2025-10-01 11:59:08;23.25;180391.00;32.00;1007.94;48;49;0.72;3
2025-10-01 11:59:09;23.25;178287.00;32.00;1007.96;48;49;0.72;3
2025-10-01 11:59:10;23.24;178856.00;32.00;1007.94;48;49;0.72;3
2025-10-01 11:59:11;23.23;178856.00;32.00;1007.94;48;49;0.72;3
2025-10-01 11:59:12;23.22;178666.00;32.00;1007.92;48;49;0.72;3
2025-10-01 11:59:13;23.22;178856.00;32.00;1007.92;48;49;0.72;3
2025-10-01 11:59:14;23.22;179429.00;32.00;1007.92;48;49;0.72;3
2025-10-01 11:59:15;23.22;179812.00;32.00;1007.94;48;49;0.72;3
2025-10-01 11:59:16;23.22;178856.00;32.00;1007.94;48;49;0.72;3
2025-10-01 11:59:17;23.22;180005.00;32.00;1007.94;48;48;0.71;3
2025-10-01 11:59:18;23.22;181560.00;32.00;1007.94;48;48;0.71;3
2025-10-01 11:59:19;23.22;180005.00;32.00;1007.94;48;48;0.71;3
2025-10-01 11:59:19;23.22;180005.00;32.00;1007.96;47;48;0.71;3
2025-10-01 11:59:20;23.21;180005.00;32.00;1007.94;47;48;0.71;3
2025-10-01 11:59:21;23.20;180005.00;32.00;1007.92;47;48;0.71;3
2025-10-01 11:59:23;23.19;179812.00;32.00;1007.94;47;48;0.71;3
2025-10-01 11:59:24;23.18;179237.00;32.00;1007.94;47;48;0.70;3
2025-10-01 11:59:25;23.17;179812.00;32.00;1007.96;47;48;0.70;3
2025-10-01 11:59:26;23.17;179620.00;32.00;1007.92;47;48;0.70;3
2025-10-01 11:59:27;23.17;180005.00;32.00;1007.92;47;48;0.71;3
2025-10-01 11:59:28;23.16;180198.00;32.00;1007.94;47;48;0.71;3
2025-10-01 11:59:29;23.16;180585.00;32.00;1007.94;47;48;0.71;3
2025-10-01 11:59:30;23.16;180005.00;32.00;1007.94;47;47;0.70;3
2025-10-01 11:59:31;23.15;180974.00;32.00;1007.94;47;47;0.70;3
2025-10-01 11:59:32;23.16;182348.00;32.00;1007.94;47;47;0.70;3
2025-10-01 11:59:33;23.16;180585.00;32.00;1007.92;45;45;0.68;3
2025-10-01 11:59:34;23.16;180391.00;32.00;1007.92;45;45;0.68;3
2025-10-01 11:59:35;23.17;179812.00;32.00;1007.92;45;45;0.68;3
2025-10-01 11:59:36;23.17;180005.00;32.00;1007.92;46;46;0.69;3
2025-10-01 11:59:37;23.16;180585.00;32.00;1007.92;46;46;0.69;3
2025-10-01 11:59:38;23.16;179620.00;32.00;1007.90;46;46;0.69;3
2025-10-01 11:59:39;23.16;179812.00;32.00;1007.90;46;47;0.70;3
2025-10-01 11:59:39;23.13;179812.00;31.00;1007.94;46;47;0.70;3
2025-10-01 11:59:40;23.08;181560.00;31.00;1007.92;46;47;0.70;3
2025-10-01 11:59:42;23.04;181364.00;31.00;1007.88;46;46;0.69;3
2025-10-01 11:59:43;23.03;182348.00;31.00;1007.90;46;46;0.69;3
2025-10-01 11:59:44;23.01;181560.00;31.00;1007.88;46;46;0.69;3
2025-10-01 11:59:45;23.01;181953.00;31.00;1007.90;45;46;0.68;3
2025-10-01 11:59:46;23.00;182546.00;31.00;1007.90;45;46;0.68;3
2025-10-01 11:59:47;23.00;181364.00;32.00;1007.88;45;46;0.68;3
2025-10-01 11:59:48;22.99;182150.00;32.00;1007.90;45;46;0.68;3
2025-10-01 11:59:49;22.99;180974.00;32.00;1007.90;45;46;0.68;3
2025-10-01 11:59:50;22.98;179812.00;32.00;1007.90;45;46;0.68;3
2025-10-01 11:59:51;22.98;181953.00;32.00;1007.90;46;47;0.69;3
2025-10-01 11:59:52;22.98;181364.00;32.00;1007.92;46;47;0.69;3
2025-10-01 11:59:53;22.98;179429.00;32.00;1007.92;46;47;0.69;3
2025-10-01 11:59:54;22.97;181169.00;32.00;1007.88;46;46;0.69;3
2025-10-01 11:59:55;22.97;180974.00;32.00;1007.90;46;46;0.69;3
2025-10-01 11:59:56;22.96;180974.00;32.00;1007.92;46;46;0.69;3
2025-10-01 11:59:57;22.95;181364.00;32.00;1007.90;46;47;0.69;3
2025-10-01 11:59:57;22.95;180974.00;32.00;1007.90;46;47;0.69;3
2025-10-01 11:59:58;22.94;180005.00;32.00;1007.92;46;47;0.69;3
2025-10-01 12:00:00;22.94;182943.00;32.00;1007.90;47;47;0.70;3
2025-10-01 12:00:01;22.93;179812.00;32.00;1007.90;47;47;0.70;3
2025-10-01 12:00:02;22.93;180391.00;32.00;1007.90;47;47;0.70;3
2025-10-01 12:00:03;22.91;180005.00;32.00;1007.88;47;48;0.71;3
2025-10-01 12:00:04;22.91;181756.00;32.00;1007.90;47;48;0.71;3
2025-10-01 12:00:05;22.90;181756.00;32.00;1007.92;47;48;0.71;3
2025-10-01 12:00:06;22.89;179620.00;32.00;1007.88;47;47;0.70;3
2025-10-01 12:00:07;22.89;181364.00;32.00;1007.90;47;47;0.70;3
2025-10-01 12:00:08;22.89;179812.00;32.00;1007.92;47;47;0.70;3
2025-10-01 12:00:09;22.88;179620.00;32.00;1007.90;48;49;0.72;3
2025-10-01 12:00:10;22.87;179812.00;32.00;1007.90;48;49;0.72;3
2025-10-01 12:00:11;22.87;180391.00;32.00;1007.92;48;49;0.72;3
2025-10-01 12:00:12;22.86;181756.00;32.00;1007.92;49;49;0.72;3
2025-10-01 12:00:13;22.86;181364.00;32.00;1007.92;49;49;0.72;3
2025-10-01 12:00:14;22.85;181756.00;32.00;1007.90;49;49;0.72;3
2025-10-01 12:00:15;22.85;180585.00;32.00;1007.90;49;50;0.73;3
2025-10-01 12:00:16;22.85;182150.00;32.00;1007.90;49;50;0.73;3
2025-10-01 12:00:17;22.85;181364.00;32.00;1007.90;49;50;0.73;3
2025-10-01 12:00:18;22.85;180585.00;32.00;1007.90;50;50;0.74;3
2025-10-01 12:00:18;22.85;180585.00;32.00;1007.92;50;50;0.74;3
2025-10-01 12:00:19;22.84;181560.00;32.00;1007.90;50;50;0.74;3
2025-10-01 12:00:21;22.84;180198.00;32.00;1007.92;50;51;0.74;3
2025-10-01 12:00:22;22.84;180779.00;32.00;1007.92;50;51;0.74;3
2025-10-01 12:00:23;22.84;181560.00;32.00;1007.92;50;51;0.74;3
2025-10-01 12:00:24;22.84;178856.00;32.00;1007.92;51;52;0.75;3
2025-10-01 12:00:25;22.84;180779.00;32.00;1007.94;51;52;0.75;3
2025-10-01 12:00:26;22.83;180974.00;32.00;1007.88;51;52;0.75;3
2025-10-01 12:00:27;22.83;180198.00;32.00;1007.88;52;53;0.76;3
2025-10-01 12:00:28;22.83;177534.00;32.00;1007.90;52;53;0.76;3
2025-10-01 12:00:29;22.83;179812.00;33.00;1007.90;52;53;0.76;3
2025-10-01 12:00:30;22.82;179620.00;33.00;1007.92;51;52;0.75;3
2025-10-01 12:00:31;22.82;179237.00;33.00;1007.92;51;52;0.75;3
2025-10-01 12:00:32;22.82;179812.00;33.00;1007.92;51;52;0.75;3
2025-10-01 12:00:33;22.81;178098.00;33.00;1007.88;51;52;0.75;3
2025-10-01 12:00:34;22.81;178666.00;33.00;1007.88;51;52;0.75;3
2025-10-01 12:00:35;22.82;179812.00;33.00;1007.90;51;52;0.75;3
2025-10-01 12:00:36;22.82;178098.00;33.00;1007.90;51;51;0.75;3
2025-10-01 12:00:37;22.81;180974.00;33.00;1007.88;51;51;0.75;3
2025-10-01 12:00:38;22.80;180585.00;33.00;1007.92;51;51;0.75;3
2025-10-01 12:00:38;22.81;181364.00;33.00;1007.92;52;53;0.76;3
2025-10-01 12:00:40;22.80;181756.00;33.00;1007.94;52;53;0.76;3
2025-10-01 12:00:41;22.79;179812.00;33.00;1007.90;52;53;0.76;3
2025-10-01 12:00:42;22.78;179046.00;33.00;1007.94;52;53;0.76;3
2025-10-01 12:00:43;22.73;179429.00;33.00;1007.94;52;53;0.76;3
2025-10-01 12:00:44;22.71;181169.00;33.00;1007.92;52;53;0.76;3
2025-10-01 12:00:45;22.70;180391.00;33.00;1007.96;52;53;0.76;3
2025-10-01 12:00:46;22.69;180779.00;33.00;1007.96;52;53;0.76;3
2025-10-01 12:00:47;22.68;181364.00;33.00;1007.94;52;53;0.76;3
2025-10-01 12:00:48;22.66;179812.00;33.00;1007.94;51;51;0.74;3
2025-10-01 12:00:49;22.65;179429.00;33.00;1007.94;51;51;0.74;3
2025-10-01 12:00:50;22.64;180198.00;33.00;1007.96;51;51;0.74;3
2025-10-01 12:00:51;22.63;181364.00;33.00;1007.94;49;50;0.73;3
2025-10-01 12:00:52;22.63;179812.00;33.00;1007.96;49;50;0.73;3
2025-10-01 12:00:53;22.62;180974.00;33.00;1007.96;49;50;0.73;3
2025-10-01 12:00:54;22.61;179620.00;33.00;1007.92;49;50;0.72;3
2025-10-01 12:00:55;22.62;179812.00;33.00;1007.92;49;50;0.72;3
2025-10-01 12:00:55;22.62;179620.00;33.00;1007.98;49;50;0.72;3
2025-10-01 12:00:57;22.62;179237.00;33.00;1007.92;48;49;0.72;3
2025-10-01 12:00:58;22.60;177910.00;33.00;1007.94;48;49;0.72;3
2025-10-01 12:00:59;22.59;179812.00;33.00;1007.94;48;49;0.72;3
2025-10-01 12:01:00;22.58;180391.00;33.00;1007.92;49;49;0.72;3
2025-10-01 12:01:01;22.58;179812.00;33.00;1007.94;49;49;0.72;3
2025-10-01 12:01:02;22.59;181756.00;33.00;1007.94;49;49;0.72;3
2025-10-01 12:01:03;22.59;180005.00;33.00;1007.94;49;50;0.73;3
2025-10-01 12:01:04;22.58;180974.00;33.00;1007.92;49;50;0.73;3
2025-10-01 12:01:05;22.58;181169.00;33.00;1007.94;49;50;0.73;3
2025-10-01 12:01:06;22.57;180005.00;33.00;1007.92;49;49;0.72;3
2025-10-01 12:01:07;22.57;180974.00;33.00;1007.90;49;49;0.72;3
2025-10-01 12:01:08;22.55;180198.00;33.00;1007.94;49;49;0.72;3
2025-10-01 12:01:09;22.54;180585.00;33.00;1007.92;49;49;0.72;3
2025-10-01 12:01:10;22.53;182943.00;33.00;1007.92;49;49;0.72;3
2025-10-01 12:01:11;22.52;182348.00;33.00;1007.94;49;49;0.72;3
2025-10-01 12:01:12;22.52;181169.00;33.00;1007.90;48;49;0.71;3
2025-10-01 12:01:13;22.52;180005.00;33.00;1007.92;48;49;0.71;3
2025-10-01 12:01:13;22.52;181364.00;33.00;1007.92;48;49;0.71;3
2025-10-01 12:01:14;22.51;181169.00;33.00;1007.92;48;49;0.71;3
2025-10-01 12:01:16;22.51;181756.00;33.00;1007.92;48;48;0.71;3
2025-10-01 12:01:17;22.51;180974.00;33.00;1007.92;48;48;0.71;3
2025-10-01 12:01:18;22.51;180974.00;33.00;1007.92;48;48;0.71;3
2025-10-01 12:01:19;22.52;180779.00;33.00;1007.94;48;48;0.71;3
2025-10-01 12:01:20;22.53;180779.00;33.00;1007.92;48;48;0.71;3
2025-10-01 12:01:21;22.53;182943.00;33.00;1007.92;48;48;0.71;3
2025-10-01 12:01:22;22.53;180779.00;33.00;1007.92;46;46;0.69;3
2025-10-01 12:01:23;22.54;181364.00;33.00;1007.92;46;46;0.69;3
2025-10-01 12:01:24;22.53;178476.00;33.00;1007.92;46;46;0.69;3
2025-10-01 12:01:25;22.53;180974.00;33.00;1007.90;48;49;0.72;3
2025-10-01 12:01:26;22.54;180779.00;33.00;1007.94;48;49;0.72;3
2025-10-01 12:01:27;22.55;178666.00;33.00;1007.92;48;49;0.72;3
2025-10-01 12:01:28;22.55;182150.00;33.00;1007.92;50;51;0.74;3
2025-10-01 12:01:29;22.55;180585.00;33.00;1007.92;50;51;0.74;3
2025-10-01 12:01:30;22.56;181560.00;33.00;1007.92;50;51;0.74;3
2025-10-01 12:01:31;22.56;181364.00;33.00;1007.90;49;49;0.72;3
2025-10-01 12:01:32;22.56;179046.00;33.00;1007.92;49;49;0.72;3
2025-10-01 12:01:33;22.57;179429.00;33.00;1007.92;49;49;0.72;3
2025-10-01 12:01:33;22.57;180585.00;33.00;1007.92;50;50;0.73;3
2025-10-01 12:01:34;22.57;180005.00;33.00;1007.90;50;50;0.73;3
2025-10-01 12:01:36;22.58;180585.00;33.00;1007.90;50;50;0.73;3
2025-10-01 12:01:37;22.58;180005.00;33.00;1007.94;50;51;0.74;3
2025-10-01 12:01:38;22.58;179237.00;33.00;1007.92;50;51;0.74;3
2025-10-01 12:01:39;22.59;180585.00;33.00;1007.92;50;51;0.74;3
2025-10-01 12:01:40;22.59;179812.00;33.00;1007.90;50;50;0.73;3
2025-10-01 12:01:41;22.59;181364.00;33.00;1007.90;50;50;0.73;3
2025-10-01 12:01:42;22.58;183142.00;33.00;1007.90;50;50;0.73;3
2025-10-01 12:01:43;22.58;180974.00;33.00;1007.92;50;51;0.74;3
2025-10-01 12:01:44;22.57;181756.00;33.00;1007.92;50;51;0.74;3
2025-10-01 12:01:45;22.55;180779.00;34.00;1007.94;50;51;0.74;3
2025-10-01 12:01:46;22.52;181560.00;34.00;1007.92;49;50;0.73;3
2025-10-01 12:01:47;22.50;180585.00;34.00;1007.90;49;50;0.73;3
2025-10-01 12:01:48;22.49;179812.00;34.00;1007.90;49;50;0.73;3
2025-10-01 12:01:49;22.49;182546.00;34.00;1007.90;49;49;0.72;3
2025-10-01 12:01:50;22.49;179812.00;34.00;1007.94;49;49;0.72;3
2025-10-01 12:01:51;22.49;180198.00;34.00;1007.94;49;49;0.72;3
2025-10-01 12:01:52;22.49;182943.00;34.00;1007.92;48;48;0.71;3
2025-10-01 12:01:53;22.50;179812.00;34.00;1007.92;48;48;0.71;3
2025-10-01 12:01:53;22.51;180974.00;34.00;1007.92;48;48;0.71;3
2025-10-01 12:01:55;22.51;182744.00;34.00;1007.90;47;47;0.70;3
2025-10-01 12:01:56;22.50;181560.00;34.00;1007.94;47;47;0.70;3
2025-10-01 12:01:57;22.50;180974.00;34.00;1007.90;47;47;0.70;3
2025-10-01 12:01:58;22.50;178666.00;34.00;1007.94;47;47;0.70;3
2025-10-01 12:01:59;22.50;180198.00;34.00;1007.90;47;47;0.70;3
2025-10-01 12:02:00;22.50;181169.00;34.00;1007.92;47;47;0.70;3
2025-10-01 12:02:01;22.49;180198.00;34.00;1007.92;46;46;0.69;3
2025-10-01 12:02:02;22.49;180005.00;34.00;1007.92;46;46;0.69;3
2025-10-01 12:02:03;22.49;179237.00;34.00;1007.94;46;46;0.69;3
2025-10-01 12:02:04;22.49;180779.00;34.00;1007.94;47;48;0.70;3
2025-10-01 12:02:05;22.48;180391.00;34.00;1007.92;47;48;0.70;3
2025-10-01 12:02:06;22.47;180391.00;34.00;1007.94;47;48;0.70;3
2025-10-01 12:02:07;22.46;179812.00;34.00;1007.92;47;48;0.71;3
2025-10-01 12:02:08;22.42;181560.00;34.00;1007.90;47;48;0.71;3
2025-10-01 12:02:09;22.35;180974.00;34.00;1007.90;47;48;0.71;3
2025-10-01 12:02:10;22.34;181953.00;34.00;1007.90;45;46;0.69;3
2025-10-01 12:02:11;22.35;181560.00;34.00;1007.90;45;46;0.69;3
2025-10-01 12:02:12;22.35;181169.00;34.00;1007.90;45;46;0.69;3
2025-10-01 12:02:12;22.36;179620.00;34.00;1007.90;44;44;0.67;3
2025-10-01 12:02:14;22.36;181560.00;34.00;1007.88;44;44;0.67;3
2025-10-01 12:02:15;22.36;180005.00;34.00;1007.90;44;44;0.67;3
2025-10-01 12:02:16;22.35;180585.00;34.00;1007.88;42;42;0.65;3
2025-10-01 12:02:17;22.36;178666.00;34.00;1007.90;42;42;0.65;3
2025-10-01 12:02:18;22.35;181953.00;34.00;1007.90;42;42;0.65;3
2025-10-01 12:02:19;22.35;181560.00;34.00;1007.90;42;43;0.65;3
2025-10-01 12:02:20;22.36;181756.00;34.00;1007.90;42;43;0.65;3
2025-10-01 12:02:21;22.35;181756.00;34.00;1007.90;42;43;0.65;3
2025-10-01 12:02:22;22.35;180198.00;34.00;1007.90;43;43;0.66;3
2025-10-01 12:02:23;22.35;181560.00;34.00;1007.90;43;43;0.66;3
2025-10-01 12:02:24;22.35;180391.00;34.00;1007.88;43;43;0.66;3
2025-10-01 12:02:25;22.35;180391.00;34.00;1007.88;42;42;0.65;3
2025-10-01 12:02:26;22.33;182943.00;34.00;1007.90;42;42;0.65;3
2025-10-01 12:02:27;22.31;181953.00;34.00;1007.92;42;42;0.65;3
2025-10-01 12:02:28;22.31;181560.00;34.00;1007.92;43;44;0.66;3
2025-10-01 12:02:29;22.30;182943.00;34.00;1007.88;43;44;0.66;3
2025-10-01 12:02:30;22.30;183142.00;34.00;1007.90;43;44;0.66;3
2025-10-01 12:02:31;22.26;181364.00;34.00;1007.92;41;42;0.64;3
2025-10-01 12:02:31;22.25;183743.00;33.00;1007.94;41;42;0.64;3
2025-10-01 12:02:33;22.25;182150.00;33.00;1007.92;41;42;0.64;3
2025-10-01 12:02:34;22.25;182546.00;33.00;1007.94;41;41;0.64;3
2025-10-01 12:02:35;22.26;183342.00;33.00;1007.92;41;41;0.64;3
2025-10-01 12:02:36;22.26;181169.00;33.00;1007.92;41;41;0.64;3
2025-10-01 12:02:37;22.26;183542.00;33.00;1007.92;42;42;0.65;3
2025-10-01 12:02:38;22.27;183743.00;33.00;1007.92;42;42;0.65;3
2025-10-01 12:02:39;22.28;182150.00;33.00;1007.92;42;42;0.65;3
2025-10-01 12:02:40;22.29;180974.00;33.00;1007.90;41;42;0.64;3
2025-10-01 12:02:41;22.29;182943.00;33.00;1007.92;41;42;0.64;3
2025-10-01 12:02:42;22.29;183342.00;33.00;1007.90;41;42;0.64;3
2025-10-01 12:02:43;22.28;180779.00;33.00;1007.92;43;43;0.66;3
2025-10-01 12:02:44;22.26;182943.00;34.00;1007.92;43;43;0.66;3
2025-10-01 12:02:45;22.25;181169.00;34.00;1007.94;43;43;0.66;3
2025-10-01 12:02:46;22.24;183542.00;34.00;1007.92;42;42;0.65;3
2025-10-01 12:02:47;22.24;181169.00;34.00;1007.94;42;42;0.65;3
2025-10-01 12:02:48;22.24;181560.00;34.00;1007.92;42;42;0.65;3
2025-10-01 12:02:49;22.24;182744.00;34.00;1007.94;43;43;0.66;3
2025-10-01 12:02:50;22.24;183342.00;34.00;1007.94;43;43;0.66;3
2025-10-01 12:02:50;22.24;181756.00;34.00;1007.92;43;43;0.66;3
2025-10-01 12:02:52;22.26;179620.00;34.00;1007.94;44;44;0.67;3
2025-10-01 12:02:53;22.26;181169.00;34.00;1007.94;44;44;0.67;3
2025-10-01 12:02:54;22.27;180005.00;34.00;1007.94;44;44;0.67;3
2025-10-01 12:02:55;22.27;180391.00;34.00;1007.94;44;45;0.68;3
2025-10-01 12:02:56;22.27;180005.00;34.00;1007.94;44;45;0.68;3
2025-10-01 12:02:57;22.27;179429.00;34.00;1007.92;44;45;0.68;3
2025-10-01 12:02:58;22.27;180198.00;34.00;1007.94;45;46;0.68;3
2025-10-01 12:02:59;22.27;182546.00;34.00;1007.94;45;46;0.68;3
2025-10-01 12:03:00;22.27;181364.00;34.00;1007.90;45;46;0.68;3
2025-10-01 12:03:01;22.26;182150.00;34.00;1007.90;44;44;0.67;3
2025-10-01 12:03:02;22.26;180779.00;34.00;1007.90;44;44;0.67;3
2025-10-01 12:03:03;22.26;179237.00;34.00;1007.90;44;44;0.67;3
2025-10-01 12:03:04;22.26;180779.00;34.00;1007.92;44;44;0.67;3
2025-10-01 12:03:05;22.26;182546.00;34.00;1007.90;44;45;0.67;3
2025-10-01 12:03:06;22.26;178856.00;34.00;1007.92;44;45;0.67;3
2025-10-01 12:03:07;22.26;181364.00;34.00;1007.92;44;45;0.67;3
2025-10-01 12:03:08;22.26;179429.00;34.00;1007.92;44;44;0.67;3
2025-10-01 12:03:09;22.26;181364.00;34.00;1007.88;44;44;0.67;3
2025-10-01 12:03:10;22.26;182150.00;34.00;1007.90;44;44;0.67;3
2025-10-01 12:03:11;22.26;180005.00;34.00;1007.90;43;43;0.66;3
2025-10-01 12:03:12;22.26;178856.00;34.00;1007.90;43;43;0.66;3
2025-10-01 12:03:13;22.26;178287.00;35.00;1007.88;43;43;0.66;3
2025-10-01 12:03:14;22.27;181364.00;35.00;1007.88;45;46;0.68;3
2025-10-01 12:03:15;22.26;179237.00;35.00;1007.88;45;46;0.68;3
2025-10-01 12:03:16;22.27;179429.00;35.00;1007.90;45;46;0.68;3
2025-10-01 12:03:17;22.27;179812.00;35.00;1007.90;45;46;0.69;3
2025-10-01 12:03:18;22.28;180779.00;35.00;1007.90;45;46;0.69;3
2025-10-01 12:03:19;22.28;180779.00;35.00;1007.90;45;46;0.69;3
2025-10-01 12:03:20;22.27;178287.00;35.00;1007.92;44;45;0.68;3
2025-10-01 12:03:21;22.27;180779.00;35.00;1007.90;44;45;0.68;3
2025-10-01 12:03:22;22.28;181560.00;35.00;1007.90;44;45;0.68;3
2025-10-01 12:03:23;22.28;180005.00;35.00;1007.90;43;43;0.66;3
2025-10-01 12:03:24;22.29;180391.00;35.00;1007.88;43;43;0.66;3
2025-10-01 12:03:25;22.29;178476.00;35.00;1007.92;43;43;0.66;3
2025-10-01 12:03:26;22.29;179429.00;35.00;1007.92;44;45;0.67;3
2025-10-01 12:03:27;22.30;180779.00;35.00;1007.92;44;45;0.67;3
2025-10-01 12:03:28;22.29;179620.00;35.00;1007.90;44;45;0.67;3
2025-10-01 12:03:29;22.28;179620.00;35.00;1007.90;45;46;0.68;3
2025-10-01 12:03:30;22.28;181953.00;35.00;1007.90;45;46;0.68;3
2025-10-01 12:03:31;22.26;180974.00;35.00;1007.90;45;46;0.68;3
2025-10-01 12:03:32;22.26;180585.00;35.00;1007.92;44;44;0.67;3
2025-10-01 12:03:33;22.26;180198.00;35.00;1007.92;44;44;0.67;3
2025-10-01 12:03:34;22.27;178856.00;35.00;1007.90;44;44;0.67;3
2025-10-01 12:03:35;22.26;180974.00;35.00;1007.92;42;42;0.65;3
2025-10-01 12:03:36;22.27;178856.00;35.00;1007.92;42;42;0.65;3
2025-10-01 12:03:37;22.27;180005.00;35.00;1007.92;42;42;0.65;3
2025-10-01 12:03:38;22.27;178856.00;35.00;1007.92;42;42;0.65;3
2025-10-01 12:03:39;22.27;180585.00;35.00;1007.92;42;42;0.65;3
2025-10-01 12:03:40;22.28;180974.00;35.00;1007.92;42;42;0.65;3
2025-10-01 12:03:41;22.27;178098.00;35.00;1007.90;41;41;0.64;3
2025-10-01 12:03:42;22.27;179620.00;35.00;1007.92;41;41;0.64;3
2025-10-01 12:03:43;22.27;180391.00;35.00;1007.92;41;41;0.64;3
2025-10-01 12:03:44;22.27;180391.00;35.00;1007.94;42;43;0.65;3
2025-10-01 12:03:45;22.27;180005.00;35.00;1007.94;42;43;0.65;3
2025-10-01 12:03:46;22.27;178856.00;35.00;1007.92;42;43;0.65;3
2025-10-01 12:03:47;22.26;179237.00;35.00;1007.88;43;43;0.66;3
2025-10-01 12:03:48;22.27;180198.00;35.00;1007.90;43;43;0.66;3
2025-10-01 12:03:49;22.28;178666.00;35.00;1007.90;43;43;0.66;3
2025-10-01 12:03:50;22.28;180974.00;35.00;1007.90;42;42;0.65;3
2025-10-01 12:03:51;22.28;178856.00;35.00;1007.92;42;42;0.65;3
2025-10-01 12:03:52;22.28;180779.00;35.00;1007.90;42;42;0.65;3
2025-10-01 12:03:53;22.28;180391.00;35.00;1007.90;42;43;0.65;3
2025-10-01 12:03:54;22.28;180391.00;35.00;1007.90;42;43;0.65;3
2025-10-01 12:03:55;22.28;178666.00;35.00;1007.90;42;43;0.65;3
2025-10-01 12:03:56;22.27;178666.00;35.00;1007.92;39;40;0.63;3
2025-10-01 12:03:57;22.27;180005.00;35.00;1007.92;39;40;0.63;3
2025-10-01 12:03:58;22.27;178476.00;35.00;1007.90;39;40;0.63;3
2025-10-01 12:03:59;22.27;179046.00;35.00;1007.92;39;39;0.62;3
2025-10-01 12:04:00;22.27;178098.00;35.00;1007.90;39;39;0.62;3
2025-10-01 12:04:01;22.28;180585.00;35.00;1007.92;39;39;0.62;3
2025-10-01 12:04:02;22.28;177534.00;35.00;1007.92;40;40;0.63;3
2025-10-01 12:04:03;22.27;180005.00;35.00;1007.92;40;40;0.63;3
2025-10-01 12:04:04;22.27;177721.00;35.00;1007.92;40;40;0.63;3
2025-10-01 12:04:05;22.27;179812.00;35.00;1007.90;41;42;0.64;3
2025-10-01 12:04:06;22.28;180005.00;35.00;1007.90;41;42;0.64;3
2025-10-01 12:04:07;22.28;178287.00;35.00;1007.88;41;42;0.64;3
2025-10-01 12:04:08;22.28;179237.00;35.00;1007.88;42;43;0.65;3
2025-10-01 12:04:09;22.29;180391.00;35.00;1007.90;42;43;0.65;3
2025-10-01 12:04:10;22.30;177910.00;35.00;1007.88;42;43;0.65;3
2025-10-01 12:04:11;22.31;180585.00;35.00;1007.88;43;43;0.66;3
2025-10-01 12:04:12;22.31;177534.00;35.00;1007.90;43;43;0.66;3
2025-10-01 12:04:13;22.32;178476.00;35.00;1007.90;43;43;0.66;3
2025-10-01 12:04:14;22.32;178287.00;35.00;1007.90;42;43;0.65;3
2025-10-01 12:04:15;22.32;180198.00;35.00;1007.90;42;43;0.65;3
2025-10-01 12:04:16;22.30;179046.00;35.00;1007.90;42;43;0.65;3
2025-10-01 12:04:17;22.31;178098.00;35.00;1007.90;43;43;0.66;3
2025-10-01 12:04:18;22.30;179429.00;35.00;1007.88;43;43;0.66;3
2025-10-01 12:04:19;22.30;177534.00;35.00;1007.90;43;43;0.66;3
2025-10-01 12:04:20;22.30;177910.00;35.00;1007.90;42;43;0.65;3
2025-10-01 12:04:21;22.29;177347.00;35.00;1007.90;42;43;0.65;3
2025-10-01 12:04:22;22.29;177721.00;35.00;1007.88;42;43;0.65;3
2025-10-01 12:04:23;22.28;178098.00;35.00;1007.90;41;42;0.64;3
2025-10-01 12:04:24;22.28;179812.00;35.00;1007.92;41;42;0.64;3
2025-10-01 12:04:25;22.27;179620.00;35.00;1007.90;41;42;0.64;3
2025-10-01 12:04:26;22.27;178476.00;35.00;1007.90;42;42;0.65;3
2025-10-01 12:04:27;22.26;178287.00;35.00;1007.92;42;42;0.65;3
2025-10-01 12:04:28;22.25;177347.00;35.00;1007.94;42;42;0.65;3
2025-10-01 12:04:29;22.24;178856.00;35.00;1007.92;41;42;0.64;3
2025-10-01 12:04:30;22.24;181169.00;35.00;1007.92;41;42;0.64;3
2025-10-01 12:04:31;22.23;178287.00;34.00;1007.94;41;42;0.64;3
2025-10-01 12:04:32;22.23;178476.00;34.00;1007.94;41;42;0.64;3
2025-10-01 12:04:33;22.23;179046.00;34.00;1007.94;41;42;0.64;3
2025-10-01 12:04:34;22.22;180005.00;34.00;1007.94;41;42;0.64;3
2025-10-01 12:04:35;22.22;178476.00;34.00;1007.94;42;42;0.65;3
2025-10-01 12:04:36;22.22;180585.00;34.00;1007.94;42;42;0.65;3
2025-10-01 12:04:37;22.21;180391.00;34.00;1007.94;42;42;0.65;3
2025-10-01 12:04:38;22.20;179620.00;34.00;1007.92;42;43;0.65;3
2025-10-01 12:04:39;22.21;180198.00;34.00;1007.94;42;43;0.65;3
2025-10-01 12:04:40;22.21;178476.00;34.00;1007.96;42;43;0.65;3
2025-10-01 12:04:41;22.22;180005.00;34.00;1007.94;42;42;0.65;3
2025-10-01 12:04:42;22.22;177910.00;34.00;1007.94;42;42;0.65;3
2025-10-01 12:04:43;22.22;177910.00;34.00;1007.94;42;42;0.65;3
2025-10-01 12:04:44;22.22;178476.00;34.00;1007.94;41;42;0.64;3
2025-10-01 12:04:45;22.22;178098.00;34.00;1007.96;41;42;0.64;3
2025-10-01 12:04:46;22.21;177910.00;34.00;1007.96;41;42;0.64;3
2025-10-01 12:04:47;22.21;179046.00;34.00;1007.94;42;42;0.65;3
2025-10-01 12:04:48;22.21;178666.00;34.00;1007.94;42;42;0.65;3
2025-10-01 12:04:49;22.22;177910.00;34.00;1007.94;42;42;0.65;3
2025-10-01 12:04:50;22.21;179812.00;34.00;1007.94;42;42;0.65;3
2025-10-01 12:04:51;22.21;178287.00;34.00;1007.94;42;42;0.65;3
2025-10-01 12:04:52;22.22;179429.00;34.00;1007.94;42;42;0.65;3
2025-10-01 12:04:53;22.22;179429.00;34.00;1007.94;42;42;0.65;3
2025-10-01 12:04:54;22.22;178287.00;34.00;1007.92;42;43;0.65;3
2025-10-01 12:04:55;22.22;177721.00;34.00;1007.92;42;43;0.65;3
2025-10-01 12:04:56;22.22;177721.00;34.00;1007.96;42;43;0.65;3
2025-10-01 12:04:57;22.23;176787.00;34.00;1007.94;44;44;0.67;3
2025-10-01 12:04:58;22.23;179046.00;34.00;1007.94;44;44;0.67;3
2025-10-01 12:04:59;22.23;177347.00;34.00;1007.92;44;44;0.67;3
2025-10-01 12:05:00;22.24;178666.00;34.00;1007.94;46;46;0.69;3
2025-10-01 12:05:01;22.25;179429.00;34.00;1007.90;46;46;0.69;3
2025-10-01 12:05:02;22.25;179620.00;34.00;1007.94;46;46;0.69;3
2025-10-01 12:05:03;22.26;177347.00;34.00;1007.90;45;45;0.68;3
2025-10-01 12:05:04;22.26;177160.00;34.00;1007.92;45;45;0.68;3
2025-10-01 12:05:05;22.26;179429.00;34.00;1007.90;45;45;0.68;3
2025-10-01 12:05:06;22.26;177347.00;34.00;1007.90;44;45;0.68;3
2025-10-01 12:05:07;22.27;176973.00;34.00;1007.92;44;45;0.68;3
2025-10-01 12:05:08;22.27;177721.00;34.00;1007.92;44;45;0.68;3
2025-10-01 12:05:09;22.26;179237.00;34.00;1007.90;46;46;0.69;3
2025-10-01 12:05:10;22.26;176973.00;34.00;1007.92;46;46;0.69;3
2025-10-01 12:05:11;22.28;178666.00;34.00;1007.92;46;46;0.69;3
2025-10-01 12:05:12;22.27;177347.00;34.00;1007.92;46;46;0.69;3
2025-10-01 12:05:13;22.28;177721.00;34.00;1007.94;46;46;0.69;3
2025-10-01 12:05:14;22.28;176787.00;34.00;1007.92;46;46;0.69;3
2025-10-01 12:05:15;22.28;179046.00;34.00;1007.90;47;48;0.71;3
2025-10-01 12:05:16;22.29;179620.00;34.00;1007.92;47;48;0.71;3
2025-10-01 12:05:17;22.29;176973.00;34.00;1007.92;47;48;0.71;3
2025-10-01 12:05:18;22.29;178666.00;34.00;1007.92;49;49;0.72;3
2025-10-01 12:05:19;22.29;178476.00;34.00;1007.90;49;49;0.72;3
2025-10-01 12:05:20;22.30;178856.00;34.00;1007.90;49;49;0.72;3
2025-10-01 12:05:21;22.30;176787.00;34.00;1007.90;48;49;0.72;3
2025-10-01 12:05:22;22.31;178098.00;34.00;1007.88;48;49;0.72;3
2025-10-01 12:05:23;22.31;177160.00;34.00;1007.90;48;49;0.72;3
2025-10-01 12:05:24;22.31;178856.00;34.00;1007.90;49;50;0.73;3
2025-10-01 12:05:25;22.31;176787.00;34.00;1007.90;49;50;0.73;3
2025-10-01 12:05:26;22.31;176601.00;34.00;1007.90;49;50;0.73;3
2025-10-01 12:05:27;22.32;177721.00;34.00;1007.90;48;49;0.72;3
2025-10-01 12:05:28;22.31;176787.00;34.00;1007.90;48;49;0.72;3
2025-10-01 12:05:29;22.31;178666.00;34.00;1007.90;48;49;0.72;3
2025-10-01 12:05:30;22.32;178287.00;34.00;1007.90;48;48;0.71;3
2025-10-01 12:05:31;22.31;178856.00;34.00;1007.92;48;48;0.71;3
2025-10-01 12:05:32;22.31;176047.00;34.00;1007.90;48;48;0.71;3
2025-10-01 12:05:33;22.32;180779.00;34.00;1007.88;49;50;0.73;3
2025-10-01 12:05:34;22.31;179046.00;34.00;1007.90;49;50;0.73;3
2025-10-01 12:05:35;22.32;176416.00;34.00;1007.90;49;50;0.73;3
2025-10-01 12:05:36;22.31;178476.00;34.00;1007.88;48;49;0.72;3
2025-10-01 12:05:37;22.31;177347.00;34.00;1007.88;48;49;0.72;3
2025-10-01 12:05:38;22.32;178856.00;34.00;1007.86;48;49;0.72;3
2025-10-01 12:05:39;22.32;177347.00;34.00;1007.88;48;48;0.71;3
2025-10-01 12:05:40;22.33;175862.00;34.00;1007.90;48;48;0.71;3
2025-10-01 12:05:41;22.33;175862.00;34.00;1007.90;48;48;0.71;3
2025-10-01 12:05:42;22.33;178666.00;34.00;1007.88;48;48;0.71;3
2025-10-01 12:05:43;22.34;178287.00;34.00;1007.86;48;48;0.71;3
2025-10-01 12:05:44;22.35;176973.00;34.00;1007.90;48;48;0.71;3
2025-10-01 12:05:45;22.35;176601.00;34.00;1007.88;49;49;0.72;3
2025-10-01 12:05:46;22.35;177534.00;34.00;1007.88;49;49;0.72;3
2025-10-01 12:05:47;22.36;179046.00;34.00;1007.88;49;49;0.72;3
2025-10-01 12:05:48;22.36;178287.00;34.00;1007.86;49;49;0.72;3
2025-10-01 12:05:49;22.36;176231.00;34.00;1007.86;49;49;0.72;3
2025-10-01 12:05:50;22.37;176601.00;34.00;1007.88;49;49;0.72;3
2025-10-01 12:05:51;22.37;175679.00;34.00;1007.86;49;50;0.73;3
2025-10-01 12:05:52;22.38;178666.00;34.00;1007.86;49;50;0.73;3
2025-10-01 12:05:53;22.39;175495.00;34.00;1007.88;49;50;0.73;3
2025-10-01 12:05:54;22.39;177534.00;34.00;1007.86;50;50;0.73;3
2025-10-01 12:05:55;22.39;177721.00;34.00;1007.86;50;50;0.73;3
2025-10-01 12:05:56;22.39;177347.00;34.00;1007.86;50;50;0.73;3
2025-10-01 12:05:57;22.40;178856.00;34.00;1007.88;49;49;0.72;3
2025-10-01 12:05:58;22.39;178098.00;34.00;1007.86;49;49;0.72;3
2025-10-01 12:05:59;22.39;177534.00;34.00;1007.88;49;49;0.72;3
2025-10-01 12:06:00;22.39;176047.00;33.00;1007.88;50;50;0.73;3
2025-10-01 12:06:01;22.39;179429.00;33.00;1007.88;50;50;0.73;3
2025-10-01 12:06:02;22.39;178287.00;33.00;1007.88;50;50;0.73;3
2025-10-01 12:06:03;22.39;178287.00;33.00;1007.90;50;51;0.74;3
2025-10-01 12:06:04;22.39;177534.00;33.00;1007.88;50;51;0.74;3
2025-10-01 12:06:05;22.39;177160.00;33.00;1007.88;50;51;0.74;3
2025-10-01 12:06:06;22.38;178098.00;33.00;1007.86;50;50;0.73;3
2025-10-01 12:06:07;22.38;178476.00;33.00;1007.88;50;50;0.73;3
2025-10-01 12:06:08;22.39;177160.00;33.00;1007.88;50;50;0.73;3
2025-10-01 12:06:09;22.38;176787.00;33.00;1007.86;50;50;0.73;3
2025-10-01 12:06:10;22.39;178098.00;33.00;1007.88;50;50;0.73;3
2025-10-01 12:06:11;22.40;177160.00;33.00;1007.88;50;50;0.73;3
2025-10-01 12:06:12;22.39;177910.00;33.00;1007.88;50;51;0.74;3
2025-10-01 12:06:13;22.40;178098.00;33.00;1007.86;50;51;0.74;3
2025-10-01 12:06:14;22.40;175679.00;33.00;1007.88;50;51;0.74;3
2025-10-01 12:06:15;22.40;178098.00;33.00;1007.86;50;51;0.74;3
2025-10-01 12:06:16;22.40;179812.00;33.00;1007.86;50;51;0.74;3
2025-10-01 12:06:17;22.41;176973.00;33.00;1007.92;50;51;0.74;3
2025-10-01 12:06:18;22.41;175862.00;33.00;1007.86;53;53;0.77;3
2025-10-01 12:06:19;22.40;178856.00;33.00;1007.90;53;53;0.77;3
2025-10-01 12:06:20;22.41;179237.00;33.00;1007.92;53;53;0.77;3
2025-10-01 12:06:21;22.40;179237.00;33.00;1007.88;52;52;0.76;3
2025-10-01 12:06:22;22.39;179620.00;33.00;1007.90;52;52;0.76;3
2025-10-01 12:06:23;22.39;179812.00;33.00;1007.88;52;52;0.76;3
2025-10-01 12:06:24;22.38;180391.00;33.00;1007.88;51;52;0.75;3
2025-10-01 12:06:25;22.35;178666.00;33.00;1007.88;51;52;0.75;3
2025-10-01 12:06:26;22.34;179429.00;33.00;1007.86;51;52;0.75;3
2025-10-01 12:06:27;22.35;180391.00;33.00;1007.86;50;50;0.73;3
2025-10-01 12:06:28;22.34;178856.00;33.00;1007.88;50;50;0.73;3
2025-10-01 12:06:29;22.33;180198.00;33.00;1007.90;50;50;0.73;3
2025-10-01 12:06:30;22.32;181364.00;33.00;1007.88;50;50;0.73;3
2025-10-01 12:06:31;22.32;180198.00;33.00;1007.88;50;50;0.73;3
2025-10-01 12:06:32;22.31;179812.00;33.00;1007.88;50;50;0.73;3
2025-10-01 12:06:33;22.29;181364.00;33.00;1007.90;50;51;0.74;3
2025-10-01 12:06:34;22.29;181169.00;33.00;1007.90;50;51;0.74;3
2025-10-01 12:06:35;22.29;181560.00;33.00;1007.88;50;51;0.74;3
2025-10-01 12:06:36;22.28;182546.00;33.00;1007.92;48;48;0.71;3
2025-10-01 12:06:37;22.25;181756.00;34.00;1007.92;48;48;0.71;3
2025-10-01 12:06:38;22.21;180974.00;34.00;1007.86;48;48;0.71;3
2025-10-01 12:06:39;22.18;181560.00;34.00;1007.90;46;47;0.70;3
2025-10-01 12:06:40;22.20;181364.00;34.00;1007.88;46;47;0.70;3
2025-10-01 12:06:41;22.23;179620.00;34.00;1007.90;46;47;0.70;3
2025-10-01 12:06:42;22.26;182546.00;34.00;1007.90;46;47;0.70;3
2025-10-01 12:06:43;22.27;181560.00;34.00;1007.92;45;45;0.68;3
2025-10-01 12:06:44;22.27;183342.00;34.00;1007.90;45;45;0.68;3
2025-10-01 12:06:45;22.27;182546.00;34.00;1007.90;45;45;0.68;3
2025-10-01 12:06:46;22.27;182546.00;33.00;1007.88;43;44;0.66;3
2025-10-01 12:06:47;22.27;181364.00;33.00;1007.90;43;44;0.66;3
2025-10-01 12:06:48;22.27;183542.00;33.00;1007.88;43;44;0.66;3
2025-10-01 12:06:49;22.27;182546.00;33.00;1007.90;42;42;0.65;3
2025-10-01 12:06:50;22.27;180391.00;33.00;1007.90;42;42;0.65;3
2025-10-01 12:06:51;22.28;182744.00;33.00;1007.88;42;42;0.65;3
2025-10-01 12:06:52;22.28;180585.00;33.00;1007.88;42;42;0.65;3
2025-10-01 12:06:53;22.28;182943.00;33.00;1007.90;42;42;0.65;3
2025-10-01 12:06:54;22.29;180779.00;33.00;1007.88;42;42;0.65;3
2025-10-01 12:06:55;22.28;183142.00;33.00;1007.88;44;44;0.67;3
2025-10-01 12:06:56;22.26;183342.00;33.00;1007.90;44;44;0.67;3
2025-10-01 12:06:57;22.25;182150.00;33.00;1007.92;44;44;0.67;3
2025-10-01 12:06:58;22.23;183142.00;33.00;1007.92;44;44;0.67;3
2025-10-01 12:06:59;22.22;181364.00;33.00;1007.92;44;44;0.67;3
2025-10-01 12:07:00;22.23;181364.00;33.00;1007.94;44;44;0.67;3
2025-10-01 12:07:01;22.19;183142.00;33.00;1007.90;45;45;0.68;3
2025-10-01 12:07:02;22.15;181953.00;33.00;1007.90;45;45;0.68;3
2025-10-01 12:07:03;22.06;182943.00;33.00;1007.92;45;45;0.68;3
2025-10-01 12:07:04;22.01;185363.00;33.00;1007.92;44;45;0.67;3
2025-10-01 12:07:05;21.97;183542.00;33.00;1007.88;44;45;0.67;3
2025-10-01 12:07:06;21.96;183342.00;33.00;1007.88;44;45;0.67;3
2025-10-01 12:07:07;21.98;183743.00;33.00;1007.92;45;45;0.68;3
2025-10-01 12:07:08;21.98;184752.00;33.00;1007.92;45;45;0.68;3
2025-10-01 12:07:09;21.99;183743.00;33.00;1007.94;45;45;0.68;3
2025-10-01 12:07:10;21.98;183542.00;33.00;1007.92;44;44;0.67;3
2025-10-01 12:07:11;22.00;184145.00;33.00;1007.92;44;44;0.67;3
2025-10-01 12:07:12;22.01;186184.00;33.00;1007.92;44;44;0.67;3
2025-10-01 12:07:13;22.01;181169.00;33.00;1007.92;43;43;0.66;3
2025-10-01 12:07:14;22.01;183542.00;33.00;1007.92;43;43;0.66;3
2025-10-01 12:07:15;22.02;183743.00;33.00;1007.92;43;43;0.66;3
2025-10-01 12:07:16;22.02;182943.00;33.00;1007.94;43;43;0.66;3
2025-10-01 12:07:17;22.01;183342.00;33.00;1007.92;43;43;0.66;3
2025-10-01 12:07:18;22.02;182546.00;33.00;1007.92;43;43;0.66;3
2025-10-01 12:07:19;22.02;182943.00;33.00;1007.90;42;42;0.65;3
2025-10-01 12:07:20;22.02;184549.00;33.00;1007.92;42;42;0.65;3
2025-10-01 12:07:21;22.02;182150.00;33.00;1007.92;42;42;0.65;3
2025-10-01 12:07:22;22.02;183142.00;33.00;1007.92;44;44;0.67;3
2025-10-01 12:07:23;22.01;183542.00;33.00;1007.92;44;44;0.67;3
2025-10-01 12:07:24;22.01;183142.00;33.00;1007.88;44;44;0.67;3
2025-10-01 12:07:25;22.01;182150.00;33.00;1007.90;44;45;0.67;3
2025-10-01 12:07:26;21.99;182943.00;33.00;1007.90;44;45;0.67;3
2025-10-01 12:07:27;21.97;182943.00;33.00;1007.86;44;45;0.67;3
2025-10-01 12:07:28;21.97;182943.00;34.00;1007.88;46;47;0.69;3
2025-10-01 12:07:29;21.96;182744.00;34.00;1007.88;46;47;0.69;3
2025-10-01 12:07:30;21.94;184752.00;34.00;1007.90;46;47;0.69;3
2025-10-01 12:07:31;21.92;182150.00;34.00;1007.88;44;45;0.68;3
2025-10-01 12:07:32;21.89;182943.00;34.00;1007.90;44;45;0.68;3
2025-10-01 12:07:33;21.88;182943.00;34.00;1007.90;44;45;0.68;3
2025-10-01 12:07:34;21.89;180391.00;34.00;1007.88;45;45;0.68;3
2025-10-01 12:07:35;21.90;183542.00;34.00;1007.86;45;45;0.68;3
2025-10-01 12:07:36;21.88;184145.00;34.00;1007.88;45;45;0.68;3
2025-10-01 12:07:37;21.86;183743.00;34.00;1007.90;45;45;0.68;3
2025-10-01 12:07:38;21.86;182943.00;34.00;1007.88;45;45;0.68;3
2025-10-01 12:07:39;21.88;181560.00;34.00;1007.88;45;45;0.68;3
2025-10-01 12:07:40;21.88;182943.00;34.00;1007.88;44;44;0.67;3
2025-10-01 12:07:41;21.88;184145.00;34.00;1007.88;44;44;0.67;3
2025-10-01 12:07:42;21.89;182744.00;34.00;1007.88;44;44;0.67;3
2025-10-01 12:07:43;21.89;182348.00;34.00;1007.88;45;45;0.68;3
2025-10-01 12:07:44;21.90;180779.00;34.00;1007.90;45;45;0.68;3
2025-10-01 12:07:45;21.90;179429.00;34.00;1007.88;45;45;0.68;3
2025-10-01 12:07:46;21.91;182150.00;34.00;1007.88;46;46;0.69;3
2025-10-01 12:07:47;21.90;182150.00;34.00;1007.88;46;46;0.69;3
2025-10-01 12:07:48;21.91;181364.00;34.00;1007.86;46;46;0.69;3
2025-10-01 12:07:49;21.91;180779.00;34.00;1007.86;47;48;0.71;3
2025-10-01 12:07:50;21.92;180585.00;34.00;1007.88;47;48;0.71;3
2025-10-01 12:07:51;21.92;180779.00;34.00;1007.88;47;48;0.71;3
2025-10-01 12:07:52;21.93;181756.00;34.00;1007.88;50;51;0.74;3
2025-10-01 12:07:53;21.93;182150.00;34.00;1007.88;50;51;0.74;3
2025-10-01 12:07:54;21.93;180391.00;34.00;1007.86;50;51;0.74;3
2025-10-01 12:07:55;21.94;179429.00;34.00;1007.84;50;51;0.74;3
2025-10-01 12:07:56;21.93;180585.00;34.00;1007.86;50;51;0.74;3
2025-10-01 12:07:57;21.93;180779.00;34.00;1007.86;50;51;0.74;3
2025-10-01 12:07:58;21.92;180005.00;34.00;1007.86;51;52;0.75;3
2025-10-01 12:07:59;21.93;180585.00;34.00;1007.88;51;52;0.75;3
2025-10-01 12:08:00;21.93;180585.00;34.00;1007.88;51;52;0.75;3
2025-10-01 12:08:01;21.92;180198.00;34.00;1007.88;53;54;0.77;3
2025-10-01 12:08:02;21.92;180585.00;34.00;1007.88;53;54;0.77;3
2025-10-01 12:08:03;21.92;181560.00;34.00;1007.88;53;54;0.77;3
2025-10-01 12:08:04;21.93;179812.00;34.00;1007.88;53;53;0.77;3
2025-10-01 12:08:05;21.93;177347.00;34.00;1007.90;53;53;0.77;3
2025-10-01 12:08:06;21.93;179812.00;34.00;1007.88;53;53;0.77;3
2025-10-01 12:08:07;21.93;179237.00;34.00;1007.88;53;53;0.77;3
2025-10-01 12:08:08;21.94;179046.00;34.00;1007.90;53;53;0.77;3
2025-10-01 12:08:09;21.94;179046.00;34.00;1007.90;53;53;0.77;3
2025-10-01 12:08:10;21.95;181169.00;34.00;1007.88;52;52;0.76;3
2025-10-01 12:08:11;21.95;180391.00;34.00;1007.88;52;52;0.76;3
2025-10-01 12:08:12;21.95;179620.00;34.00;1007.86;52;52;0.76;3
2025-10-01 12:08:13;21.96;179237.00;34.00;1007.90;54;55;0.79;3
2025-10-01 12:08:14;21.96;181560.00;34.00;1007.90;54;55;0.79;3
2025-10-01 12:08:15;21.96;178856.00;33.00;1007.90;54;55;0.79;3
2025-10-01 12:08:16;21.96;179812.00;33.00;1007.88;56;56;0.80;3
2025-10-01 12:08:17;21.97;179620.00;33.00;1007.88;56;56;0.80;3
2025-10-01 12:08:18;21.97;178287.00;33.00;1007.88;56;56;0.80;3
2025-10-01 12:08:19;21.97;179046.00;33.00;1007.86;56;57;0.81;3
2025-10-01 12:08:20;21.97;177910.00;33.00;1007.86;56;57;0.81;3
2025-10-01 12:08:21;21.97;180391.00;33.00;1007.92;56;57;0.81;3
2025-10-01 12:08:22;21.98;179429.00;33.00;1007.90;56;57;0.81;3
2025-10-01 12:08:23;21.98;180005.00;33.00;1007.90;56;57;0.81;3
2025-10-01 12:08:24;21.98;180391.00;33.00;1007.90;56;57;0.81;3
2025-10-01 12:08:25;21.99;178098.00;33.00;1007.88;58;58;0.83;3
2025-10-01 12:08:26;21.99;180005.00;33.00;1007.88;58;58;0.83;3
2025-10-01 12:08:27;21.99;178856.00;33.00;1007.90;58;58;0.83;3
2025-10-01 12:08:28;22.00;178098.00;33.00;1007.90;59;59;0.84;3
2025-10-01 12:08:29;22.00;178476.00;33.00;1007.90;59;59;0.84;3
2025-10-01 12:08:30;22.01;176231.00;33.00;1007.88;59;59;0.84;3
2025-10-01 12:08:31;22.01;178856.00;33.00;1007.88;59;59;0.84;3
2025-10-01 12:08:32;22.00;178856.00;33.00;1007.90;59;60;0.85;3
2025-10-01 12:08:33;22.01;179620.00;33.00;1007.90;59;60;0.85;3
2025-10-01 12:08:34;22.02;178287.00;33.00;1007.88;59;60;0.85;3
2025-10-01 12:08:35;22.02;178856.00;33.00;1007.88;60;60;0.85;3
2025-10-01 12:08:36;22.03;178287.00;33.00;1007.90;60;60;0.85;3
2025-10-01 12:08:37;22.03;177160.00;33.00;1007.90;60;60;0.85;3
2025-10-01 12:08:38;22.04;179620.00;33.00;1007.90;61;62;0.88;3
2025-10-01 12:08:39;22.04;178098.00;33.00;1007.88;61;62;0.88;3
2025-10-01 12:08:40;22.04;177721.00;33.00;1007.88;61;62;0.88;3
2025-10-01 12:08:41;22.04;182348.00;33.00;1007.88;62;63;0.88;3
2025-10-01 12:08:42;22.05;178476.00;33.00;1007.90;62;63;0.88;3
2025-10-01 12:08:43;22.05;178476.00;33.00;1007.88;62;63;0.88;3
2025-10-01 12:08:44;22.05;177160.00;33.00;1007.88;62;62;0.88;3
2025-10-01 12:08:45;22.05;178476.00;33.00;1007.90;62;62;0.88;3
2025-10-01 12:08:46;22.06;180198.00;33.00;1007.90;62;62;0.88;3
2025-10-01 12:08:47;22.06;177721.00;33.00;1007.88;60;61;0.86;3
2025-10-01 12:08:48;22.06;177910.00;33.00;1007.90;60;61;0.86;3
2025-10-01 12:08:49;22.06;177347.00;33.00;1007.88;60;61;0.86;3
2025-10-01 12:08:50;22.05;177347.00;33.00;1007.90;62;62;0.88;3
2025-10-01 12:08:51;22.07;180391.00;33.00;1007.88;62;62;0.88;3
2025-10-01 12:08:52;22.07;179237.00;33.00;1007.88;62;62;0.88;3
2025-10-01 12:08:53;22.06;177910.00;33.00;1007.86;61;62;0.87;3
2025-10-01 12:08:54;22.08;176787.00;33.00;1007.88;61;62;0.87;3
2025-10-01 12:08:55;22.09;177160.00;33.00;1007.90;61;62;0.87;3
2025-10-01 12:08:56;22.09;177721.00;33.00;1007.88;62;63;0.89;3
2025-10-01 12:08:57;22.10;176416.00;33.00;1007.88;62;63;0.89;3
2025-10-01 12:08:58;22.11;177910.00;33.00;1007.90;62;63;0.89;3
2025-10-01 12:08:59;22.11;178476.00;33.00;1007.88;62;63;0.89;3
2025-10-01 12:09:00;22.13;178098.00;33.00;1007.88;62;63;0.89;3
2025-10-01 12:09:01;22.13;177534.00;33.00;1007.90;62;63;0.89;3
2025-10-01 12:09:02;22.13;177160.00;33.00;1007.86;63;64;0.90;3
2025-10-01 12:09:03;22.14;178856.00;33.00;1007.88;63;64;0.90;3
2025-10-01 12:09:04;22.15;178856.00;33.00;1007.86;63;64;0.90;3
2025-10-01 12:09:05;22.15;176047.00;33.00;1007.86;64;64;0.91;3
2025-10-01 12:09:06;22.16;179429.00;33.00;1007.88;64;64;0.91;3
2025-10-01 12:09:07;22.16;176601.00;33.00;1007.86;64;64;0.91;3
2025-10-01 12:09:08;22.16;178476.00;33.00;1007.88;65;65;0.92;3
2025-10-01 12:09:09;22.17;175862.00;33.00;1007.90;65;65;0.92;3
2025-10-01 12:09:10;22.18;178287.00;33.00;1007.88;65;65;0.92;3
2025-10-01 12:09:11;22.18;177347.00;33.00;1007.86;63;64;0.90;3
2025-10-01 12:09:12;22.18;178856.00;33.00;1007.86;63;64;0.90;3
2025-10-01 12:09:13;22.18;177721.00;33.00;1007.86;63;64;0.90;3
2025-10-01 12:09:14;22.19;176416.00;33.00;1007.86;66;67;0.94;3
2025-10-01 12:09:15;22.18;176787.00;33.00;1007.84;66;67;0.94;3
2025-10-01 12:09:16;22.18;178476.00;33.00;1007.86;66;67;0.94;3
2025-10-01 12:09:17;22.19;176601.00;33.00;1007.86;65;65;0.92;3
2025-10-01 12:09:18;22.19;176787.00;33.00;1007.90;65;65;0.92;3
2025-10-01 12:09:19;22.20;178098.00;33.00;1007.88;65;65;0.92;3
2025-10-01 12:09:20;22.20;177347.00;33.00;1007.86;65;66;0.93;3
2025-10-01 12:09:21;22.20;176416.00;33.00;1007.88;65;66;0.93;3
2025-10-01 12:09:22;22.21;179046.00;33.00;1007.86;65;66;0.93;3
2025-10-01 12:09:23;22.22;177160.00;33.00;1007.88;65;66;0.93;3
2025-10-01 12:09:24;22.22;175130.00;33.00;1007.86;65;66;0.93;3
2025-10-01 12:09:25;22.23;176231.00;33.00;1007.88;65;66;0.93;3
2025-10-01 12:09:26;22.23;177910.00;33.00;1007.88;66;67;0.94;3
2025-10-01 12:09:27;22.24;176416.00;33.00;1007.86;66;67;0.94;3
2025-10-01 12:09:28;22.24;176047.00;33.00;1007.86;66;67;0.94;3
2025-10-01 12:09:29;22.23;178098.00;33.00;1007.88;67;68;0.96;3
2025-10-01 12:09:30;22.23;175495.00;33.00;1007.84;67;68;0.96;3
2025-10-01 12:09:31;22.23;175679.00;33.00;1007.86;67;68;0.96;3
2025-10-01 12:09:32;22.24;177347.00;33.00;1007.86;66;67;0.94;3
2025-10-01 12:09:33;22.24;175495.00;33.00;1007.86;66;67;0.94;3
2025-10-01 12:09:34;22.24;176416.00;34.00;1007.88;66;67;0.94;3
2025-10-01 12:09:35;22.24;174947.00;34.00;1007.88;67;68;0.95;3
2025-10-01 12:09:36;22.24;176047.00;34.00;1007.86;67;68;0.95;3
2025-10-01 12:09:37;22.26;177721.00;34.00;1007.88;67;68;0.95;3
2025-10-01 12:09:38;22.26;177160.00;34.00;1007.86;66;67;0.94;3
2025-10-01 12:09:39;22.27;176787.00;34.00;1007.86;66;67;0.94;3
2025-10-01 12:09:40;22.27;177347.00;34.00;1007.90;66;67;0.94;3
2025-10-01 12:09:41;22.27;178666.00;34.00;1007.88;64;65;0.92;3
2025-10-01 12:09:42;22.28;177721.00;34.00;1007.88;64;65;0.92;3
2025-10-01 12:09:43;22.28;176416.00;34.00;1007.88;64;65;0.92;3
2025-10-01 12:09:44;22.28;177347.00;34.00;1007.86;63;63;0.89;3
2025-10-01 12:09:45;22.29;175679.00;34.00;1007.88;63;63;0.89;3
2025-10-01 12:09:46;22.30;176047.00;34.00;1007.88;63;63;0.89;3
2025-10-01 12:09:47;22.30;176787.00;34.00;1007.88;62;63;0.89;3
2025-10-01 12:09:48;22.30;177534.00;34.00;1007.86;62;63;0.89;3
2025-10-01 12:09:49;22.30;175679.00;34.00;1007.86;62;63;0.89;3
2025-10-01 12:09:50;22.31;177721.00;34.00;1007.88;61;62;0.88;3
2025-10-01 12:09:51;22.32;177534.00;34.00;1007.86;61;62;0.88;3
2025-10-01 12:09:52;22.32;176047.00;34.00;1007.86;61;62;0.88;3
2025-10-01 12:09:53;22.32;176601.00;34.00;1007.84;61;62;0.88;3
2025-10-01 12:09:54;22.33;177160.00;34.00;1007.88;61;62;0.88;3
2025-10-01 12:09:55;22.34;176973.00;34.00;1007.86;61;62;0.88;3
2025-10-01 12:09:56;22.34;176231.00;34.00;1007.86;62;63;0.89;3
2025-10-01 12:09:57;22.35;177160.00;34.00;1007.88;62;63;0.89;3
2025-10-01 12:09:58;22.35;176787.00;34.00;1007.86;62;63;0.89;3
2025-10-01 12:09:59;22.36;174584.00;34.00;1007.84;61;62;0.88;3
2025-10-01 12:10:00;22.37;176973.00;34.00;1007.88;61;62;0.88;3
2025-10-01 12:10:01;22.37;175130.00;34.00;1007.86;61;62;0.88;3
2025-10-01 12:10:02;22.37;176416.00;34.00;1007.84;62;62;0.88;3
2025-10-01 12:10:03;22.39;176973.00;34.00;1007.86;62;62;0.88;3
2025-10-01 12:10:04;22.39;176787.00;34.00;1007.86;62;62;0.88;3
2025-10-01 12:10:05;22.40;175130.00;34.00;1007.84;61;62;0.88;3
2025-10-01 12:10:06;22.40;175312.00;34.00;1007.84;61;62;0.88;3
2025-10-01 12:10:07;22.41;175862.00;34.00;1007.88;61;62;0.88;3
2025-10-01 12:10:08;22.42;177347.00;34.00;1007.90;63;63;0.89;3
2025-10-01 12:10:09;22.42;176231.00;34.00;1007.88;63;63;0.89;3
2025-10-01 12:10:10;22.42;175130.00;34.00;1007.86;63;63;0.89;3
2025-10-01 12:10:11;22.42;174584.00;34.00;1007.86;64;64;0.91;3
2025-10-01 12:10:12;22.43;174584.00;34.00;1007.88;64;64;0.91;3
2025-10-01 12:10:13;22.43;176047.00;34.00;1007.90;64;64;0.91;3
2025-10-01 12:10:14;22.43;175862.00;34.00;1007.88;63;64;0.90;3
2025-10-01 12:10:15;22.42;175679.00;34.00;1007.88;63;64;0.90;3
2025-10-01 12:10:16;22.43;174222.00;34.00;1007.90;63;64;0.90;3
2025-10-01 12:10:17;22.43;177160.00;34.00;1007.88;61;62;0.87;3
2025-10-01 12:10:18;22.42;176231.00;34.00;1007.88;61;62;0.87;3
2025-10-01 12:10:19;22.41;176047.00;34.00;1007.90;61;62;0.87;3
2025-10-01 12:10:20;22.40;176231.00;34.00;1007.88;61;62;0.87;3
2025-10-01 12:10:21;22.39;175495.00;34.00;1007.86;61;61;0.87;3
2025-10-01 12:10:22;22.39;176973.00;34.00;1007.86;61;61;0.87;3
2025-10-01 12:10:23;22.39;177910.00;34.00;1007.88;61;61;0.87;3
2025-10-01 12:10:24;22.39;175862.00;34.00;1007.86;59;60;0.84;3
2025-10-01 12:10:25;22.38;177347.00;34.00;1007.86;59;60;0.84;3
2025-10-01 12:10:26;22.36;174947.00;34.00;1007.84;59;60;0.84;3
2025-10-01 12:10:27;22.36;177160.00;34.00;1007.86;60;61;0.86;3
2025-10-01 12:10:28;22.36;177534.00;34.00;1007.86;60;61;0.86;3
2025-10-01 12:10:29;22.35;177160.00;34.00;1007.88;60;61;0.86;3
2025-10-01 12:10:30;22.35;176047.00;34.00;1007.86;59;60;0.85;3
2025-10-01 12:10:31;22.34;174766.00;34.00;1007.86;59;60;0.85;3
2025-10-01 12:10:32;22.34;176416.00;34.00;1007.86;59;60;0.85;3
2025-10-01 12:10:33;22.33;177534.00;34.00;1007.88;59;59;0.84;3
2025-10-01 12:10:34;22.33;177160.00;34.00;1007.88;59;59;0.84;3
2025-10-01 12:10:35;22.32;176416.00;34.00;1007.86;59;59;0.84;3
2025-10-01 12:10:36;22.32;177347.00;34.00;1007.86;59;59;0.84;3
2025-10-01 12:10:37;22.32;176973.00;34.00;1007.86;59;59;0.84;3
2025-10-01 12:10:38;22.31;176787.00;34.00;1007.86;59;59;0.84;3
2025-10-01 12:10:39;22.32;177534.00;34.00;1007.88;58;59;0.83;3
2025-10-01 12:10:40;22.32;175862.00;34.00;1007.86;58;59;0.83;3
2025-10-01 12:10:41;22.32;174766.00;34.00;1007.86;58;59;0.83;3
2025-10-01 12:10:42;22.32;175312.00;34.00;1007.86;59;60;0.85;3
2025-10-01 12:10:43;22.32;177160.00;34.00;1007.86;59;60;0.85;3
2025-10-01 12:10:44;22.32;177347.00;34.00;1007.86;59;60;0.85;3
2025-10-01 12:10:45;22.31;177160.00;34.00;1007.86;58;58;0.83;3
2025-10-01 12:10:46;22.31;174403.00;34.00;1007.86;58;58;0.83;3
2025-10-01 12:10:47;22.31;175679.00;34.00;1007.84;58;58;0.83;3
2025-10-01 12:10:48;22.30;178287.00;34.00;1007.86;57;58;0.82;3
2025-10-01 12:10:49;22.30;176787.00;34.00;1007.86;57;58;0.82;3
2025-10-01 12:10:50;22.30;176973.00;34.00;1007.88;57;58;0.82;3
2025-10-01 12:10:51;22.30;177721.00;34.00;1007.88;57;57;0.82;3
2025-10-01 12:10:52;22.29;177160.00;34.00;1007.88;57;57;0.82;3
2025-10-01 12:10:53;22.29;177534.00;34.00;1007.86;57;57;0.82;3
2025-10-01 12:10:54;22.29;176416.00;34.00;1007.88;57;58;0.82;3
2025-10-01 12:10:55;22.29;177721.00;34.00;1007.86;57;58;0.82;3
2025-10-01 12:10:56;22.29;175679.00;34.00;1007.88;57;58;0.82;3
2025-10-01 12:10:57;22.29;177160.00;34.00;1007.86;57;58;0.82;3
2025-10-01 12:10:58;22.28;177534.00;34.00;1007.86;57;58;0.82;3
2025-10-01 12:10:59;22.28;177347.00;34.00;1007.86;57;58;0.82;3
2025-10-01 12:11:00;22.28;177910.00;34.00;1007.86;56;57;0.81;3
2025-10-01 12:11:01;22.27;178098.00;34.00;1007.86;56;57;0.81;3
2025-10-01 12:11:02;22.27;178666.00;34.00;1007.90;56;57;0.81;3
2025-10-01 12:11:03;22.27;176973.00;34.00;1007.86;55;55;0.79;3
2025-10-01 12:11:04;22.26;176231.00;34.00;1007.86;55;55;0.79;3
2025-10-01 12:11:05;22.26;177910.00;34.00;1007.88;55;55;0.79;3
2025-10-01 12:11:06;22.24;176787.00;34.00;1007.86;54;55;0.79;3
2025-10-01 12:11:07;22.24;178476.00;34.00;1007.88;54;55;0.79;3
2025-10-01 12:11:08;22.23;175679.00;34.00;1007.90;54;55;0.79;3
2025-10-01 12:11:09;22.22;178287.00;34.00;1007.88;55;56;0.80;3
2025-10-01 12:11:10;22.21;177721.00;34.00;1007.90;55;56;0.80;3
2025-10-01 12:11:11;22.20;178476.00;34.00;1007.88;55;56;0.80;3
2025-10-01 12:11:12;22.20;177160.00;34.00;1007.88;56;57;0.81;3
2025-10-01 12:11:13;22.19;177160.00;34.00;1007.90;56;57;0.81;3
2025-10-01 12:11:14;22.18;177534.00;34.00;1007.86;56;57;0.81;3
2025-10-01 12:11:15;22.18;176231.00;34.00;1007.88;56;57;0.81;3
2025-10-01 12:11:16;22.18;178856.00;34.00;1007.88;56;57;0.81;3
2025-10-01 12:11:17;22.17;178666.00;34.00;1007.88;56;57;0.81;3
2025-10-01 12:11:18;22.17;177910.00;34.00;1007.86;56;57;0.81;3
2025-10-01 12:11:19;22.16;176973.00;34.00;1007.88;56;57;0.81;3
2025-10-01 12:11:20;22.16;178666.00;34.00;1007.90;56;57;0.81;3
2025-10-01 12:11:21;22.15;177534.00;34.00;1007.90;54;54;0.78;3
2025-10-01 12:11:22;22.15;176787.00;34.00;1007.88;54;54;0.78;3
2025-10-01 12:11:23;22.14;178287.00;34.00;1007.88;54;54;0.78;3
2025-10-01 12:11:24;22.14;180779.00;34.00;1007.88;53;54;0.77;3
2025-10-01 12:11:25;22.14;180005.00;34.00;1007.88;53;54;0.77;3
2025-10-01 12:11:26;22.14;176601.00;34.00;1007.88;53;54;0.77;3
2025-10-01 12:11:27;22.14;177721.00;34.00;1007.88;53;53;0.77;3
2025-10-01 12:11:28;22.14;178287.00;34.00;1007.88;53;53;0.77;3
2025-10-01 12:11:29;22.14;177721.00;34.00;1007.88;53;53;0.77;3
2025-10-01 12:11:30;22.15;179046.00;34.00;1007.88;53;53;0.77;3
2025-10-01 12:11:31;22.15;178287.00;34.00;1007.88;53;53;0.77;3
2025-10-01 12:11:32;22.15;176787.00;34.00;1007.90;53;53;0.77;3
2025-10-01 12:11:33;22.15;179237.00;34.00;1007.90;51;52;0.75;3
2025-10-01 12:11:34;22.15;176601.00;34.00;1007.90;51;52;0.75;3
2025-10-01 12:11:35;22.15;178098.00;34.00;1007.90;51;52;0.75;3
2025-10-01 12:11:36;22.15;176973.00;34.00;1007.86;51;52;0.75;3
2025-10-01 12:11:37;22.15;178287.00;34.00;1007.90;51;52;0.75;3
2025-10-01 12:11:38;22.16;179812.00;34.00;1007.88;51;52;0.75;3
2025-10-01 12:11:39;22.16;178856.00;34.00;1007.88;52;52;0.76;3
2025-10-01 12:11:40;22.17;178098.00;34.00;1007.86;52;52;0.76;3
2025-10-01 12:11:41;22.17;176787.00;34.00;1007.88;52;52;0.76;3
2025-10-01 12:11:42;22.17;176787.00;34.00;1007.90;53;53;0.77;3
2025-10-01 12:11:43;22.17;176047.00;34.00;1007.88;53;53;0.77;3
2025-10-01 12:11:44;22.17;177347.00;34.00;1007.88;53;53;0.77;3
2025-10-01 12:11:45;22.18;176973.00;34.00;1007.86;54;54;0.78;3
2025-10-01 12:11:46;22.18;178856.00;34.00;1007.88;54;54;0.78;3
2025-10-01 12:11:47;22.18;177160.00;34.00;1007.88;54;54;0.78;3
2025-10-01 12:11:48;22.18;176973.00;34.00;1007.86;55;56;0.80;3
2025-10-01 12:11:49;22.19;178666.00;34.00;1007.86;55;56;0.80;3
2025-10-01 12:11:50;22.19;176787.00;34.00;1007.92;55;56;0.80;3
2025-10-01 12:11:51;22.20;178098.00;34.00;1007.90;56;56;0.80;3
2025-10-01 12:11:52;22.20;177160.00;34.00;1007.90;56;56;0.80;3
2025-10-01 12:11:53;22.21;176231.00;34.00;1007.88;56;56;0.80;3
2025-10-01 12:11:54;22.21;175495.00;34.00;1007.88;57;57;0.82;3
2025-10-01 12:11:55;22.21;178666.00;34.00;1007.90;57;57;0.82;3
2025-10-01 12:11:56;22.21;178476.00;34.00;1007.86;57;57;0.82;3
2025-10-01 12:11:57;22.21;176973.00;34.00;1007.88;56;57;0.81;3
2025-10-01 12:11:58;22.22;177721.00;34.00;1007.86;56;57;0.81;3
2025-10-01 12:11:59;22.22;178666.00;34.00;1007.86;56;57;0.81;3
2025-10-01 12:12:00;22.23;177910.00;34.00;1007.86;55;55;0.79;3
2025-10-01 12:12:01;22.22;179046.00;34.00;1007.86;55;55;0.79;3
2025-10-01 12:12:02;22.22;177347.00;34.00;1007.86;55;55;0.79;3
2025-10-01 12:12:03;22.22;177534.00;34.00;1007.88;55;55;0.79;3
2025-10-01 12:12:04;22.21;177910.00;34.00;1007.88;55;55;0.79;3
2025-10-01 12:12:05;22.20;177910.00;34.00;1007.84;55;55;0.79;3
2025-10-01 12:12:06;22.17;179237.00;34.00;1007.86;53;53;0.77;3
2025-10-01 12:12:07;22.12;178666.00;34.00;1007.86;53;53;0.77;3
2025-10-01 12:12:08;22.07;179620.00;34.00;1007.90;53;53;0.77;3
2025-10-01 12:12:09;22.01;180005.00;34.00;1007.88;53;53;0.77;3
2025-10-01 12:12:10;21.98;179620.00;34.00;1007.88;51;52;0.75;3
2025-10-01 12:12:11;21.96;179620.00;34.00;1007.88;51;52;0.75;3
2025-10-01 12:12:12;22.00;179429.00;34.00;1007.90;51;52;0.75;3
2025-10-01 12:12:13;22.00;180585.00;34.00;1007.88;51;51;0.74;3
2025-10-01 12:12:14;22.01;178856.00;34.00;1007.88;51;51;0.74;3
2025-10-01 12:12:15;22.03;179620.00;34.00;1007.88;51;51;0.74;3
2025-10-01 12:12:16;22.04;179429.00;34.00;1007.88;50;51;0.74;3
2025-10-01 12:12:17;22.05;181953.00;34.00;1007.88;50;51;0.74;3
2025-10-01 12:12:18;22.07;179812.00;35.00;1007.90;50;51;0.74;3
2025-10-01 12:12:19;22.08;179046.00;35.00;1007.88;49;50;0.73;3
2025-10-01 12:12:20;22.09;178476.00;35.00;1007.90;49;50;0.73;3
2025-10-01 12:12:21;22.10;181169.00;35.00;1007.88;49;50;0.73;3
2025-10-01 12:12:22;22.10;179046.00;35.00;1007.88;47;48;0.70;3
2025-10-01 12:12:23;22.10;179237.00;35.00;1007.86;47;48;0.70;3
2025-10-01 12:12:24;22.10;181953.00;35.00;1007.88;47;48;0.70;3
2025-10-01 12:12:25;22.10;179429.00;35.00;1007.88;45;45;0.68;3
2025-10-01 12:12:26;22.08;179620.00;35.00;1007.88;45;45;0.68;3
2025-10-01 12:12:27;22.06;179237.00;35.00;1007.88;45;45;0.68;3
2025-10-01 12:12:28;22.07;180005.00;35.00;1007.86;46;46;0.69;3
2025-10-01 12:12:29;22.07;179429.00;35.00;1007.88;46;46;0.69;3
2025-10-01 12:12:30;22.06;180005.00;35.00;1007.88;46;46;0.69;3
2025-10-01 12:12:31;22.05;180005.00;35.00;1007.90;46;46;0.69;3
2025-10-01 12:12:32;22.06;179237.00;35.00;1007.86;46;46;0.69;3
2025-10-01 12:12:33;22.08;179812.00;35.00;1007.88;46;46;0.69;3
2025-10-01 12:12:34;22.08;178287.00;35.00;1007.88;46;46;0.69;3
2025-10-01 12:12:35;22.09;178856.00;35.00;1007.90;46;46;0.69;3
2025-10-01 12:12:36;22.10;178666.00;35.00;1007.90;46;46;0.69;3
2025-10-01 12:12:37;22.10;180585.00;35.00;1007.86;47;47;0.70;3
2025-10-01 12:12:38;22.11;179812.00;35.00;1007.88;47;47;0.70;3
2025-10-01 12:12:39;22.12;178856.00;35.00;1007.92;47;47;0.70;3
2025-10-01 12:12:40;22.13;178666.00;35.00;1007.92;47;47;0.70;3
2025-10-01 12:12:41;22.14;179620.00;35.00;1007.90;47;47;0.70;3
2025-10-01 12:12:42;22.14;179429.00;35.00;1007.88;47;47;0.70;3
2025-10-01 12:12:43;22.15;179046.00;35.00;1007.90;46;47;0.70;3
2025-10-01 12:12:44;22.16;177347.00;35.00;1007.88;46;47;0.70;3
2025-10-01 12:12:45;22.17;177347.00;35.00;1007.90;46;47;0.70;3
2025-10-01 12:12:46;22.17;178476.00;35.00;1007.88;47;47;0.70;3
2025-10-01 12:12:47;22.17;176973.00;35.00;1007.90;47;47;0.70;3
2025-10-01 12:12:48;22.16;179429.00;35.00;1007.86;47;47;0.70;3
2025-10-01 12:12:49;22.16;176787.00;35.00;1007.88;48;48;0.71;3
2025-10-01 12:12:50;22.16;176416.00;35.00;1007.90;48;48;0.71;3
2025-10-01 12:12:51;22.15;177910.00;35.00;1007.90;48;48;0.71;3
2025-10-01 12:12:52;22.16;180198.00;35.00;1007.88;48;49;0.71;3
2025-10-01 12:12:53;22.15;178287.00;35.00;1007.88;48;49;0.71;3
2025-10-01 12:12:54;22.14;177910.00;35.00;1007.88;48;49;0.71;3
2025-10-01 12:12:55;22.14;176416.00;35.00;1007.88;48;48;0.71;3
2025-10-01 12:12:56;22.14;179046.00;35.00;1007.88;48;48;0.71;3
2025-10-01 12:12:57;22.13;178666.00;35.00;1007.86;48;48;0.71;3
2025-10-01 12:12:58;22.12;176973.00;35.00;1007.88;47;48;0.71;3
2025-10-01 12:12:59;22.12;178287.00;35.00;1007.88;47;48;0.71;3
2025-10-01 12:13:00;22.13;179620.00;35.00;1007.88;47;48;0.71;3
2025-10-01 12:13:01;22.12;177160.00;35.00;1007.88;47;48;0.71;3
2025-10-01 12:13:02;22.12;178098.00;35.00;1007.88;47;48;0.71;3
2025-10-01 12:13:03;22.12;178287.00;35.00;1007.88;47;48;0.71;3
2025-10-01 12:13:04;22.12;179237.00;35.00;1007.88;47;47;0.70;3
2025-10-01 12:13:05;22.11;178098.00;35.00;1007.88;47;47;0.70;3
2025-10-01 12:13:06;22.12;177910.00;34.00;1007.88;47;47;0.70;3
2025-10-01 12:13:07;22.11;176787.00;34.00;1007.88;48;49;0.71;3
2025-10-01 12:13:08;22.12;177534.00;34.00;1007.88;48;49;0.71;3
2025-10-01 12:13:09;22.10;177160.00;34.00;1007.86;48;49;0.71;3
2025-10-01 12:13:10;22.10;176973.00;34.00;1007.88;49;50;0.73;3
2025-10-01 12:13:11;22.10;177534.00;34.00;1007.90;49;50;0.73;3
2025-10-01 12:13:12;22.09;177160.00;34.00;1007.90;49;50;0.73;3
2025-10-01 12:13:13;22.09;177160.00;34.00;1007.86;49;50;0.73;3
2025-10-01 12:13:14;22.09;177347.00;34.00;1007.86;49;50;0.73;3
2025-10-01 12:13:15;22.09;179237.00;34.00;1007.90;49;50;0.73;3
2025-10-01 12:13:16;22.09;176973.00;34.00;1007.90;50;50;0.73;3
2025-10-01 12:13:17;22.09;177910.00;34.00;1007.90;50;50;0.73;3
2025-10-01 12:13:18;22.10;176973.00;34.00;1007.88;50;50;0.73;3
2025-10-01 12:13:19;22.10;178098.00;34.00;1007.88;51;51;0.74;3
2025-10-01 12:13:20;22.11;179046.00;34.00;1007.86;51;51;0.74;3
2025-10-01 12:13:21;22.11;178098.00;34.00;1007.86;51;51;0.74;3
2025-10-01 12:13:22;22.11;177160.00;34.00;1007.84;51;51;0.74;3
2025-10-01 12:13:23;22.11;180198.00;34.00;1007.88;51;51;0.74;3
2025-10-01 12:13:24;22.11;178476.00;34.00;1007.84;51;51;0.74;3
2025-10-01 12:13:25;22.11;177347.00;34.00;1007.88;51;52;0.75;3
2025-10-01 12:13:26;22.11;178666.00;34.00;1007.86;51;52;0.75;3
2025-10-01 12:13:27;22.13;177910.00;34.00;1007.86;51;52;0.75;3
2025-10-01 12:13:28;22.13;180005.00;34.00;1007.86;51;52;0.75;3
2025-10-01 12:13:29;22.13;178098.00;34.00;1007.86;51;52;0.75;3
2025-10-01 12:13:30;22.14;178287.00;34.00;1007.86;51;52;0.75;3
2025-10-01 12:13:31;22.15;177721.00;34.00;1007.86;51;51;0.74;3
2025-10-01 12:13:32;22.16;181364.00;34.00;1007.88;51;51;0.74;3
2025-10-01 12:13:33;22.16;176231.00;34.00;1007.86;51;51;0.74;3
2025-10-01 12:13:34;22.17;177910.00;34.00;1007.84;50;50;0.74;3
2025-10-01 12:13:35;22.18;178098.00;34.00;1007.86;50;50;0.74;3
2025-10-01 12:13:36;22.19;176973.00;34.00;1007.84;50;50;0.74;3
2025-10-01 12:13:37;22.19;178856.00;34.00;1007.82;49;50;0.73;3
2025-10-01 12:13:38;22.19;178476.00;34.00;1007.86;49;50;0.73;3
2025-10-01 12:13:39;22.20;178476.00;34.00;1007.86;49;50;0.73;3
2025-10-01 12:13:40;22.21;178666.00;34.00;1007.84;50;51;0.74;3
2025-10-01 12:13:41;22.22;175679.00;34.00;1007.86;50;51;0.74;3
2025-10-01 12:13:42;22.22;178287.00;33.00;1007.84;50;51;0.74;3
2025-10-01 12:13:43;22.22;177160.00;33.00;1007.84;50;50;0.73;3
2025-10-01 12:13:44;22.23;177160.00;34.00;1007.86;50;50;0.73;3
2025-10-01 12:13:45;22.24;177910.00;34.00;1007.86;50;50;0.73;3
2025-10-01 12:13:46;22.23;176601.00;34.00;1007.84;51;52;0.75;3
2025-10-01 12:13:47;22.24;178287.00;33.00;1007.84;51;52;0.75;3
2025-10-01 12:13:48;22.24;178287.00;33.00;1007.84;51;52;0.75;3
2025-10-01 12:13:49;22.25;179237.00;33.00;1007.88;51;52;0.75;3
2025-10-01 12:13:50;22.26;178476.00;33.00;1007.86;51;52;0.75;3
2025-10-01 12:13:51;22.26;175862.00;33.00;1007.84;51;52;0.75;3
2025-10-01 12:13:52;22.26;178287.00;33.00;1007.86;52;52;0.75;3
2025-10-01 12:13:53;22.27;177910.00;33.00;1007.86;52;52;0.75;3
2025-10-01 12:13:54;22.28;176601.00;33.00;1007.86;52;52;0.75;3
2025-10-01 12:13:55;22.28;178287.00;33.00;1007.84;52;52;0.76;3
2025-10-01 12:13:56;22.28;179812.00;33.00;1007.84;52;52;0.76;3
2025-10-01 12:13:57;22.29;178666.00;33.00;1007.86;52;52;0.76;3
2025-10-01 12:13:58;22.29;176231.00;33.00;1007.84;52;52;0.76;3
2025-10-01 12:13:59;22.29;176416.00;33.00;1007.84;54;55;0.78;3
2025-10-01 12:14:00;22.29;176231.00;33.00;1007.84;54;55;0.78;3
2025-10-01 12:14:01;22.30;176047.00;33.00;1007.84;54;55;0.78;3
2025-10-01 12:14:02;22.31;175862.00;33.00;1007.86;56;56;0.80;3
2025-10-01 12:14:03;22.31;178666.00;33.00;1007.86;56;56;0.80;3
2025-10-01 12:14:04;22.31;174947.00;33.00;1007.84;56;56;0.80;3
2025-10-01 12:14:05;22.31;175862.00;33.00;1007.84;58;59;0.83;3
2025-10-01 12:14:06;22.32;178098.00;33.00;1007.84;58;59;0.83;3
2025-10-01 12:14:07;22.32;177160.00;33.00;1007.84;58;59;0.83;3
2025-10-01 12:14:08;22.32;176973.00;33.00;1007.84;58;58;0.83;3
2025-10-01 12:14:09;22.32;175312.00;33.00;1007.86;58;58;0.83;3
2025-10-01 12:14:10;22.33;178287.00;33.00;1007.86;58;58;0.83;3
2025-10-01 12:14:11;22.33;175495.00;33.00;1007.84;57;57;0.81;3
2025-10-01 12:14:12;22.34;174947.00;33.00;1007.84;57;57;0.81;3
2025-10-01 12:14:13;22.34;174947.00;33.00;1007.82;57;57;0.81;3
2025-10-01 12:14:14;22.34;177160.00;33.00;1007.82;59;59;0.84;3
2025-10-01 12:14:15;22.35;177160.00;33.00;1007.84;59;59;0.84;3
2025-10-01 12:14:16;22.36;176047.00;33.00;1007.84;59;59;0.84;3
2025-10-01 12:14:17;22.36;175130.00;33.00;1007.84;59;60;0.85;3
2025-10-01 12:14:18;22.36;176973.00;33.00;1007.82;59;60;0.85;3
2025-10-01 12:14:19;22.37;175312.00;33.00;1007.84;59;60;0.85;3
2025-10-01 12:14:20;22.37;177347.00;33.00;1007.84;57;58;0.82;3
2025-10-01 12:14:21;22.38;176416.00;33.00;1007.84;57;58;0.82;3
2025-10-01 12:14:22;22.39;177721.00;33.00;1007.86;57;58;0.82;3
2025-10-01 12:14:23;22.39;176601.00;33.00;1007.84;57;58;0.82;3
2025-10-01 12:14:24;22.39;175679.00;33.00;1007.84;57;58;0.82;3
2025-10-01 12:14:25;22.40;177721.00;33.00;1007.84;57;58;0.82;3
2025-10-01 12:14:26;22.40;178287.00;33.00;1007.88;57;58;0.82;3
2025-10-01 12:14:27;22.41;176787.00;33.00;1007.88;57;58;0.82;3
2025-10-01 12:14:28;22.41;177160.00;33.00;1007.88;57;58;0.82;3
2025-10-01 12:14:29;22.42;177534.00;33.00;1007.86;58;58;0.83;3
2025-10-01 12:14:30;22.42;177160.00;33.00;1007.88;58;58;0.83;3
2025-10-01 12:14:31;22.43;176787.00;33.00;1007.88;58;58;0.83;3
2025-10-01 12:14:32;22.44;175679.00;33.00;1007.86;57;58;0.82;3
2025-10-01 12:14:33;22.44;174403.00;33.00;1007.88;57;58;0.82;3
2025-10-01 12:14:34;22.45;176601.00;33.00;1007.88;57;58;0.82;3
2025-10-01 12:14:35;22.45;176973.00;33.00;1007.88;58;59;0.83;3
2025-10-01 12:14:36;22.45;174403.00;33.00;1007.88;58;59;0.83;3
2025-10-01 12:14:37;22.46;176787.00;33.00;1007.86;58;59;0.83;3
2025-10-01 12:14:38;22.46;176787.00;33.00;1007.88;58;59;0.84;3
2025-10-01 12:14:39;22.47;176787.00;33.00;1007.88;58;59;0.84;3
2025-10-01 12:14:40;22.48;177910.00;33.00;1007.86;58;59;0.84;3
2025-10-01 12:14:41;22.48;176416.00;33.00;1007.86;57;58;0.82;3
2025-10-01 12:14:42;22.49;176416.00;33.00;1007.88;57;58;0.82;3
2025-10-01 12:14:43;22.49;176416.00;33.00;1007.86;57;58;0.82;3
2025-10-01 12:14:44;22.49;177534.00;33.00;1007.86;58;59;0.83;3
2025-10-01 12:14:45;22.49;178098.00;33.00;1007.86;58;59;0.83;3
2025-10-01 12:14:46;22.51;176416.00;33.00;1007.86;58;59;0.83;3
2025-10-01 12:14:47;22.51;175495.00;33.00;1007.86;58;59;0.83;3
2025-10-01 12:14:48;22.52;175679.00;34.00;1007.86;58;59;0.83;3
2025-10-01 12:14:49;22.52;176047.00;33.00;1007.86;58;59;0.83;3
2025-10-01 12:14:50;22.53;177721.00;34.00;1007.88;59;59;0.84;3
2025-10-01 12:14:51;22.53;178476.00;34.00;1007.86;59;59;0.84;3
2025-10-01 12:14:52;22.54;178098.00;34.00;1007.84;59;59;0.84;3
2025-10-01 12:14:53;22.54;175679.00;34.00;1007.88;59;59;0.84;3
2025-10-01 12:14:54;22.54;176416.00;34.00;1007.86;59;59;0.84;3
2025-10-01 12:14:55;22.55;176047.00;34.00;1007.86;59;59;0.84;3
2025-10-01 12:14:56;22.55;178098.00;33.00;1007.86;59;59;0.84;3
2025-10-01 12:14:57;22.56;176047.00;34.00;1007.84;59;59;0.84;3
2025-10-01 12:14:58;22.56;175679.00;34.00;1007.86;59;59;0.84;3
2025-10-01 12:14:59;22.57;175679.00;34.00;1007.84;59;59;0.84;3
2025-10-01 12:15:00;22.57;175312.00;34.00;1007.84;59;59;0.84;3
2025-10-01 12:15:01;22.58;175312.00;34.00;1007.86;59;59;0.84;3
2025-10-01 12:15:02;22.59;177160.00;34.00;1007.86;59;60;0.84;3
2025-10-01 12:15:03;22.60;175312.00;34.00;1007.84;59;60;0.84;3
2025-10-01 12:15:04;22.60;175130.00;34.00;1007.86;59;60;0.84;3
2025-10-01 12:15:05;22.61;174766.00;34.00;1007.84;58;59;0.83;3
2025-10-01 12:15:06;22.62;176973.00;34.00;1007.84;58;59;0.83;3
2025-10-01 12:15:07;22.62;175862.00;34.00;1007.88;58;59;0.83;3
2025-10-01 12:15:08;22.63;176047.00;34.00;1007.88;60;60;0.85;3
2025-10-01 12:15:09;22.63;173503.00;34.00;1007.86;60;60;0.85;3
2025-10-01 12:15:10;22.63;173862.00;34.00;1007.86;60;60;0.85;3
2025-10-01 12:15:11;22.63;176601.00;34.00;1007.84;59;59;0.84;3
2025-10-01 12:15:12;22.63;174584.00;33.00;1007.84;59;59;0.84;3
2025-10-01 12:15:13;22.63;171731.00;33.00;1007.84;59;59;0.84;3
2025-10-01 12:15:14;22.63;175495.00;33.00;1007.84;60;61;0.86;3
2025-10-01 12:15:15;22.63;174042.00;33.00;1007.84;60;61;0.86;3
2025-10-01 12:15:16;22.63;175495.00;33.00;1007.86;60;61;0.86;3
2025-10-01 12:15:17;22.63;174042.00;33.00;1007.86;61;62;0.87;3
2025-10-01 12:15:18;22.63;177160.00;33.00;1007.86;61;62;0.87;3
2025-10-01 12:15:19;22.63;174222.00;33.00;1007.86;61;62;0.87;3
2025-10-01 12:15:20;22.62;175495.00;33.00;1007.86;62;63;0.88;3
2025-10-01 12:15:21;22.62;175679.00;33.00;1007.82;62;63;0.88;3
2025-10-01 12:15:22;22.62;174766.00;33.00;1007.86;62;63;0.88;3
2025-10-01 12:15:23;22.61;176231.00;33.00;1007.82;62;63;0.89;3
2025-10-01 12:15:24;22.61;175130.00;33.00;1007.84;62;63;0.89;3
2025-10-01 12:15:25;22.61;174947.00;33.00;1007.84;62;63;0.89;3
2025-10-01 12:15:26;22.61;174042.00;33.00;1007.84;60;61;0.86;3
2025-10-01 12:15:27;22.60;176787.00;33.00;1007.82;60;61;0.86;3
2025-10-01 12:15:28;22.59;177160.00;33.00;1007.82;60;61;0.86;3
2025-10-01 12:15:29;22.60;174403.00;33.00;1007.84;61;62;0.87;3
2025-10-01 12:15:30;22.59;176231.00;33.00;1007.84;61;62;0.87;3
