timestamp;temperature;gas;humidity;barometer;IAQ;IAQ_S;VOCS;accuracy
2025-09-24 12:13:06;28.27;81917.00;37.00;1000.87;63;57;0.81;3
2025-09-24 12:13:06;28.27;82318.00;37.00;1000.90;63;57;0.81;3
2025-09-24 12:13:06;28.27;82318.00;37.00;1000.87;63;57;0.81;3
2025-09-24 12:13:06;28.27;82723.00;37.00;1000.87;64;57;0.82;3
2025-09-24 12:13:06;28.27;81758.00;37.00;1000.91;64;57;0.82;3
2025-09-24 12:13:06;28.27;82886.00;37.00;1000.90;64;57;28.27;81758.00;37.00;1000.90;66;59;0.83;3
2025-09-24 12:13:07;28.27;81997.00;37.00;1000.90;66;59;0.83;3
2025-09-24 12:13:08;28.27;81520.00;37.00;1000.90;66;59;0.83;3
2025-09-24 12:13:09;28.27;81205.00;37.00;1000.90;67;59;0.84;3
2025-09-24 12:13:10;28.27;81758.00;37.00;1000.91;67;59;0.84;3
2025-09-24 12:13:11;28.27;81837.00;37.00;1000.93;67;59;0.84;3
2025-09-24 12:13:12;28.28;82238.00;37.00;1000.91;66;58;0.83;3
2025-09-24 12:13:13;28.28;81283.00;37.00;1000.93;66;58;0.83;3
2025-09-24 12:13:14;28.28;81520.00;37.00;1000.93;66;58;0.83;3
2025-09-24 12:13:15;28.28;81441.00;37.00;1000.91;67;59;0.84;3
2025-09-24 12:13:16;28.28;81678.00;37.00;1000.93;67;59;0.84;3
2025-09-24 12:13:17;28.28;81599.00;37.00;1000.93;67;59;0.84;3
2025-09-24 12:13:19;28.28;81441.00;37.00;1000.93;67;59;0.84;3
2025-09-24 12:13:20;28.27;81758.00;37.00;1000.93;67;60;0.85;3
2025-09-24 12:13:21;28.28;81205.00;37.00;1000.95;67;60;0.85;3
2025-09-24 12:13:22;28.30;81599.00;37.00;1000.95;67;60;0.85;3
2025-09-24 12:13:23;28.30;81441.00;37.00;1000.95;67;60;0.85;3
2025-09-24 12:13:24;28.30;81917.00;37.00;1000.93;67;60;0.85;3
2025-09-24 12:13:25;28.30;81599.00;37.00;1000.93;67;60;0.85;3
2025-09-24 12:13:26;28.30;81678.00;37.00;1000.95;67;60;0.85;3
2025-09-24 12:13:26;28.31;81599.00;37.00;1000.95;67;60;0.85;3
2025-09-24 12:13:27;28.32;82238.00;37.00;1000.93;67;60;0.85;3
2025-09-24 12:13:28;28.32;81678.00;37.00;1000.91;66;59;0.83;3
2025-09-24 12:13:29;28.32;81997.00;37.00;1000.91;66;59;0.83;3
2025-09-24 12:13:30;28.33;81758.00;37.00;1000.93;66;59;0.83;3
2025-09-24 12:13:31;28.33;81205.00;37.00;1000.91;66;59;0.83;3
2025-09-24 12:13:32;28.33;81520.00;37.00;1000.93;66;59;0.83;3
2025-09-24 12:13:33;28.34;81758.00;37.00;1000.93;66;59;0.83;3
2025-09-24 12:13:34;28.34;81599.00;37.00;1000.91;66;59;0.83;3
2025-09-24 12:13:35;28.34;81997.00;37.00;1000.91;66;59;0.83;3
2025-09-24 12:13:36;28.34;81599.00;37.00;1000.91;66;59;0.83;3
2025-09-24 12:13:37;28.34;81441.00;37.00;1000.91;66;59;0.84;3
2025-09-24 12:13:38;28.35;81441.00;37.00;1000.91;66;59;0.84;3
2025-09-24 12:13:40;28.34;81837.00;37.00;1000.91;66;59;0.84;3
2025-09-24 12:13:41;28.35;82561.00;37.00;1000.90;66;59;0.83;3
2025-09-24 12:13:42;28.35;81997.00;37.00;1000.90;66;59;0.83;3
2025-09-24 12:13:43;28.35;81758.00;37.00;1000.90;66;59;0.83;3
2025-09-24 12:13:44;28.35;81678.00;37.00;1000.90;66;59;0.83;3
2025-09-24 12:13:45;28.35;82238.00;37.00;1000.90;66;59;0.83;3
2025-09-24 12:13:46;28.35;82077.00;37.00;1000.91;66;59;0.83;3
2025-09-24 12:13:46;28.35;81758.00;37.00;1000.93;66;59;0.83;3
2025-09-24 12:13:47;28.35;81520.00;37.00;1000.93;66;59;0.83;3
2025-09-24 12:13:48;28.36;82318.00;37.00;1000.91;66;59;0.83;3
2025-09-24 12:13:49;28.36;81997.00;37.00;1000.91;64;57;0.82;3
2025-09-24 12:13:50;28.36;82077.00;37.00;1000.91;64;57;0.82;3
2025-09-24 12:13:51;28.36;82238.00;37.00;1000.91;64;57;0.82;3
2025-09-24 12:13:52;28.36;82077.00;37.00;1000.90;64;57;0.82;3
2025-09-24 12:13:53;28.36;81678.00;37.00;1000.90;64;57;0.82;3
2025-09-24 12:13:54;28.37;81758.00;37.00;1000.90;64;57;0.82;3
2025-09-24 12:13:55;28.36;81520.00;37.00;1000.90;65;58;0.83;3
2025-09-24 12:13:56;28.37;81520.00;37.00;1000.90;65;58;0.83;3
2025-09-24 12:13:57;28.36;81917.00;37.00;1000.90;65;58;0.83;3
2025-09-24 12:13:59;28.37;81520.00;37.00;1000.91;65;58;0.82;3
2025-09-24 12:14:00;28.37;82238.00;37.00;1000.91;65;58;0.82;3
2025-09-24 12:14:01;28.37;81678.00;37.00;1000.90;65;58;0.82;3
2025-09-24 12:14:02;28.37;81520.00;37.00;1000.90;65;58;0.82;3
2025-09-24 12:14:03;28.38;81837.00;37.00;1000.91;65;58;0.82;3
2025-09-24 12:14:04;28.38;81678.00;37.00;1000.90;65;58;0.82;3
2025-09-24 12:14:05;28.38;82157.00;37.00;1000.91;65;58;0.82;3
2025-09-24 12:14:06;28.38;81837.00;37.00;1000.90;65;58;0.82;3
2025-09-24 12:14:06;28.38;81599.00;37.00;1000.91;65;58;0.82;3
2025-09-24 12:14:07;28.38;81599.00;37.00;1000.90;66;58;0.83;3
2025-09-24 12:14:08;28.39;81997.00;37.00;1000.91;66;58;0.83;3
2025-09-24 12:14:09;28.39;81283.00;37.00;1000.93;66;58;0.83;3
2025-09-24 12:14:10;28.39;81837.00;37.00;1000.93;66;59;0.84;3
2025-09-24 12:14:11;28.39;81678.00;37.00;1000.93;66;59;0.84;3
2025-09-24 12:14:12;28.39;81678.00;37.00;1000.91;66;59;0.84;3
2025-09-24 12:14:13;28.39;81205.00;37.00;1000.91;67;60;0.84;3
2025-09-24 12:14:14;28.40;81205.00;37.00;1000.91;67;60;0.84;3
2025-09-24 12:14:15;28.40;80970.00;37.00;1000.91;67;60;0.84;3
2025-09-24 12:14:16;28.39;80970.00;37.00;1000.90;68;60;0.85;3
2025-09-24 12:14:18;28.40;80892.00;37.00;1000.90;68;60;0.85;3
2025-09-24 12:14:19;28.40;81520.00;37.00;1000.90;68;60;0.85;3
2025-09-24 12:14:20;28.40;81678.00;37.00;1000.90;69;61;0.86;3
2025-09-24 12:14:21;28.40;81205.00;37.00;1000.90;69;61;0.86;3
2025-09-24 12:14:21;28.41;80428.00;37.00;1000.87;69;61;0.86;3
2025-09-24 12:14:22;28.41;80814.00;37.00;1000.91;68;61;0.86;3
2025-09-24 12:14:23;28.41;80659.00;37.00;1000.91;68;61;0.86;3
2025-09-24 12:14:24;28.41;80505.00;37.00;1000.90;68;61;0.86;3
2025-09-24 12:14:25;28.42;80659.00;37.00;1000.90;69;61;0.86;3
2025-09-24 12:14:26;28.41;80659.00;37.00;1000.91;69;61;0.86;3
2025-09-24 12:14:27;28.41;80892.00;37.00;1000.90;69;61;0.86;3
2025-09-24 12:14:28;28.41;80737.00;37.00;1000.90;69;61;0.87;3
2025-09-24 12:14:29;28.41;79968.00;37.00;1000.90;69;61;0.87;3
2025-09-24 12:14:30;28.41;80197.00;37.00;1000.90;69;61;0.87;3
2025-09-24 12:14:31;28.42;80582.00;37.00;1000.90;72;64;0.90;3
2025-09-24 12:14:32;28.42;80737.00;37.00;1000.90;72;64;0.90;3
2025-09-24 12:14:33;28.42;80582.00;37.00;1000.90;72;64;0.90;3
2025-09-24 12:14:35;28.42;79892.00;37.00;1000.90;73;65;0.91;3
2025-09-24 12:14:36;28.43;79515.00;37.00;1000.90;73;65;0.91;3
2025-09-24 12:14:37;28.43;79665.00;37.00;1000.91;73;65;0.91;3
2025-09-24 12:14:38;28.43;79968.00;37.00;1000.91;75;66;0.93;3
2025-09-24 12:14:39;28.43;80582.00;37.00;1000.91;75;66;0.93;3
2025-09-24 12:14:40;28.43;79741.00;37.00;1000.93;75;66;0.93;3
2025-09-24 12:14:41;28.43;79968.00;37.00;1001.09;76;67;0.95;3
2025-09-24 12:14:41;28.43;79741.00;37.00;1000.97;76;67;0.95;3
2025-09-24 12:14:42;28.43;79817.00;37.00;1000.93;76;67;0.95;3
2025-09-24 12:14:43;28.43;80351.00;37.00;1000.87;76;67;0.95;3
2025-09-24 12:14:44;28.43;79741.00;37.00;1000.91;76;67;0.95;3
2025-09-24 12:14:45;28.43;80197.00;37.00;1000.93;76;67;0.95;3
2025-09-24 12:14:46;28.44;80121.00;37.00;1000.91;75;66;0.94;3
2025-09-24 12:14:47;28.43;80428.00;37.00;1000.87;75;66;0.94;3
2025-09-24 12:14:49;28.43;80659.00;37.00;1000.91;75;66;0.94;3
2025-09-24 12:14:50;28.43;80197.00;37.00;1000.90;75;66;0.93;3
2025-09-24 12:14:51;28.43;80274.00;37.00;1000.91;75;66;0.93;3
2025-09-24 12:14:52;28.43;80197.00;37.00;1000.90;75;66;0.93;3
2025-09-24 12:14:53;28.44;80274.00;37.00;1000.90;75;66;0.94;3
2025-09-24 12:14:54;28.43;80274.00;37.00;1000.91;75;66;0.94;3
2025-09-24 12:14:55;28.43;80197.00;37.00;1000.90;75;66;0.94;3
2025-09-24 12:14:56;28.44;80045.00;37.00;1000.90;74;66;0.93;3
2025-09-24 12:14:56;28.43;80045.00;37.00;1000.90;74;66;0.93;3
2025-09-24 12:14:57;28.43;80428.00;37.00;1000.90;74;66;0.93;3
2025-09-24 12:14:58;28.44;80737.00;37.00;1000.91;73;65;0.91;3
2025-09-24 12:14:59;28.44;80737.00;37.00;1000.90;73;65;0.91;3
2025-09-24 12:15:00;28.44;80582.00;37.00;1000.90;73;65;0.91;3
2025-09-24 12:15:01;28.43;80197.00;37.00;1000.90;74;65;0.92;3
2025-09-24 12:15:02;28.44;80814.00;37.00;1000.90;74;65;0.92;3
2025-09-24 12:15:03;28.44;80582.00;37.00;1000.90;74;65;0.92;3
2025-09-24 12:15:04;28.44;80970.00;37.00;1000.90;73;64;0.91;3
2025-09-24 12:15:05;28.44;81283.00;37.00;1000.90;73;64;0.91;3
2025-09-24 12:15:06;28.45;80582.00;37.00;1000.90;73;64;0.91;3
2025-09-24 12:15:08;28.44;81048.00;37.00;1000.87;73;65;0.91;3
2025-09-24 12:15:09;28.45;80274.00;37.00;1000.90;73;65;0.91;3
2025-09-24 12:15:10;28.45;81362.00;37.00;1000.87;73;65;0.91;3
2025-09-24 12:15:11;28.45;80351.00;37.00;1000.90;73;65;0.91;3
2025-09-24 12:15:12;28.44;80737.00;37.00;1000.90;73;65;0.91;3
2025-09-24 12:15:13;28.45;80737.00;37.00;1000.90;73;65;0.91;3
2025-09-24 12:15:14;28.44;80505.00;37.00;1000.90;71;63;0.89;3
2025-09-24 12:15:15;28.45;80351.00;37.00;1000.90;71;63;0.89;3
2025-09-24 12:15:15;28.45;80892.00;37.00;1000.90;71;63;0.89;3
2025-09-24 12:15:16;28.45;80505.00;37.00;1000.91;70;62;0.88;3
2025-09-24 12:15:17;28.46;80428.00;37.00;1000.91;70;62;0.88;3
2025-09-24 12:15:18;28.45;81599.00;37.00;1000.91;70;62;0.88;3
2025-09-24 12:15:19;28.45;81048.00;37.00;1000.93;70;62;0.88;3
2025-09-24 12:15:20;28.46;81048.00;37.00;1000.93;70;62;0.88;3
2025-09-24 12:15:21;28.45;81126.00;37.00;1000.93;70;62;0.88;3
2025-09-24 12:15:22;28.45;80970.00;37.00;1000.91;69;62;0.87;3
2025-09-24 12:15:23;28.46;80351.00;37.00;1000.93;69;62;0.87;3
2025-09-24 12:15:24;28.46;80659.00;37.00;1000.95;69;62;0.87;3
2025-09-24 12:15:25;28.45;80582.00;37.00;1000.95;70;62;0.88;3
2025-09-24 12:15:26;28.44;80659.00;37.00;1000.95;70;62;0.88;3
2025-09-24 12:15:28;28.45;81048.00;37.00;1000.95;70;62;0.88;3
2025-09-24 12:15:29;28.45;80659.00;37.00;1000.95;70;62;0.88;3
2025-09-24 12:15:30;28.45;80892.00;37.00;1000.93;70;62;0.88;3
2025-09-24 12:15:31;28.46;81205.00;37.00;1000.93;70;62;0.88;3
2025-09-24 12:15:32;28.46;81048.00;37.00;1000.90;69;61;0.87;3
2025-09-24 12:15:33;28.45;81126.00;37.00;1000.90;69;61;0.87;3
2025-09-24 12:15:34;28.45;81126.00;37.00;1000.93;69;61;0.87;3
2025-09-24 12:15:35;28.45;80814.00;37.00;1000.93;69;61;0.87;3
2025-09-24 12:15:35;28.45;80428.00;37.00;1000.91;69;61;0.87;3
2025-09-24 12:15:36;28.46;80814.00;37.00;1000.91;69;61;0.87;3
2025-09-24 12:15:37;28.46;81362.00;37.00;1000.91;69;61;0.87;3
2025-09-24 12:15:38;28.46;81599.00;37.00;1000.91;68;60;0.85;3
2025-09-24 12:15:39;28.45;81126.00;37.00;1000.91;68;60;0.85;3
2025-09-24 12:15:40;28.46;81283.00;37.00;1000.91;68;60;0.85;3
2025-09-24 12:15:41;28.46;81283.00;37.00;1000.93;67;59;0.84;3
2025-09-24 12:15:42;28.45;80970.00;37.00;1000.91;67;59;0.84;3
2025-09-24 12:15:43;28.45;81048.00;37.00;1000.91;67;59;0.84;3
2025-09-24 12:15:44;28.46;80892.00;37.00;1000.91;67;60;0.84;3
2025-09-24 12:15:45;28.46;80737.00;37.00;1000.91;67;60;0.84;3
2025-09-24 12:15:47;28.46;81205.00;37.00;1000.93;67;60;0.84;3
2025-09-24 12:15:48;28.46;80814.00;37.00;1000.91;67;59;0.84;3
2025-09-24 12:15:49;28.45;80892.00;37.00;1000.91;67;59;0.84;3
2025-09-24 12:15:50;28.46;80814.00;37.00;1000.93;67;59;0.84;3
2025-09-24 12:15:51;28.46;81048.00;37.00;1000.91;67;60;0.85;3
2025-09-24 12:15:52;28.46;81283.00;37.00;1000.91;67;60;0.85;3
2025-09-24 12:15:52;28.46;80970.00;37.00;1000.91;67;60;0.85;3
2025-09-24 12:15:53;28.46;81205.00;37.00;1000.90;67;60;0.85;3
2025-09-24 12:15:54;28.45;80351.00;37.00;1000.90;67;60;0.85;3
2025-09-24 12:15:55;28.45;80892.00;37.00;1000.90;67;60;0.85;3
2025-09-24 12:15:56;28.45;80197.00;37.00;1000.90;67;60;0.85;3
2025-09-24 12:15:57;28.45;80970.00;37.00;1000.87;67;60;0.85;3
2025-09-24 12:15:58;28.45;80892.00;37.00;1000.90;67;60;0.85;3
2025-09-24 12:15:59;28.46;81362.00;37.00;1000.87;68;60;0.85;3
2025-09-24 12:16:00;28.45;81362.00;37.00;1000.90;68;60;0.85;3
2025-09-24 12:16:01;28.46;81126.00;37.00;1000.87;68;60;0.85;3
2025-09-24 12:16:02;28.46;80814.00;37.00;1000.90;66;59;0.84;3
2025-09-24 12:16:04;28.46;81837.00;37.00;1000.90;66;59;0.84;3
2025-09-24 12:16:05;28.45;81362.00;37.00;1000.90;66;59;0.84;3
2025-09-24 12:16:06;28.46;81205.00;36.00;1000.90;66;59;0.83;3
2025-09-24 12:16:07;28.46;81048.00;36.00;1000.90;66;59;0.83;3
2025-09-24 12:16:08;28.46;81205.00;36.00;1000.90;66;59;0.83;3
2025-09-24 12:16:09;28.46;81441.00;36.00;1000.91;66;59;0.84;3
2025-09-24 12:16:10;28.46;81283.00;36.00;1000.91;66;59;0.84;3
2025-09-24 12:16:11;28.46;81205.00;36.00;1000.91;66;59;0.84;3
2025-09-24 12:16:11;28.45;81126.00;36.00;1000.91;67;59;0.84;3
2025-09-24 12:16:12;28.46;81917.00;36.00;1000.91;67;59;0.84;3
2025-09-24 12:16:13;28.46;81126.00;36.00;1000.91;67;59;0.84;3
2025-09-24 12:16:14;28.46;81758.00;36.00;1000.91;65;58;0.82;3
2025-09-24 12:16:15;28.46;81283.00;36.00;1000.91;65;58;0.82;3
2025-09-24 12:16:16;28.46;81441.00;36.00;1000.91;65;58;0.82;3
2025-09-24 12:16:17;28.46;80970.00;36.00;1000.91;65;58;0.83;3
2025-09-24 12:16:18;28.46;80659.00;36.00;1000.93;65;58;0.83;3
2025-09-24 12:16:19;28.46;81441.00;36.00;1000.93;65;58;0.83;3
2025-09-24 12:16:20;28.46;81283.00;36.00;1000.91;65;58;0.83;3
2025-09-24 12:16:22;28.46;81599.00;36.00;1000.91;65;58;0.83;3
2025-09-24 12:16:23;28.46;81678.00;36.00;1000.91;65;58;0.83;3
2025-09-24 12:16:24;28.45;80659.00;36.00;1000.91;65;58;0.83;3
2025-09-24 12:16:25;28.46;81758.00;36.00;1000.91;65;58;0.83;3
2025-09-24 12:16:26;28.46;81205.00;36.00;1000.91;65;58;0.83;3
2025-09-24 12:16:27;28.46;81048.00;36.00;1000.93;67;60;0.85;3
2025-09-24 12:16:28;28.46;80582.00;36.00;1000.93;67;60;0.85;3
2025-09-24 12:16:28;28.46;80970.00;36.00;1000.91;67;60;0.85;3
2025-09-24 12:16:29;28.46;80892.00;36.00;1000.91;69;61;0.86;3
2025-09-24 12:16:30;28.46;80970.00;36.00;1000.91;69;61;0.86;3
2025-09-24 12:16:31;28.46;80892.00;36.00;1000.93;69;61;0.86;3
2025-09-24 12:16:32;28.46;81441.00;36.00;1000.93;70;62;0.88;3
2025-09-24 12:16:33;28.46;81441.00;36.00;1000.93;70;62;0.88;3
2025-09-24 12:16:34;28.46;81362.00;36.00;1000.93;70;62;0.88;3
2025-09-24 12:16:35;28.46;80814.00;36.00;1000.93;72;63;0.90;3
2025-09-24 12:16:36;28.46;80892.00;36.00;1000.93;72;63;0.90;3
2025-09-24 12:16:37;28.46;80814.00;36.00;1000.93;72;63;0.90;3
2025-09-24 12:16:39;28.46;81283.00;36.00;1000.93;71;63;0.89;3
2025-09-24 12:16:40;28.46;81758.00;36.00;1000.95;71;63;0.89;3
2025-09-24 12:16:41;28.46;81758.00;36.00;1000.95;71;63;0.89;3
2025-09-24 12:16:42;28.45;81205.00;36.00;1000.95;72;64;0.90;3
2025-09-24 12:16:43;28.45;81362.00;36.00;1000.93;72;64;0.90;3
2025-09-24 12:16:44;28.46;80814.00;36.00;1000.93;72;64;0.90;3
2025-09-24 12:16:45;28.46;81126.00;36.00;1000.93;70;62;0.88;3
2025-09-24 12:16:46;28.46;81441.00;36.00;1000.93;70;62;0.88;3
2025-09-24 12:16:46;28.45;81362.00;36.00;1000.95;70;62;0.88;3
2025-09-24 12:16:47;28.45;81362.00;36.00;1000.95;70;62;0.88;3
2025-09-24 12:16:48;28.46;81362.00;36.00;1000.95;70;62;0.88;3
2025-09-24 12:16:49;28.45;81283.00;36.00;1000.95;70;62;0.88;3
2025-09-24 12:16:50;28.45;80892.00;36.00;1000.91;72;64;0.90;3
2025-09-24 12:16:51;28.45;81048.00;36.00;1000.93;72;64;0.90;3
2025-09-24 12:16:52;28.45;81048.00;36.00;1000.95;72;64;0.90;3
2025-09-24 12:16:53;28.45;81837.00;36.00;1000.93;71;63;0.89;3
2025-09-24 12:16:54;28.44;81048.00;36.00;1000.93;71;63;0.89;3
2025-09-24 12:16:55;28.45;80892.00;36.00;1000.93;71;63;0.89;3
2025-09-24 12:16:57;28.44;81048.00;36.00;1000.91;72;63;0.89;3
2025-09-24 12:16:58;28.44;81441.00;36.00;1000.93;72;63;0.89;3
2025-09-24 12:16:59;28.44;80970.00;36.00;1000.91;72;63;0.89;3
2025-09-24 12:17:00;28.44;81599.00;36.00;1000.91;73;64;0.90;3
2025-09-24 12:17:01;28.45;81205.00;36.00;1000.91;73;64;0.90;3
2025-09-24 12:17:02;28.45;81441.00;36.00;1000.91;73;64;0.90;3
2025-09-24 12:17:03;28.45;81283.00;36.00;1000.91;73;64;0.91;3
2025-09-24 12:17:04;28.45;81441.00;36.00;1000.91;73;64;0.91;3
2025-09-24 12:17:04;28.45;81678.00;36.00;1000.91;73;64;0.91;3
2025-09-24 12:17:05;28.44;80892.00;36.00;1000.90;74;65;0.92;3
2025-09-24 12:17:06;28.45;81520.00;36.00;1000.91;74;65;0.92;3
2025-09-24 12:17:07;28.45;81362.00;36.00;1000.91;74;65;0.92;3
2025-09-24 12:17:08;28.43;81048.00;36.00;1000.91;73;64;0.91;3
2025-09-24 12:17:09;28.44;81126.00;36.00;1000.90;73;64;0.91;3
2025-09-24 12:17:10;28.45;81283.00;36.00;1000.90;73;64;0.91;3
2025-09-24 12:17:11;28.45;80892.00;36.00;1000.90;72;64;0.90;3
2025-09-24 12:17:12;28.45;80970.00;36.00;1000.90;72;64;0.90;3
2025-09-24 12:17:14;28.45;80970.00;36.00;1000.91;72;64;0.90;3
2025-09-24 12:17:15;28.46;81599.00;36.00;1000.91;73;65;0.91;3
2025-09-24 12:17:16;28.45;81758.00;36.00;1000.91;73;65;0.91;3
2025-09-24 12:17:17;28.45;81758.00;36.00;1000.90;73;65;0.91;3
2025-09-24 12:17:18;28.45;82157.00;36.00;1000.91;71;63;0.89;3
2025-09-24 12:17:19;28.45;81362.00;36.00;1000.91;71;63;0.89;3
2025-09-24 12:17:20;28.46;81205.00;36.00;1000.90;71;63;0.89;3
2025-09-24 12:17:20;28.45;81441.00;36.00;1000.91;71;63;0.89;3
2025-09-24 12:17:21;28.45;81520.00;36.00;1000.91;71;63;0.89;3
2025-09-24 12:17:22;28.46;81837.00;36.00;1000.93;71;63;0.89;3
2025-09-24 12:17:23;28.46;81678.00;36.00;1000.93;72;64;0.90;3
2025-09-24 12:17:24;28.45;81837.00;36.00;1000.93;72;64;0.90;3
2025-09-24 12:17:25;28.46;81678.00;36.00;1000.95;72;64;0.90;3
2025-09-24 12:17:26;28.46;81758.00;36.00;1000.93;74;65;0.92;3
2025-09-24 12:17:27;28.45;81599.00;36.00;1000.95;74;65;0.92;3
2025-09-24 12:17:28;28.46;82077.00;36.00;1000.93;74;65;0.92;3
2025-09-24 12:17:29;28.45;81205.00;36.00;1000.93;74;65;0.92;3
2025-09-24 12:17:31;28.46;81283.00;36.00;1000.93;74;65;0.92;3
2025-09-24 12:17:32;28.46;81678.00;36.00;1000.93;74;65;0.92;3
2025-09-24 12:17:33;28.46;81362.00;36.00;1000.93;72;64;0.90;3
2025-09-24 12:17:34;28.46;80737.00;36.00;1000.93;72;64;0.90;3
2025-09-24 12:17:35;28.46;81758.00;36.00;1000.91;72;64;0.90;3
2025-09-24 12:17:36;28.46;81758.00;36.00;1000.90;71;63;0.89;3
2025-09-24 12:17:37;28.46;82642.00;36.00;1000.90;71;63;0.89;3
2025-09-24 12:17:38;28.46;82077.00;36.00;1000.91;71;63;0.89;3
2025-09-24 12:17:39;28.46;81441.00;36.00;1000.90;72;63;0.89;3
2025-09-24 12:17:39;28.46;81048.00;36.00;1000.90;72;63;0.89;3
2025-09-24 12:17:40;28.47;81837.00;36.00;1000.95;72;63;0.89;3
2025-09-24 12:17:41;28.47;81362.00;36.00;1000.87;72;64;0.90;3
2025-09-24 12:17:42;28.46;81917.00;36.00;1000.87;72;64;0.90;3
2025-09-24 12:17:43;28.47;81758.00;36.00;1000.87;72;64;0.90;3
2025-09-24 12:17:44;28.47;80892.00;36.00;1000.87;74;65;0.92;3
2025-09-24 12:17:45;28.47;81126.00;36.00;1000.85;74;65;0.92;3
2025-09-24 12:17:46;28.47;81758.00;36.00;1000.91;74;65;0.92;3
2025-09-24 12:17:48;28.47;82077.00;36.00;1000.91;74;65;0.92;3
2025-09-24 12:17:49;28.47;81678.00;36.00;1000.85;72;64;0.90;3
2025-09-24 12:17:50;28.47;81678.00;36.00;1000.85;72;64;0.90;3
2025-09-24 12:17:51;28.46;81837.00;36.00;1000.91;72;64;0.90;3
2025-09-24 12:17:52;28.47;81837.00;36.00;1000.91;72;63;0.89;3
2025-09-24 12:17:53;28.47;81837.00;36.00;1000.91;72;63;0.89;3
2025-09-24 12:17:54;28.47;81678.00;36.00;1000.91;72;63;0.89;3
2025-09-24 12:17:55;28.46;81283.00;36.00;1000.85;72;63;0.89;3
2025-09-24 12:17:56;28.47;81758.00;36.00;1000.85;72;63;0.89;3
2025-09-24 12:17:56;28.47;81917.00;36.00;1000.85;72;63;0.89;3
2025-09-24 12:17:57;28.47;81758.00;36.00;1000.91;71;63;0.89;3
2025-09-24 12:17:58;28.47;81837.00;36.00;1000.91;71;63;0.89;3
2025-09-24 12:17:59;28.47;82077.00;36.00;1000.91;71;63;0.89;3
2025-09-24 12:18:00;28.47;81283.00;36.00;1000.91;70;62;0.88;3
2025-09-24 12:18:01;28.47;81837.00;36.00;1000.91;70;62;0.88;3
2025-09-24 12:18:02;28.47;82077.00;36.00;1000.91;70;62;0.88;3
2025-09-24 12:18:03;28.47;81837.00;36.00;1000.85;70;62;0.88;3
2025-09-24 12:18:04;28.47;81048.00;36.00;1000.91;70;62;0.88;3
2025-09-24 12:18:06;28.47;81362.00;36.00;1000.90;70;62;0.88;3
2025-09-24 12:18:07;28.47;81599.00;36.00;1000.90;71;63;0.89;3
2025-09-24 12:18:08;28.47;81917.00;36.00;1000.91;71;63;0.89;3
2025-09-24 12:18:09;28.47;81283.00;36.00;1000.91;71;63;0.89;3
2025-09-24 12:18:10;28.47;81837.00;36.00;1000.91;72;64;0.90;3
2025-09-24 12:18:11;28.47;81205.00;36.00;1000.91;72;64;0.90;3
2025-09-24 12:18:12;28.48;81205.00;36.00;1000.90;72;64;0.90;3
2025-09-24 12:18:13;28.48;81917.00;36.00;1000.90;73;65;0.91;3
2025-09-24 12:18:14;28.48;81441.00;36.00;1000.90;73;65;0.91;3
2025-09-24 12:18:14;28.48;81441.00;36.00;1000.90;73;65;0.91;3
2025-09-24 12:18:15;28.48;81837.00;36.00;1000.90;74;65;0.92;3
2025-09-24 12:18:16;28.48;81678.00;36.00;1000.91;74;65;0.92;3
2025-09-24 12:18:17;28.48;81997.00;36.00;1000.91;74;65;0.92;3
2025-09-24 12:18:18;28.48;81917.00;36.00;1000.91;73;65;0.91;3
2025-09-24 12:18:19;28.48;82238.00;36.00;1000.95;73;65;0.91;3
2025-09-24 12:18:20;28.48;81441.00;36.00;1000.91;73;65;0.91;3
2025-09-24 12:18:22;28.48;82399.00;36.00;1000.90;73;65;0.91;3
2025-09-24 12:18:23;28.48;81837.00;36.00;1000.85;73;65;0.91;3
2025-09-24 12:18:24;28.48;81917.00;36.00;1000.91;73;65;0.91;3
2025-09-24 12:18:25;28.48;81599.00;36.00;1000.91;73;64;0.90;3
2025-09-24 12:18:26;28.48;81126.00;36.00;1000.90;73;64;0.90;3
2025-09-24 12:18:27;28.48;81283.00;36.00;1000.91;73;64;0.90;3
2025-09-24 12:18:28;28.48;81441.00;36.00;1000.91;72;64;0.90;3
2025-09-24 12:18:29;28.48;81283.00;36.00;1000.91;72;64;0.90;3
2025-09-24 12:18:29;28.48;81205.00;36.00;1000.91;72;64;0.90;3
2025-09-24 12:18:30;28.47;81441.00;36.00;1000.91;74;65;0.92;3
2025-09-24 12:18:31;28.48;81048.00;36.00;1000.91;74;65;0.92;3
2025-09-24 12:18:32;28.48;81126.00;36.00;1000.91;74;65;0.92;3
2025-09-24 12:18:33;28.48;81837.00;36.00;1000.91;75;66;0.93;3
2025-09-24 12:18:34;28.48;81362.00;36.00;1000.91;75;66;0.93;3
2025-09-24 12:18:35;28.48;81520.00;36.00;1000.91;75;66;0.93;3
2025-09-24 12:18:36;28.47;81678.00;36.00;1000.91;73;64;0.90;3
2025-09-24 12:18:37;28.48;81758.00;36.00;1000.91;73;64;0.90;3
2025-09-24 12:18:38;28.47;81048.00;36.00;1000.91;73;64;0.90;3
2025-09-24 12:18:40;28.47;81441.00;36.00;1000.91;74;65;0.92;3
2025-09-24 12:18:41;28.47;81678.00;36.00;1000.91;74;65;0.92;3
2025-09-24 12:18:42;28.48;81758.00;36.00;1000.91;74;65;0.92;3
2025-09-24 12:18:43;28.48;81283.00;36.00;1000.90;75;66;0.93;3
2025-09-24 12:18:44;28.49;81678.00;36.00;1000.91;75;66;0.93;3
2025-09-24 12:18:45;28.49;81283.00;36.00;1000.93;75;66;0.93;3
2025-09-24 12:18:46;28.49;81599.00;36.00;1000.90;75;66;0.93;3
2025-09-24 12:18:47;28.49;82238.00;36.00;1000.90;75;66;0.93;3
2025-09-24 12:18:47;28.49;81520.00;36.00;1000.93;75;66;0.93;3
2025-09-24 12:18:48;28.49;80970.00;36.00;1000.93;74;66;0.92;3
2025-09-24 12:18:49;28.50;81599.00;36.00;1000.93;74;66;0.92;3
2025-09-24 12:18:50;28.49;81599.00;36.00;1000.93;74;66;0.92;3
2025-09-24 12:18:51;28.48;81283.00;36.00;1000.91;73;64;0.91;3
2025-09-24 12:18:52;28.49;81599.00;36.00;1000.93;73;64;0.91;3
2025-09-24 12:18:53;28.50;80970.00;36.00;1000.91;73;64;0.91;3
2025-09-24 12:18:54;28.50;81048.00;36.00;1000.93;74;66;0.92;3
2025-09-24 12:18:55;28.50;82077.00;36.00;1000.93;74;66;0.92;3
2025-09-24 12:18:57;28.50;81283.00;36.00;1000.91;74;66;0.92;3
2025-09-24 12:18:58;28.50;81362.00;36.00;1000.91;74;66;0.93;3
2025-09-24 12:18:59;28.50;81283.00;36.00;1000.91;74;66;0.93;3
2025-09-24 12:19:00;28.50;81837.00;36.00;1000.91;74;66;0.93;3
2025-09-24 12:19:01;28.50;81599.00;36.00;1000.90;74;65;0.92;3
2025-09-24 12:19:02;28.51;81837.00;36.00;1000.91;74;65;0.92;3
2025-09-24 12:19:03;28.50;81917.00;36.00;1000.90;74;65;0.92;3
2025-09-24 12:19:04;28.51;81205.00;36.00;1000.90;72;64;0.90;3
2025-09-24 12:19:04;28.50;81837.00;36.00;1000.91;72;64;0.90;3
2025-09-24 12:19:05;28.50;81837.00;36.00;1000.91;72;64;0.90;3
2025-09-24 12:19:06;28.50;82077.00;36.00;1000.91;73;64;0.91;3
2025-09-24 12:19:07;28.50;81441.00;36.00;1000.90;73;64;0.91;3
2025-09-24 12:19:08;28.51;81837.00;36.00;1000.91;73;64;0.91;3
2025-09-24 12:19:09;28.51;81441.00;36.00;1000.90;72;63;0.89;3
2025-09-24 12:19:10;28.51;81362.00;36.00;1000.87;72;63;0.89;3
2025-09-24 12:19:11;28.51;82157.00;36.00;1000.90;72;63;0.89;3
2025-09-24 12:19:12;28.51;81997.00;36.00;1000.90;71;63;0.89;3
2025-09-24 12:19:14;28.51;81283.00;36.00;1000.90;71;63;0.89;3
2025-09-24 12:19:15;28.51;82077.00;36.00;1000.90;71;63;0.89;3
2025-09-24 12:19:16;28.51;82642.00;36.00;1000.90;71;63;0.89;3
2025-09-24 12:19:17;28.52;81441.00;36.00;1000.87;71;63;0.89;3
2025-09-24 12:19:18;28.51;81917.00;36.00;1000.90;71;63;0.89;3
2025-09-24 12:19:19;28.51;81758.00;36.00;1000.87;70;62;0.88;3
2025-09-24 12:19:20;28.52;81441.00;36.00;1000.87;70;62;0.88;3
2025-09-24 12:19:21;28.52;81599.00;36.00;1000.90;70;62;0.88;3
2025-09-24 12:19:22;28.51;81758.00;36.00;1000.90;71;63;0.88;3
2025-09-24 12:19:22;28.52;81599.00;36.00;1000.90;71;63;0.88;3
2025-09-24 12:19:23;28.52;81362.00;36.00;1000.90;71;63;0.88;3
2025-09-24 12:19:24;28.52;81837.00;36.00;1000.90;71;63;0.89;3
2025-09-24 12:19:25;28.52;82157.00;36.00;1000.90;71;63;0.89;3
2025-09-24 12:19:26;28.52;81599.00;36.00;1000.90;71;63;0.89;3
2025-09-24 12:19:27;28.52;81758.00;37.00;1000.90;72;63;0.89;3
2025-09-24 12:19:28;28.51;81362.00;37.00;1000.90;72;63;0.89;3
2025-09-24 12:19:29;28.52;81917.00;37.00;1000.90;72;63;0.89;3
2025-09-24 12:19:31;28.52;81997.00;37.00;1000.90;72;63;0.90;3
2025-09-24 12:19:32;28.52;81997.00;37.00;1000.90;72;63;0.90;3
2025-09-24 12:19:33;28.52;81758.00;37.00;1000.90;72;63;0.90;3
2025-09-24 12:19:34;28.52;81520.00;37.00;1000.90;72;63;0.89;3
2025-09-24 12:19:35;28.52;81837.00;37.00;1000.90;72;63;0.89;3
2025-09-24 12:19:36;28.53;81837.00;37.00;1000.91;72;63;0.89;3
2025-09-24 12:19:37;28.52;81758.00;37.00;1000.90;72;64;0.90;3
2025-09-24 12:19:38;28.53;81283.00;37.00;1000.90;72;64;0.90;3
2025-09-24 12:19:39;28.53;81520.00;37.00;1000.93;72;64;0.90;3
2025-09-24 12:19:39;28.52;81758.00;37.00;1000.90;72;63;0.89;3
2025-09-24 12:19:40;28.53;81917.00;37.00;1000.93;72;63;0.89;3
2025-09-24 12:19:41;28.53;81362.00;37.00;1000.91;72;63;0.89;3
2025-09-24 12:19:42;28.52;81520.00;37.00;1000.91;72;63;0.90;3
2025-09-24 12:19:43;28.52;81917.00;37.00;1000.90;72;63;0.90;3
2025-09-24 12:19:44;28.53;81520.00;37.00;1000.93;72;63;0.90;3
2025-09-24 12:19:45;28.53;81126.00;37.00;1000.91;72;64;0.90;3
2025-09-24 12:19:46;28.52;81758.00;37.00;1000.91;72;64;0.90;3
2025-09-24 12:19:47;28.53;81837.00;37.00;1000.93;72;64;0.90;3
2025-09-24 12:19:48;28.53;81917.00;37.00;1000.93;71;63;0.89;3
2025-09-24 12:19:50;28.53;81362.00;37.00;1000.93;71;63;0.89;3
2025-09-24 12:19:51;28.53;81520.00;37.00;1000.91;71;63;0.89;3
2025-09-24 12:19:52;28.53;82077.00;37.00;1000.91;70;62;0.87;3
2025-09-24 12:19:53;28.54;81520.00;37.00;1000.91;70;62;0.87;3
2025-09-24 12:19:54;28.54;81520.00;37.00;1000.91;70;62;0.87;3
2025-09-24 12:19:55;28.54;82157.00;37.00;1000.91;68;60;0.85;3
2025-09-24 12:19:56;28.54;81758.00;37.00;1000.90;68;60;0.85;3
2025-09-24 12:19:57;28.54;81678.00;37.00;1000.90;68;60;0.85;3
2025-09-24 12:19:57;28.54;81205.00;37.00;1000.91;69;61;0.86;3
2025-09-24 12:19:58;28.54;81758.00;37.00;1000.91;69;61;0.86;3
2025-09-24 12:19:59;28.54;81678.00;37.00;1000.90;69;61;0.86;3
2025-09-24 12:20:00;28.54;81126.00;37.00;1000.90;69;61;0.87;3
2025-09-24 12:20:01;28.54;81599.00;37.00;1000.91;69;61;0.87;3
2025-09-24 12:20:02;28.54;81599.00;37.00;1000.87;69;61;0.87;3
2025-09-24 12:20:03;28.55;81205.00;37.00;1000.83;69;61;0.87;3
2025-09-24 12:20:04;28.55;81678.00;37.00;1000.81;69;61;0.87;3
2025-09-24 12:20:05;28.55;81441.00;37.00;1000.90;69;61;0.87;3
2025-09-24 12:20:07;28.55;81520.00;37.00;1000.91;69;61;0.87;3
2025-09-24 12:20:08;28.55;81917.00;37.00;1000.90;69;61;0.86;3
2025-09-24 12:20:09;28.55;81678.00;37.00;1000.90;69;61;0.86;3
2025-09-24 12:20:10;28.55;81917.00;37.00;1000.90;69;61;0.86;3
2025-09-24 12:20:11;28.56;81837.00;37.00;1000.90;67;60;0.84;3
2025-09-24 12:20:12;28.55;82077.00;37.00;1000.90;67;60;0.84;3
2025-09-24 12:20:13;28.56;81048.00;36.00;1000.90;67;60;0.84;3
2025-09-24 12:20:14;28.56;81917.00;37.00;1000.87;69;61;0.86;3
2025-09-24 12:20:15;28.56;81758.00;36.00;1000.87;69;61;0.86;3
2025-09-24 12:20:15;28.56;81758.00;36.00;1000.87;69;61;0.86;3
2025-09-24 12:20:16;28.56;81758.00;37.00;1000.85;68;60;0.85;3
2025-09-24 12:20:17;28.57;81837.00;36.00;1000.87;68;60;0.85;3
2025-09-24 12:20:18;28.57;81917.00;36.00;1000.87;68;60;0.85;3
2025-09-24 12:20:19;28.57;81520.00;36.00;1000.87;67;60;0.85;3
2025-09-24 12:20:20;28.58;81599.00;36.00;1000.87;67;60;0.85;3
2025-09-24 12:20:21;28.58;81520.00;36.00;1000.87;67;60;0.85;3
2025-09-24 12:20:22;28.56;81283.00;36.00;1000.87;68;60;0.85;3
2025-09-24 12:20:23;28.57;82157.00;36.00;1000.87;68;60;0.85;3
2025-09-24 12:20:25;28.58;81599.00;36.00;1000.85;68;60;0.85;3
2025-09-24 12:20:26;28.58;81520.00;36.00;1000.87;68;60;0.85;3
2025-09-24 12:20:27;28.58;82238.00;36.00;1000.87;68;60;0.85;3
2025-09-24 12:20:28;28.58;80970.00;36.00;1000.87;68;60;0.85;3
2025-09-24 12:20:29;28.58;81441.00;36.00;1000.85;69;61;0.87;3
2025-09-24 12:20:30;28.58;81283.00;36.00;1000.87;69;61;0.87;3
2025-09-24 12:20:31;28.58;81837.00;36.00;1000.87;69;61;0.87;3
2025-09-24 12:20:32;28.58;81758.00;36.00;1000.87;68;60;0.85;3
2025-09-24 12:20:33;28.58;81599.00;36.00;1000.87;68;60;0.85;3
2025-09-24 12:20:33;28.58;81837.00;36.00;1000.85;68;60;0.85;3
2025-09-24 12:20:34;28.58;81758.00;36.00;1000.85;67;60;0.85;3
2025-09-24 12:20:35;28.58;81520.00;36.00;1000.85;67;60;0.85;3
2025-09-24 12:20:36;28.59;82157.00;36.00;1000.87;67;60;0.85;3
2025-09-24 12:20:37;28.59;81917.00;36.00;1000.83;68;60;0.85;3
2025-09-24 12:20:38;28.60;81362.00;36.00;1000.87;68;60;0.85;3
2025-09-24 12:20:39;28.59;81599.00;36.00;1000.87;68;60;0.85;3
2025-09-24 12:20:40;28.60;81283.00;36.00;1000.87;68;60;0.85;3
2025-09-24 12:20:41;28.60;82157.00;36.00;1000.87;68;60;0.85;3
2025-09-24 12:20:42;28.60;81917.00;36.00;1000.87;68;60;0.85;3
2025-09-24 12:20:44;28.60;81048.00;36.00;1000.85;68;61;0.86;3
2025-09-24 12:20:45;28.61;81520.00;36.00;1000.85;68;61;0.86;3
2025-09-24 12:20:46;28.61;81917.00;36.00;1000.90;68;61;0.86;3
2025-09-24 12:20:47;28.61;82077.00;36.00;1000.87;68;60;0.85;3
2025-09-24 12:20:48;28.61;82399.00;36.00;1000.87;68;60;0.85;3
2025-09-24 12:20:49;28.61;81917.00;36.00;1000.87;68;60;0.85;3
2025-09-24 12:20:50;28.62;81758.00;36.00;1000.85;68;60;0.85;3
2025-09-24 12:20:51;28.62;81917.00;36.00;1000.87;68;60;0.85;3
2025-09-24 12:20:51;28.62;81758.00;36.00;1000.87;68;60;0.85;3
2025-09-24 12:20:52;28.62;81997.00;36.00;1000.87;68;60;0.85;3
2025-09-24 12:20:53;28.62;81917.00;36.00;1000.87;68;60;0.85;3
2025-09-24 12:20:54;28.62;82077.00;36.00;1000.85;68;60;0.85;3
2025-09-24 12:20:55;28.62;81758.00;36.00;1000.87;67;59;0.84;3
2025-09-24 12:20:56;28.63;81678.00;36.00;1000.85;67;59;0.84;3
2025-09-24 12:20:57;28.63;81441.00;36.00;1000.85;67;59;0.84;3
2025-09-24 12:20:58;28.63;81917.00;36.00;1000.87;68;60;0.85;3
2025-09-24 12:20:59;28.63;82077.00;36.00;1000.87;68;60;0.85;3
2025-09-24 12:21:01;28.63;81678.00;36.00;1000.87;68;60;0.85;3
2025-09-24 12:21:02;28.63;81837.00;36.00;1000.87;68;60;0.85;3
2025-09-24 12:21:03;28.64;81678.00;36.00;1000.85;68;60;0.85;3
2025-09-24 12:21:04;28.64;81917.00;36.00;1000.90;68;60;0.85;3
2025-09-24 12:21:05;28.64;81758.00;36.00;1000.87;68;60;0.85;3
2025-09-24 12:21:06;28.64;81758.00;36.00;1000.90;68;60;0.85;3
2025-09-24 12:21:07;28.64;81048.00;36.00;1000.87;68;60;0.85;3
2025-09-24 12:21:08;28.64;81758.00;36.00;1000.90;68;60;0.85;3
2025-09-24 12:21:09;28.64;81837.00;36.00;1000.90;68;60;0.85;3
2025-09-24 12:21:09;28.65;81362.00;36.00;1000.91;68;60;0.85;3
2025-09-24 12:21:10;28.65;81758.00;36.00;1000.90;67;59;0.84;3
2025-09-24 12:21:11;28.65;82399.00;36.00;1000.91;67;59;0.84;3
2025-09-24 12:21:12;28.65;82399.00;36.00;1000.90;67;59;0.84;3
2025-09-24 12:21:13;28.65;82642.00;36.00;1000.91;66;59;0.84;3
2025-09-24 12:21:14;28.65;81126.00;36.00;1000.91;66;59;0.84;3
2025-09-24 12:21:15;28.65;82077.00;36.00;1000.91;66;59;0.84;3
2025-09-24 12:21:16;28.66;81758.00;36.00;1000.91;67;59;0.84;3
2025-09-24 12:21:17;28.65;81837.00;36.00;1000.91;67;59;0.84;3
2025-09-24 12:21:18;28.65;81837.00;36.00;1000.91;67;59;0.84;3
2025-09-24 12:21:20;28.65;81758.00;36.00;1000.91;67;60;0.84;3
2025-09-24 12:21:21;28.66;81917.00;36.00;1000.91;67;60;0.84;3
2025-09-24 12:21:22;28.66;81758.00;36.00;1000.90;67;60;0.84;3
2025-09-24 12:21:23;28.66;82318.00;36.00;1000.90;66;58;0.83;3
2025-09-24 12:21:24;28.66;81758.00;36.00;1000.90;66;58;0.83;3
2025-09-24 12:21:25;28.66;82077.00;36.00;1000.90;66;58;0.83;3
2025-09-24 12:21:26;28.67;81048.00;36.00;1000.93;66;59;0.83;3
2025-09-24 12:21:27;28.66;81997.00;36.00;1000.91;66;59;0.83;3
2025-09-24 12:21:28;28.67;81678.00;36.00;1000.91;66;59;0.83;3
2025-09-24 12:21:28;28.67;81520.00;36.00;1000.91;67;60;0.85;3
2025-09-24 12:21:29;28.67;82077.00;36.00;1000.91;67;60;0.85;3
2025-09-24 12:21:30;28.67;81678.00;36.00;1000.90;67;60;0.85;3
2025-09-24 12:21:31;28.67;81837.00;36.00;1000.87;66;59;0.84;3
2025-09-24 12:21:32;28.67;81283.00;36.00;1000.87;66;59;0.84;3
2025-09-24 12:21:33;28.67;81917.00;36.00;1000.90;66;59;0.84;3
2025-09-24 12:21:34;28.67;82077.00;36.00;1000.91;67;59;0.84;3
2025-09-24 12:21:35;28.67;81837.00;36.00;1000.90;67;59;0.84;3
2025-09-24 12:21:36;28.67;82561.00;36.00;1000.90;67;59;0.84;3
2025-09-24 12:21:38;28.67;82238.00;36.00;1000.90;67;59;0.84;3
2025-09-24 12:21:39;28.67;82077.00;36.00;1000.90;67;59;0.84;3
2025-09-24 12:21:40;28.67;82157.00;36.00;1000.87;67;59;0.84;3
2025-09-24 12:21:41;28.67;81917.00;36.00;1000.87;67;59;0.84;3
2025-09-24 12:21:42;28.67;81758.00;36.00;1000.87;67;59;0.84;3
2025-09-24 12:21:43;28.68;82077.00;36.00;1000.91;67;59;0.84;3
2025-09-24 12:21:44;28.67;81917.00;36.00;1000.91;68;60;0.85;3
2025-09-24 12:21:45;28.67;82077.00;36.00;1000.93;68;60;0.85;3
2025-09-24 12:21:46;28.67;82318.00;36.00;1000.93;68;60;0.85;3
2025-09-24 12:21:46;28.68;81837.00;36.00;1000.93;67;59;0.84;3
2025-09-24 12:21:47;28.68;81441.00;36.00;1000.93;67;59;0.84;3
2025-09-24 12:21:48;28.68;81917.00;36.00;1000.93;67;59;0.84;3
2025-09-24 12:21:49;28.68;81837.00;36.00;1000.93;67;59;0.84;3
2025-09-24 12:21:50;28.68;81917.00;36.00;1000.93;67;59;0.84;3
2025-09-24 12:21:51;28.68;81758.00;36.00;1000.95;67;59;0.84;3
2025-09-24 12:21:52;28.68;81997.00;36.00;1000.95;67;59;0.84;3
2025-09-24 12:21:53;28.68;82157.00;36.00;1000.95;67;59;0.84;3
2025-09-24 12:21:54;28.68;81758.00;36.00;1000.95;67;59;0.84;3
2025-09-24 12:21:55;28.69;82077.00;36.00;1000.95;66;58;0.83;3
2025-09-24 12:21:57;28.68;81997.00;36.00;1000.95;66;58;0.83;3
2025-09-24 12:21:58;28.69;82157.00;36.00;1000.95;66;58;0.83;3
2025-09-24 12:21:59;28.68;82238.00;36.00;1000.95;65;58;0.82;3
2025-09-24 12:22:00;28.69;81678.00;36.00;1000.93;65;58;0.82;3
2025-09-24 12:22:01;28.69;81599.00;36.00;1000.93;65;58;0.82;3
2025-09-24 12:22:02;28.68;82561.00;36.00;1000.93;64;57;0.81;3
2025-09-24 12:22:03;28.69;81917.00;36.00;1000.93;64;57;0.81;3
2025-09-24 12:22:04;28.69;82157.00;36.00;1000.99;64;57;0.81;3
2025-09-24 12:22:04;28.68;81917.00;36.00;1000.95;65;58;0.82;3
2025-09-24 12:22:05;28.69;82480.00;36.00;1000.93;65;58;0.82;3
2025-09-24 12:22:06;28.69;82077.00;36.00;1001.01;65;58;0.82;3
2025-09-24 12:22:07;28.69;81917.00;36.00;1001.01;65;58;0.83;3
2025-09-24 12:22:08;28.69;81520.00;36.00;1000.95;65;58;0.83;3
2025-09-24 12:22:09;28.69;82157.00;36.00;1001.01;65;58;0.83;3
2025-09-24 12:22:10;28.69;82157.00;36.00;1001.01;65;58;0.82;3
2025-09-24 12:22:11;28.69;81997.00;36.00;1001.01;65;58;0.82;3
2025-09-24 12:22:13;28.69;82399.00;36.00;1001.01;65;58;0.82;3
2025-09-24 12:22:14;28.70;82077.00;36.00;1001.01;65;58;0.82;3
2025-09-24 12:22:15;28.69;81678.00;36.00;1001.01;65;58;0.82;3
2025-09-24 12:22:16;28.70;82238.00;36.00;1000.99;65;58;0.82;3
2025-09-24 12:22:17;28.70;81758.00;36.00;1001.01;65;58;0.82;3
2025-09-24 12:22:18;28.70;82723.00;36.00;1001.01;66;58;0.83;3
2025-09-24 12:22:19;28.70;81997.00;36.00;1000.99;66;58;0.83;3
2025-09-24 12:22:20;28.70;81837.00;36.00;1000.99;66;58;0.83;3
2025-09-24 12:22:20;28.70;81917.00;36.00;1000.99;66;59;0.83;3
2025-09-24 12:22:21;28.70;81997.00;36.00;1000.99;66;59;0.83;3
2025-09-24 12:22:22;28.70;81599.00;36.00;1000.97;66;59;0.83;3
2025-09-24 12:22:23;28.70;81520.00;36.00;1000.97;67;59;0.84;3
2025-09-24 12:22:24;28.70;82157.00;36.00;1000.97;67;59;0.84;3
2025-09-24 12:22:25;28.70;82238.00;36.00;1000.95;67;59;0.84;3
2025-09-24 12:22:26;28.70;82561.00;36.00;1000.95;66;59;0.83;3
2025-09-24 12:22:28;28.70;81997.00;36.00;1000.93;66;59;0.83;3
2025-09-24 12:22:29;28.70;82238.00;36.00;1000.93;66;59;0.83;3
2025-09-24 12:22:30;28.69;82077.00;36.00;1000.93;65;58;0.82;3
2025-09-24 12:22:31;28.70;82238.00;36.00;1000.95;65;58;0.82;3
2025-09-24 12:22:32;28.70;81678.00;36.00;1000.95;65;58;0.82;3
2025-09-24 12:22:33;28.69;81837.00;36.00;1000.95;66;59;0.83;3
2025-09-24 12:22:34;28.70;81837.00;36.00;1000.93;66;59;0.83;3
2025-09-24 12:22:35;28.70;81837.00;36.00;1000.95;66;59;0.83;3
2025-09-24 12:22:35;28.70;81837.00;36.00;1000.97;66;59;0.84;3
2025-09-24 12:22:36;28.69;81917.00;36.00;1000.97;66;59;0.84;3
2025-09-24 12:22:37;28.70;81837.00;36.00;1000.97;66;59;0.84;3
2025-09-24 12:22:38;28.70;81997.00;36.00;1000.97;66;59;0.84;3
2025-09-24 12:22:39;28.69;81837.00;36.00;1000.97;66;59;0.84;3
2025-09-24 12:22:40;28.69;81441.00;36.00;1000.99;66;59;0.84;3
2025-09-24 12:22:41;28.69;81917.00;36.00;1000.99;66;59;0.83;3
2025-09-24 12:22:42;28.69;82561.00;36.00;1000.99;66;59;0.83;3
2025-09-24 12:22:44;28.69;82157.00;36.00;1000.99;66;59;0.83;3
2025-09-24 12:22:45;28.70;81997.00;36.00;1000.99;66;58;0.83;3
2025-09-24 12:22:46;28.70;82077.00;36.00;1000.99;66;58;0.83;3
2025-09-24 12:22:47;28.70;82157.00;36.00;1000.99;66;58;0.83;3
2025-09-24 12:22:48;28.70;81997.00;36.00;1000.99;65;58;0.82;3
2025-09-24 12:22:49;28.70;82157.00;36.00;1000.99;65;58;0.82;3
2025-09-24 12:22:50;28.70;81917.00;36.00;1000.99;65;58;0.82;3
2025-09-24 12:22:51;28.69;81520.00;36.00;1000.95;65;58;0.83;3
2025-09-24 12:22:52;28.69;82238.00;36.00;1001.01;65;58;0.83;3
2025-09-24 12:22:52;28.69;82077.00;36.00;1001.01;65;58;0.83;3
2025-09-24 12:22:53;28.69;81758.00;36.00;1000.95;64;57;0.81;3
2025-09-24 12:22:54;28.69;82157.00;36.00;1001.01;64;57;0.81;3
2025-09-24 12:22:55;28.69;82157.00;36.00;1000.95;64;57;0.81;3
2025-09-24 12:22:56;28.68;82077.00;36.00;1000.99;64;57;0.81;3
2025-09-24 12:22:57;28.69;82157.00;36.00;1000.99;64;57;0.81;3
2025-09-24 12:22:58;28.69;81917.00;36.00;1000.99;64;57;0.81;3
2025-09-24 12:22:59;28.69;82238.00;36.00;1000.99;64;57;0.81;3
2025-09-24 12:23:00;28.69;81917.00;36.00;1000.99;64;57;0.81;3
2025-09-24 12:23:02;28.69;82238.00;36.00;1000.99;64;57;0.81;3
2025-09-24 12:23:03;28.68;82399.00;36.00;1000.93;64;57;0.81;3
2025-09-24 12:23:04;28.69;82238.00;36.00;1000.97;64;57;0.81;3
2025-09-24 12:23:05;28.69;82238.00;36.00;1000.97;64;57;0.81;3
2025-09-24 12:23:06;28.69;82238.00;36.00;1000.97;63;56;0.80;3
2025-09-24 12:23:07;28.70;82157.00;36.00;1000.97;63;56;0.80;3
2025-09-24 12:23:08;28.69;82318.00;36.00;1000.97;63;56;0.80;3
2025-09-24 12:23:09;28.69;82480.00;36.00;1000.97;63;56;0.80;3
2025-09-24 12:23:10;28.69;82157.00;36.00;1000.97;63;56;0.80;3
2025-09-24 12:23:10;28.69;81917.00;36.00;1000.97;63;56;0.80;3
2025-09-24 12:23:11;28.69;82157.00;36.00;1000.97;63;56;0.81;3
2025-09-24 12:23:12;28.70;82318.00;36.00;1000.97;63;56;0.81;3
2025-09-24 12:23:13;28.69;81997.00;36.00;1000.97;63;56;0.81;3
2025-09-24 12:23:14;28.69;81520.00;36.00;1000.97;64;57;0.81;3
2025-09-24 12:23:15;28.69;82480.00;36.00;1000.97;64;57;0.81;3
2025-09-24 12:23:16;28.70;82561.00;36.00;1000.97;64;57;0.81;3
2025-09-24 12:23:17;28.70;82561.00;36.00;1000.97;64;57;0.81;3
2025-09-24 12:23:18;28.70;82886.00;36.00;1000.95;64;57;0.81;3
2025-09-24 12:23:20;28.69;82480.00;36.00;1000.97;64;57;0.81;3
2025-09-24 12:23:21;28.69;82238.00;36.00;1000.95;63;56;0.80;3
2025-09-24 12:23:22;28.69;82561.00;36.00;1000.97;63;56;0.80;3
2025-09-24 12:23:23;28.69;82318.00;36.00;1000.95;63;56;0.80;3
2025-09-24 12:23:24;28.69;82642.00;36.00;1000.95;62;56;0.80;3
2025-09-24 12:23:25;28.69;81837.00;36.00;1000.95;62;56;0.80;3
2025-09-24 12:23:26;28.69;82157.00;36.00;1000.90;62;56;0.80;3
2025-09-24 12:23:27;28.69;83132.00;36.00;1000.90;63;56;0.80;3
2025-09-24 12:23:28;28.69;82642.00;36.00;1000.95;63;56;0.80;3
2025-09-24 12:23:28;28.69;82157.00;36.00;1000.95;63;56;0.80;3
2025-09-24 12:23:29;28.69;83380.00;36.00;1000.93;63;56;0.80;3
2025-09-24 12:23:30;28.69;82157.00;36.00;1000.93;63;56;0.80;3
2025-09-24 12:23:31;28.69;82157.00;36.00;1000.93;63;56;0.80;3
2025-09-24 12:23:32;28.69;82238.00;36.00;1000.93;63;56;0.81;3
2025-09-24 12:23:33;28.69;82077.00;36.00;1000.93;63;56;0.81;3
2025-09-24 12:23:34;28.69;82238.00;36.00;1000.93;63;56;0.81;3
2025-09-24 12:23:35;28.69;81837.00;36.00;1000.87;62;55;0.79;3
2025-09-24 12:23:37;28.69;81599.00;36.00;1000.87;62;55;0.79;3
2025-09-24 12:23:38;28.69;82642.00;36.00;1000.93;62;55;0.79;3
2025-09-24 12:23:39;28.69;82318.00;36.00;1000.91;62;55;0.79;3
2025-09-24 12:23:40;28.69;82399.00;36.00;1000.91;62;55;0.79;3
2025-09-24 12:23:41;28.69;82805.00;36.00;1000.93;62;55;0.79;3
2025-09-24 12:23:42;28.69;82399.00;36.00;1000.95;62;56;0.79;3
2025-09-24 12:23:42;28.69;82238.00;36.00;1000.90;62;56;0.79;3
2025-09-24 12:23:43;28.69;82399.00;36.00;1000.93;62;56;0.79;3
2025-09-24 12:23:44;28.69;82399.00;36.00;1000.93;62;56;0.79;3
2025-09-24 12:23:45;28.69;82642.00;36.00;1000.93;62;56;0.79;3
2025-09-24 12:23:46;28.69;82399.00;36.00;1000.95;62;56;0.79;3
2025-09-24 12:23:48;28.69;82480.00;36.00;1000.93;62;56;0.79;3
2025-09-24 12:23:49;28.69;82238.00;36.00;1000.95;62;56;0.79;3
2025-09-24 12:23:50;28.70;82723.00;36.00;1000.95;62;56;0.79;3
2025-09-24 12:23:51;28.70;82077.00;36.00;1000.93;63;56;0.80;3
2025-09-24 12:23:52;28.70;81917.00;36.00;1001.03;63;56;0.80;3
2025-09-24 12:23:53;28.70;81997.00;36.00;1000.95;63;56;0.80;3
2025-09-24 12:23:54;28.70;82318.00;36.00;1000.95;63;56;0.80;3
2025-09-24 12:23:55;28.70;82238.00;36.00;1000.91;63;56;0.80;3
2025-09-24 12:23:56;28.70;82399.00;36.00;1000.91;63;56;0.80;3
2025-09-24 12:23:56;28.70;82642.00;36.00;1000.93;62;55;0.79;3
2025-09-24 12:23:57;28.70;81758.00;36.00;1000.93;62;55;0.79;3
2025-09-24 12:23:58;28.71;82238.00;36.00;1000.93;62;55;0.79;3
2025-09-24 12:23:59;28.71;82480.00;36.00;1000.93;62;56;0.79;3
2025-09-24 12:24:00;28.70;82399.00;36.00;1000.93;62;56;0.79;3
2025-09-24 12:24:01;28.71;82318.00;36.00;1000.91;62;56;0.79;3
2025-09-24 12:24:03;28.71;82318.00;36.00;1000.91;62;56;0.79;3
2025-09-24 12:24:04;28.70;82238.00;36.00;1000.91;62;56;0.79;3
2025-09-24 12:24:05;28.70;81997.00;36.00;1000.91;62;56;0.79;3
2025-09-24 12:24:06;28.70;82318.00;36.00;1000.93;63;56;0.80;3
2025-09-24 12:24:07;28.70;82157.00;36.00;1000.91;63;56;0.80;3
2025-09-24 12:24:08;28.69;81997.00;36.00;1000.93;63;56;0.80;3
2025-09-24 12:24:09;28.69;82723.00;36.00;1000.90;62;55;0.79;3
2025-09-24 12:24:10;28.69;82077.00;36.00;1000.90;62;55;0.79;3
2025-09-24 12:24:11;28.68;81917.00;36.00;1000.90;62;55;0.79;3
2025-09-24 12:24:12;28.68;82318.00;36.00;1000.90;62;55;0.79;3
2025-09-24 12:24:12;28.68;82318.00;36.00;1000.90;62;55;0.79;3
2025-09-24 12:24:13;28.68;81917.00;36.00;1000.91;62;55;0.79;3
2025-09-24 12:24:14;28.68;82399.00;36.00;1000.90;62;55;0.79;3
2025-09-24 12:24:15;28.68;82561.00;36.00;1000.90;62;55;0.79;3
2025-09-24 12:24:16;28.68;82561.00;36.00;1000.90;62;55;0.79;3
2025-09-24 12:24:17;28.68;82077.00;36.00;1000.90;63;56;0.80;3
2025-09-24 12:24:18;28.68;82318.00;36.00;1000.90;63;56;0.80;3
2025-09-24 12:24:19;28.68;81997.00;36.00;1000.90;63;56;0.80;3
2025-09-24 12:24:20;28.67;82077.00;36.00;1000.90;63;56;0.80;3
2025-09-24 12:24:21;28.67;82157.00;36.00;1000.90;63;56;0.80;3
2025-09-24 12:24:23;28.68;81917.00;36.00;1000.87;63;56;0.80;3
2025-09-24 12:24:24;28.69;82238.00;36.00;1000.93;63;56;0.80;3
2025-09-24 12:24:25;28.69;82238.00;36.00;1000.91;63;56;0.80;3
2025-09-24 12:24:26;28.69;82077.00;36.00;1000.91;63;56;0.80;3
2025-09-24 12:24:27;28.70;82238.00;36.00;1000.90;63;56;0.81;3
2025-09-24 12:24:28;28.70;82238.00;36.00;1000.90;63;56;0.81;3
2025-09-24 12:24:29;28.70;82238.00;36.00;1000.90;63;56;0.81;3
2025-09-24 12:24:30;28.70;82968.00;36.00;1000.90;63;56;0.81;3
2025-09-24 12:24:31;28.70;82561.00;36.00;1000.90;62;55;0.79;3
2025-09-24 12:24:32;28.71;82480.00;36.00;1000.87;62;55;0.79;3
2025-09-24 12:24:32;28.71;82886.00;36.00;1000.91;62;55;0.79;3
2025-09-24 12:24:33;28.71;82238.00;36.00;1000.91;61;54;0.78;3
2025-09-24 12:24:34;28.71;81678.00;36.00;1000.91;61;54;0.78;3
2025-09-24 12:24:35;28.71;82318.00;36.00;1000.90;61;54;0.78;3
2025-09-24 12:24:36;28.71;82157.00;36.00;1000.90;61;55;0.79;3
2025-09-24 12:24:37;28.71;82399.00;36.00;1000.91;61;55;0.79;3
2025-09-24 12:24:38;28.72;82399.00;36.00;1000.91;61;55;0.79;3
2025-09-24 12:24:39;28.71;82318.00;36.00;1000.90;62;55;0.79;3
2025-09-24 12:24:41;28.72;82642.00;36.00;1000.90;62;55;0.79;3
2025-09-24 12:24:42;28.72;82968.00;36.00;1000.90;62;55;0.79;3
2025-09-24 12:24:43;28.72;82318.00;36.00;1000.87;61;54;0.78;3
2025-09-24 12:24:44;28.72;81917.00;36.00;1000.87;61;54;0.78;3
2025-09-24 12:24:45;28.72;81917.00;36.00;1000.87;61;54;0.78;3
2025-09-24 12:24:46;28.72;82642.00;36.00;1000.87;62;55;0.79;3
2025-09-24 12:24:47;28.72;82077.00;36.00;1000.87;62;55;0.79;3
2025-09-24 12:24:47;28.72;82077.00;36.00;1000.87;62;55;0.79;3
2025-09-24 12:24:48;28.72;81520.00;36.00;1000.87;63;56;0.80;3
2025-09-24 12:24:49;28.73;81837.00;36.00;1000.90;63;56;0.80;3
2025-09-24 12:24:50;28.73;82238.00;36.00;1000.87;63;56;0.80;3
2025-09-24 12:24:51;28.73;82077.00;36.00;1000.87;63;56;0.80;3
2025-09-24 12:24:52;28.73;82561.00;36.00;1000.87;63;56;0.80;3
2025-09-24 12:24:53;28.73;82238.00;36.00;1000.87;63;56;0.80;3
2025-09-24 12:24:55;28.73;82077.00;36.00;1000.87;63;56;0.80;3
2025-09-24 12:24:56;28.73;81758.00;36.00;1000.87;63;56;0.80;3
2025-09-24 12:24:57;28.74;82318.00;36.00;1000.85;63;56;0.80;3
2025-09-24 12:24:57;28.74;82480.00;36.00;1000.85;63;56;0.80;3
2025-09-24 12:24:58;28.74;82399.00;36.00;1000.85;63;56;0.80;3
2025-09-24 12:24:59;28.74;82805.00;36.00;1000.85;63;56;0.80;3
2025-09-24 12:25:01;28.74;81997.00;36.00;1000.87;62;55;0.79;3
2025-09-24 12:25:02;28.75;81917.00;36.00;1000.85;62;55;0.79;3
2025-09-24 12:25:02;28.75;82723.00;36.00;1000.87;62;55;0.79;3
2025-09-24 12:25:03;28.75;81917.00;36.00;1000.90;62;55;0.79;3
2025-09-24 12:25:05;28.75;82399.00;36.00;1000.90;62;55;0.79;3
2025-09-24 12:25:05;28.75;82805.00;36.00;1000.87;62;55;0.79;3
2025-09-24 12:25:06;28.74;82077.00;36.00;1000.87;61;54;0.78;3
2025-09-24 12:25:08;28.74;82077.00;36.00;1000.85;61;54;0.78;3
2025-09-24 12:25:09;28.74;81997.00;36.00;1000.85;61;54;0.78;3
2025-09-24 12:25:10;28.75;81917.00;36.00;1000.85;63;56;0.80;3
2025-09-24 12:25:11;28.75;82157.00;36.00;1000.85;63;56;0.80;3
2025-09-24 12:25:12;28.75;81917.00;36.00;1000.90;63;56;0.80;3
2025-09-24 12:25:12;28.75;81917.00;36.00;1000.90;64;57;0.81;3
2025-09-24 12:25:14;28.76;82157.00;36.00;1000.90;64;57;0.81;3
2025-09-24 12:25:15;28.75;81917.00;36.00;1000.90;64;57;0.81;3
2025-09-24 12:25:15;28.76;81283.00;36.00;1000.90;64;57;0.81;3
2025-09-24 12:25:17;28.76;81997.00;36.00;1000.90;64;57;0.81;3
2025-09-24 12:25:17;28.76;81997.00;36.00;1000.90;64;57;0.81;3
2025-09-24 12:25:18;28.75;82642.00;36.00;1000.90;64;57;0.81;3
2025-09-24 12:25:20;28.76;81758.00;36.00;1000.87;64;57;0.81;3
2025-09-24 12:25:21;28.76;82805.00;36.00;1000.87;64;57;0.81;3
2025-09-24 12:25:22;28.76;82238.00;36.00;1000.87;63;56;0.81;3
2025-09-24 12:25:23;28.76;81917.00;36.00;1000.87;63;56;0.81;3
2025-09-24 12:25:24;28.76;81917.00;36.00;1000.87;63;56;0.81;3
2025-09-24 12:25:24;28.76;82318.00;36.00;1000.87;64;57;0.81;3
2025-09-24 12:25:25;28.77;81837.00;36.00;1000.85;64;57;0.81;3
2025-09-24 12:25:26;28.77;81837.00;36.00;1000.90;64;57;0.81;3
2025-09-24 12:25:27;28.77;81441.00;36.00;1000.91;63;56;0.80;3
2025-09-24 12:25:28;28.78;81997.00;36.00;1000.91;63;56;0.80;3
2025-09-24 12:25:29;28.78;81917.00;36.00;1000.91;63;56;0.80;3
2025-09-24 12:25:30;28.77;82238.00;36.00;1000.91;61;55;0.79;3
2025-09-24 12:25:31;28.77;82238.00;36.00;1000.90;61;55;0.79;3
2025-09-24 12:25:32;28.78;81678.00;36.00;1000.91;61;55;0.79;3
2025-09-24 12:25:34;28.78;82886.00;36.00;1000.91;61;54;0.78;3
2025-09-24 12:25:35;28.78;82157.00;36.00;1000.91;61;54;0.78;3
2025-09-24 12:25:36;28.78;82077.00;36.00;1000.90;61;54;0.78;3
2025-09-24 12:25:37;28.78;82318.00;36.00;1000.90;61;55;0.79;3
2025-09-24 12:25:38;28.79;82723.00;36.00;1000.91;61;55;0.79;3
2025-09-24 12:25:39;28.78;82642.00;36.00;1000.90;61;55;0.79;3
2025-09-24 12:25:40;28.79;82399.00;36.00;1000.93;62;55;0.79;3
2025-09-24 12:25:41;28.79;82238.00;36.00;1000.91;62;55;0.79;3
2025-09-24 12:25:42;28.79;82157.00;36.00;1000.91;62;55;0.79;3
2025-09-24 12:25:43;28.79;82318.00;36.00;1000.91;61;54;0.78;3
2025-09-24 12:25:43;28.79;82077.00;36.00;1000.91;61;54;0.78;3
2025-09-24 12:25:44;28.80;81997.00;36.00;1000.91;61;54;0.78;3
2025-09-24 12:25:45;28.80;82157.00;36.00;1000.90;60;54;0.77;3
2025-09-24 12:25:46;28.79;82318.00;36.00;1000.90;60;54;0.77;3
2025-09-24 12:25:47;28.79;82318.00;36.00;1000.87;60;54;0.77;3
2025-09-24 12:25:48;28.79;82157.00;36.00;1000.87;60;54;0.77;3
2025-09-24 12:25:49;28.80;82480.00;36.00;1000.85;60;54;0.77;3
2025-09-24 12:25:50;28.80;82480.00;36.00;1000.85;60;54;0.77;3
2025-09-24 12:25:51;28.80;81917.00;36.00;1000.85;60;54;0.77;3
2025-09-24 12:25:53;28.80;82318.00;36.00;1000.83;60;54;0.77;3
2025-09-24 12:25:54;28.80;81917.00;36.00;1000.83;60;54;0.77;3
2025-09-24 12:25:55;28.80;82077.00;36.00;1000.83;59;53;0.77;3
2025-09-24 12:25:56;28.80;82077.00;36.00;1000.81;59;53;0.77;3
2025-09-24 12:25:57;28.81;81997.00;36.00;1000.83;59;53;0.77;3
2025-09-24 12:25:58;28.81;83215.00;36.00;1000.83;61;54;0.78;3
2025-09-24 12:25:59;28.80;81758.00;36.00;1000.83;61;54;0.78;3
2025-09-24 12:26:00;28.80;82157.00;36.00;1000.83;61;54;0.78;3
2025-09-24 12:26:01;28.80;81758.00;36.00;1000.85;60;54;0.78;3
2025-09-24 12:26:02;28.80;81997.00;36.00;1000.85;60;54;0.78;3
2025-09-24 12:26:02;28.80;82157.00;36.00;1000.85;60;54;0.78;3
2025-09-24 12:26:03;28.80;82968.00;36.00;1000.85;62;55;0.79;3
2025-09-24 12:26:04;28.80;82805.00;36.00;1000.85;62;55;0.79;3
2025-09-24 12:26:05;28.81;81997.00;36.00;1000.90;62;55;0.79;3
2025-09-24 12:26:06;28.82;81837.00;36.00;1000.90;63;56;0.80;3
2025-09-24 12:26:07;28.81;81758.00;36.00;1000.90;63;56;0.80;3
2025-09-24 12:26:08;28.81;81758.00;36.00;1000.90;63;56;0.80;3
2025-09-24 12:26:09;28.82;81917.00;36.00;1000.90;63;56;0.80;3
2025-09-24 12:26:10;28.82;82723.00;36.00;1000.90;63;56;0.80;3
2025-09-24 12:26:12;28.82;82399.00;36.00;1000.90;63;56;0.80;3
2025-09-24 12:26:13;28.82;81837.00;36.00;1000.90;64;57;0.81;3
2025-09-24 12:26:14;28.82;82318.00;36.00;1000.90;64;57;0.81;3
2025-09-24 12:26:15;28.83;82318.00;36.00;1000.91;64;57;0.81;3
2025-09-24 12:26:15;28.82;81758.00;36.00;1000.90;63;56;0.80;3
2025-09-24 12:26:16;28.83;81758.00;36.00;1000.93;63;56;0.80;3
2025-09-24 12:26:18;28.84;81997.00;36.00;1000.93;63;56;0.80;3
2025-09-24 12:26:19;28.84;81758.00;36.00;1000.93;63;56;0.80;3
2025-09-24 12:26:20;28.84;82723.00;36.00;1000.93;63;56;0.80;3
2025-09-24 12:26:20;28.84;81837.00;36.00;1000.93;63;56;0.80;3
2025-09-24 12:26:21;28.84;81678.00;36.00;1000.93;64;56;0.81;3
2025-09-24 12:26:23;28.85;82399.00;36.00;1000.93;64;56;0.81;3
2025-09-24 12:26:24;28.85;81997.00;36.00;1000.97;64;56;0.81;3
2025-09-24 12:26:25;28.85;81837.00;36.00;1000.95;64;57;0.81;3
2025-09-24 12:26:25;28.85;81997.00;36.00;1000.97;64;57;0.81;3
2025-09-24 12:26:26;28.86;82561.00;36.00;1000.95;64;57;0.81;3
2025-09-24 12:26:27;28.86;81837.00;36.00;1000.95;64;56;0.81;3
2025-09-24 12:26:29;28.86;81997.00;36.00;1000.95;64;56;0.81;3
2025-09-24 12:26:30;28.86;82157.00;36.00;1000.95;64;56;0.81;3
2025-09-24 12:26:31;28.86;81917.00;36.00;1000.97;63;56;0.81;3
2025-09-24 12:26:31;28.86;82157.00;36.00;1000.95;63;56;0.81;3
2025-09-24 12:26:32;28.86;82399.00;36.00;1000.95;63;56;0.81;3
2025-09-24 12:26:33;28.86;82399.00;36.00;1000.95;64;57;0.81;3
2025-09-24 12:26:35;28.87;82318.00;36.00;1000.95;64;57;0.81;3
2025-09-24 12:26:36;28.87;82318.00;36.00;1000.99;64;57;0.81;3
2025-09-24 12:26:37;28.87;81678.00;36.00;1000.97;64;57;0.81;3
2025-09-24 12:26:38;28.87;82157.00;36.00;1000.97;64;57;0.81;3
2025-09-24 12:26:39;28.88;81758.00;36.00;1000.95;64;57;0.81;3
2025-09-24 12:26:40;28.88;82318.00;36.00;1000.97;63;56;0.80;3
2025-09-24 12:26:41;28.88;81917.00;36.00;1000.97;63;56;0.80;3
2025-09-24 12:26:42;28.88;82077.00;36.00;1000.97;63;56;0.80;3
2025-09-24 12:26:43;28.88;81837.00;36.00;1000.95;63;56;0.80;3
2025-09-24 12:26:44;28.89;82399.00;36.00;1000.97;63;56;0.80;3
2025-09-24 12:26:44;28.88;81758.00;36.00;1000.97;63;56;0.80;3
2025-09-24 12:26:45;28.88;81758.00;36.00;1000.95;63;56;0.80;3
2025-09-24 12:26:46;28.88;81441.00;36.00;1000.95;63;56;0.80;3
2025-09-24 12:26:47;28.88;81678.00;36.00;1000.97;63;56;0.80;3
2025-09-24 12:26:48;28.89;82077.00;36.00;1000.97;63;56;0.80;3
2025-09-24 12:26:49;28.89;82077.00;36.00;1000.97;63;56;0.80;3
2025-09-24 12:26:50;28.89;82157.00;36.00;1000.95;63;56;0.80;3
2025-09-24 12:26:51;28.89;81917.00;36.00;1000.95;63;56;0.80;3
2025-09-24 12:26:52;28.89;81837.00;36.00;1000.95;63;56;0.80;3
2025-09-24 12:26:54;28.89;82805.00;36.00;1000.93;63;56;0.80;3
2025-09-24 12:26:55;28.90;81758.00;36.00;1000.93;63;56;0.80;3
2025-09-24 12:26:56;28.90;81758.00;36.00;1000.91;63;56;0.80;3
2025-09-24 12:26:57;28.90;81758.00;36.00;1000.91;63;56;0.80;3
2025-09-24 12:26:58;28.90;82399.00;36.00;1000.91;63;56;0.80;3
2025-09-24 12:26:59;28.90;81678.00;36.00;1000.91;62;55;0.79;3
2025-09-24 12:27:00;28.90;82238.00;36.00;1000.97;62;55;0.79;3
2025-09-24 12:27:01;28.91;82561.00;36.00;1000.97;62;55;0.79;3
2025-09-24 12:27:02;28.90;82723.00;36.00;1000.99;61;54;0.78;3
2025-09-24 12:27:03;28.91;82399.00;36.00;1000.91;61;54;0.78;3
2025-09-24 12:27:03;28.91;81917.00;36.00;1000.95;61;54;0.78;3
2025-09-24 12:27:04;28.91;82157.00;36.00;1000.95;61;54;0.78;3
2025-09-24 12:27:05;28.91;82238.00;36.00;1000.95;61;54;0.78;3
2025-09-24 12:27:06;28.91;82077.00;36.00;1000.95;61;54;0.78;3
2025-09-24 12:27:07;28.91;81837.00;36.00;1000.97;61;54;0.78;3
2025-09-24 12:27:08;28.92;81917.00;36.00;1000.95;61;54;0.78;3
2025-09-24 12:27:09;28.92;81678.00;36.00;1000.95;61;54;0.78;3
2025-09-24 12:27:10;28.92;81917.00;36.00;1000.95;62;55;0.79;3
2025-09-24 12:27:12;28.92;81520.00;36.00;1000.95;62;55;0.79;3
2025-09-24 12:27:13;28.92;82157.00;36.00;1000.97;62;55;0.79;3
2025-09-24 12:27:14;28.91;82077.00;36.00;1000.95;61;55;0.78;3
2025-09-24 12:27:15;28.92;82480.00;36.00;1000.93;61;55;0.78;3
2025-09-24 12:27:16;28.92;82723.00;36.00;1000.95;61;55;0.78;3
2025-09-24 12:27:17;28.92;81837.00;36.00;1000.93;62;55;0.79;3
2025-09-24 12:27:18;28.92;81758.00;36.00;1000.95;62;55;0.79;3
2025-09-24 12:27:19;28.92;82723.00;36.00;1000.95;62;55;0.79;3
2025-09-24 12:27:20;28.93;81917.00;36.00;1000.95;60;54;0.77;3
2025-09-24 12:27:20;28.92;82157.00;36.00;1000.95;60;54;0.77;3
2025-09-24 12:27:21;28.92;81678.00;36.00;1000.95;60;54;0.77;3
2025-09-24 12:27:22;28.92;82399.00;36.00;1000.95;61;54;0.78;3
2025-09-24 12:27:23;28.92;82805.00;36.00;1000.97;61;54;0.78;3
2025-09-24 12:27:24;28.93;82157.00;36.00;1000.97;61;54;0.78;3
2025-09-24 12:27:25;28.93;81678.00;36.00;1000.97;61;54;0.78;3
2025-09-24 12:27:26;28.93;82399.00;36.00;1000.95;61;54;0.78;3
2025-09-24 12:27:27;28.93;82480.00;36.00;1000.95;61;54;0.78;3
2025-09-24 12:27:29;28.93;81917.00;36.00;1000.97;60;53;0.77;3
2025-09-24 12:27:30;28.94;81917.00;36.00;1000.95;60;53;0.77;3
2025-09-24 12:27:31;28.94;81917.00;36.00;1000.95;60;53;0.77;3
2025-09-24 12:27:32;28.94;81678.00;36.00;1000.95;60;54;0.77;3
2025-09-24 12:27:33;28.95;81758.00;36.00;1000.97;60;54;0.77;3
2025-09-24 12:27:34;28.95;81997.00;36.00;1000.99;60;54;0.77;3
2025-09-24 12:27:35;28.95;82077.00;36.00;1000.99;60;54;0.77;3
2025-09-24 12:27:36;28.95;82480.00;36.00;1000.99;60;54;0.77;3
2025-09-24 12:27:37;28.95;82480.00;36.00;1000.99;60;54;0.77;3
2025-09-24 12:27:37;28.96;82238.00;36.00;1000.97;60;53;0.77;3
2025-09-24 12:27:38;28.96;82480.00;36.00;1000.99;60;53;0.77;3
2025-09-24 12:27:39;28.97;82561.00;36.00;1001.01;60;53;0.77;3
2025-09-24 12:27:40;28.97;81599.00;36.00;1000.99;59;52;0.76;3
2025-09-24 12:27:41;28.97;82805.00;36.00;1001.01;59;52;0.76;3
2025-09-24 12:27:42;28.98;81837.00;36.00;1000.99;59;52;0.76;3
2025-09-24 12:27:43;28.98;83463.00;36.00;1001.01;58;52;0.75;3
2025-09-24 12:27:44;28.99;81758.00;36.00;1000.99;58;52;0.75;3
2025-09-24 12:27:45;28.99;82399.00;36.00;1000.97;58;52;0.75;3
2025-09-24 12:27:47;28.99;82157.00;36.00;1000.93;58;52;0.75;3
2025-09-24 12:27:48;28.99;82886.00;36.00;1000.95;58;52;0.75;3
2025-09-24 12:27:49;29.00;82318.00;36.00;1000.93;58;52;0.75;3
2025-09-24 12:27:50;29.00;81837.00;36.00;1000.91;58;52;0.75;3
2025-09-24 12:27:51;29.01;82238.00;36.00;1000.93;58;52;0.75;3
2025-09-24 12:27:52;29.01;81837.00;36.00;1000.91;58;52;0.75;3
2025-09-24 12:27:53;29.01;82157.00;36.00;1000.91;59;53;0.76;3
2025-09-24 12:27:54;29.02;82077.00;36.00;1000.90;59;53;0.76;3
2025-09-24 12:27:55;29.01;82318.00;36.00;1000.90;59;53;0.76;3
2025-09-24 12:27:56;29.02;82157.00;36.00;1000.85;58;52;0.75;3
2025-09-24 12:27:57;29.02;82318.00;36.00;1000.85;58;52;0.75;3
2025-09-24 12:27:57;29.03;81997.00;36.00;1000.85;58;52;0.75;3
2025-09-24 12:27:58;29.02;81599.00;36.00;1000.81;58;52;0.75;3
2025-09-24 12:27:59;29.03;82157.00;36.00;1000.85;58;52;0.75;3
2025-09-24 12:28:00;29.04;81837.00;36.00;1000.83;58;52;0.75;3
2025-09-24 12:28:01;29.04;82642.00;36.00;1000.83;58;52;0.76;3
2025-09-24 12:28:02;29.04;82238.00;36.00;1000.83;58;52;0.76;3
2025-09-24 12:28:03;29.05;81997.00;36.00;1000.83;58;52;0.76;3
2025-09-24 12:28:05;29.05;82723.00;36.00;1000.85;58;52;0.75;3
2025-09-24 12:28:06;29.05;82077.00;36.00;1000.87;58;52;0.75;3
2025-09-24 12:28:07;29.05;81678.00;36.00;1000.85;58;52;0.75;3
2025-09-24 12:28:08;29.06;82077.00;36.00;1000.83;58;52;0.75;3
2025-09-24 12:28:09;29.06;82480.00;36.00;1000.85;58;52;0.75;3
2025-09-24 12:28:10;29.07;83215.00;36.00;1000.85;58;52;0.75;3
2025-09-24 12:28:11;29.06;81599.00;36.00;1000.83;55;50;0.73;3
2025-09-24 12:28:12;29.06;82077.00;36.00;1000.83;55;50;0.73;3
2025-09-24 12:28:13;29.06;81758.00;36.00;1000.83;55;50;0.73;3
2025-09-24 12:28:14;29.07;82561.00;36.00;1000.85;55;49;0.72;3
2025-09-24 12:28:15;29.07;81997.00;36.00;1000.87;55;49;0.72;3
2025-09-24 12:28:15;29.07;81599.00;36.00;1000.85;55;49;0.72;3
2025-09-24 12:28:16;29.07;82157.00;36.00;1000.85;52;47;0.70;3
2025-09-24 12:28:17;29.08;82399.00;36.00;1000.85;52;47;0.70;3
2025-09-24 12:28:18;29.08;82077.00;36.00;1000.85;52;47;0.70;3
2025-09-24 12:28:19;29.08;82561.00;36.00;1000.87;55;50;0.73;3
2025-09-24 12:28:20;29.09;82561.00;36.00;1000.85;55;50;0.73;3
2025-09-24 12:28:21;29.09;82238.00;36.00;1000.87;55;50;0.73;3
2025-09-24 12:28:22;29.09;81599.00;36.00;1000.87;55;50;0.73;3
2025-09-24 12:28:24;29.10;82318.00;36.00;1000.85;55;50;0.73;3
2025-09-24 12:28:25;29.10;82318.00;36.00;1000.85;55;50;0.73;3
2025-09-24 12:28:26;29.10;81758.00;36.00;1000.83;57;51;0.74;3
2025-09-24 12:28:27;29.10;82077.00;36.00;1000.81;57;51;0.74;3
2025-09-24 12:28:28;29.11;82157.00;36.00;1000.85;57;51;0.74;3
2025-09-24 12:28:29;29.11;81758.00;36.00;1000.85;58;52;0.75;3
2025-09-24 12:28:30;29.11;81678.00;36.00;1000.85;58;52;0.75;3
2025-09-24 12:28:31;29.11;82157.00;36.00;1000.83;58;52;0.75;3
2025-09-24 12:28:32;29.12;82318.00;36.00;1000.83;57;51;0.74;3
2025-09-24 12:28:33;29.12;82399.00;36.00;1000.83;57;51;0.74;3
2025-09-24 12:28:34;29.12;82238.00;36.00;1000.81;57;51;0.74;3
2025-09-24 12:28:35;29.12;82238.00;36.00;1000.81;57;51;0.74;3
2025-09-24 12:28:36;29.13;82157.00;36.00;1000.87;57;51;0.74;3
2025-09-24 12:28:36;29.13;82077.00;36.00;1000.87;57;51;0.74;3
2025-09-24 12:28:37;29.13;81758.00;36.00;1000.85;56;50;0.73;3
2025-09-24 12:28:38;29.13;82077.00;36.00;1000.87;56;50;0.73;3
2025-09-24 12:28:39;29.13;82318.00;36.00;1000.85;56;50;0.73;3
2025-09-24 12:28:40;29.14;81997.00;36.00;1000.85;57;51;0.74;3
2025-09-24 12:28:41;29.13;81997.00;36.00;1000.85;57;51;0.74;3
2025-09-24 12:28:42;29.14;82318.00;36.00;1000.85;57;51;0.74;3
2025-09-24 12:28:44;29.13;81758.00;36.00;1000.83;55;50;0.73;3
2025-09-24 12:28:45;29.14;81362.00;36.00;1000.83;55;50;0.73;3
2025-09-24 12:28:46;29.14;82157.00;36.00;1000.83;55;50;0.73;3
2025-09-24 12:28:47;29.15;82077.00;36.00;1000.87;55;50;0.73;3
2025-09-24 12:28:48;29.15;83132.00;36.00;1000.85;55;50;0.73;3
2025-09-24 12:28:49;29.15;82157.00;36.00;1000.85;55;50;0.73;3
2025-09-24 12:28:50;29.15;82318.00;36.00;1000.85;56;50;0.73;3
2025-09-24 12:28:51;29.15;81917.00;36.00;1000.83;56;50;0.73;3
2025-09-24 12:28:52;29.16;81441.00;36.00;1000.83;56;50;0.73;3
2025-09-24 12:28:53;29.16;81997.00;36.00;1000.83;56;50;0.73;3
2025-09-24 12:28:54;29.17;83050.00;36.00;1000.85;56;50;0.73;3
2025-09-24 12:28:55;29.17;82561.00;36.00;1000.85;56;50;0.73;3
2025-09-24 12:28:55;29.17;81126.00;36.00;1000.85;58;52;0.75;3
2025-09-24 12:28:56;29.16;81917.00;36.00;1000.85;58;52;0.75;3
2025-09-24 12:28:57;29.17;81599.00;36.00;1000.85;58;52;0.75;3
2025-09-24 12:28:58;29.18;81997.00;36.00;1000.83;58;52;0.75;3
2025-09-24 12:28:59;29.18;82886.00;36.00;1000.83;58;52;0.75;3
2025-09-24 12:29:00;29.18;82077.00;36.00;1000.85;58;52;0.75;3
2025-09-24 12:29:01;29.19;81678.00;36.00;1000.85;58;52;0.75;3
2025-09-24 12:29:02;29.19;83215.00;36.00;1000.85;58;52;0.75;3
2025-09-24 12:29:04;29.19;82561.00;36.00;1000.85;58;52;0.75;3
2025-09-24 12:29:05;29.19;82157.00;36.00;1000.83;58;52;0.75;3
2025-09-24 12:29:06;29.19;82157.00;36.00;1000.83;57;51;0.74;3
2025-09-24 12:29:07;29.20;82157.00;36.00;1000.83;57;51;0.74;3
2025-09-24 12:29:08;29.20;83380.00;36.00;1000.83;57;51;0.74;3
2025-09-24 12:29:09;29.20;81997.00;36.00;1000.83;53;48;0.71;3
2025-09-24 12:29:10;29.20;82077.00;36.00;1000.85;53;48;0.71;3
2025-09-24 12:29:11;29.21;81997.00;36.00;1000.85;53;48;0.71;3
2025-09-24 12:29:12;29.21;82157.00;36.00;1000.85;54;49;0.72;3
2025-09-24 12:29:13;29.21;82561.00;36.00;1000.85;54;49;0.72;3
2025-09-24 12:29:14;29.21;81758.00;36.00;1000.85;54;49;0.72;3
2025-09-24 12:29:14;29.22;81678.00;36.00;1000.83;55;49;0.72;3
2025-09-24 12:29:15;29.21;82399.00;36.00;1000.85;55;49;0.72;3
2025-09-24 12:29:16;29.22;82723.00;36.00;1000.83;55;49;0.72;3
2025-09-24 12:29:17;29.22;81758.00;36.00;1000.85;53;48;0.71;3
2025-09-24 12:29:18;29.22;82886.00;36.00;1000.83;53;48;0.71;3
2025-09-24 12:29:19;29.22;81599.00;36.00;1000.83;53;48;0.71;3
2025-09-24 12:29:21;29.23;81917.00;35.00;1000.83;55;49;0.72;3
2025-09-24 12:29:22;29.23;82238.00;36.00;1000.85;55;49;0.72;3
2025-09-24 12:29:23;29.23;82886.00;36.00;1000.87;55;49;0.72;3
2025-09-24 12:29:24;29.23;81441.00;36.00;1000.87;53;48;0.70;3
2025-09-24 12:29:25;29.23;82805.00;35.00;1000.85;53;48;0.70;3
2025-09-24 12:29:26;29.24;81758.00;35.00;1000.85;53;48;0.70;3
2025-09-24 12:29:27;29.23;82238.00;35.00;1000.85;55;49;0.72;3
2025-09-24 12:29:28;29.23;83879.00;35.00;1000.83;55;49;0.72;3
2025-09-24 12:29:29;29.24;82561.00;35.00;1000.85;55;49;0.72;3
2025-09-24 12:29:30;29.24;81997.00;35.00;1000.85;54;49;0.71;3
2025-09-24 12:29:31;29.24;82318.00;36.00;1000.83;54;49;0.71;3
2025-09-24 12:29:32;29.24;81205.00;35.00;1000.85;54;49;0.71;3
2025-09-24 12:29:32;29.25;82723.00;35.00;1000.87;51;46;0.69;3
2025-09-24 12:29:33;29.25;82968.00;35.00;1000.83;51;46;0.69;3
2025-09-24 12:29:34;29.25;83050.00;35.00;1000.87;51;46;0.69;3
2025-09-24 12:29:35;29.25;82886.00;35.00;1000.83;50;46;0.68;3
2025-09-24 12:29:36;29.26;83215.00;35.00;1000.83;50;46;0.68;3
2025-09-24 12:29:37;29.26;81997.00;35.00;1000.83;50;46;0.68;3
2025-09-24 12:29:39;29.27;83795.00;35.00;1000.87;53;48;0.70;3
2025-09-24 12:29:40;29.27;83463.00;35.00;1000.85;53;48;0.70;3
2025-09-24 12:29:41;29.27;81997.00;35.00;1000.90;53;48;0.70;3
2025-09-24 12:29:42;29.28;82968.00;35.00;1000.85;54;49;0.72;3
2025-09-24 12:29:43;29.27;82723.00;35.00;1000.85;54;49;0.72;3
2025-09-24 12:29:43;29.28;81917.00;35.00;1000.85;54;49;0.72;3
2025-09-24 12:29:44;29.28;82886.00;35.00;1000.83;55;49;0.72;3
2025-09-24 12:29:45;29.29;82077.00;35.00;1000.85;55;49;0.72;3
2025-09-24 12:29:46;29.29;83132.00;35.00;1000.85;55;49;0.72;3
2025-09-24 12:29:47;29.29;82968.00;35.00;1000.87;53;48;0.71;3
2025-09-24 12:29:48;29.29;82238.00;35.00;1000.85;53;48;0.71;3
2025-09-24 12:29:50;29.30;82561.00;35.00;1000.85;53;48;0.71;3
2025-09-24 12:29:51;29.29;83546.00;35.00;1000.85;55;50;0.73;3
2025-09-24 12:29:52;29.30;82561.00;35.00;1000.85;55;50;0.73;3
2025-09-24 12:29:53;29.30;83712.00;35.00;1000.85;55;50;0.73;3
2025-09-24 12:29:54;29.30;83215.00;35.00;1000.83;52;47;0.70;3
2025-09-24 12:29:55;29.30;83050.00;35.00;1000.85;52;47;0.70;3
2025-09-24 12:29:56;29.31;82157.00;35.00;1000.83;52;47;0.70;3
2025-09-24 12:29:57;29.32;81837.00;35.00;1000.83;56;50;0.73;3
2025-09-24 12:29:58;29.32;81917.00;35.00;1000.83;56;50;0.73;3
2025-09-24 12:29:59;29.32;83215.00;35.00;1000.83;56;50;0.73;3
2025-09-24 12:30:00;29.32;81917.00;35.00;1000.81;54;49;0.72;3
2025-09-24 12:30:00;29.32;83050.00;35.00;1000.83;54;49;0.72;3
2025-09-24 12:30:01;29.33;82723.00;35.00;1000.85;54;49;0.72;3
2025-09-24 12:30:02;29.33;81678.00;35.00;1000.83;54;49;0.71;3
2025-09-24 12:30:04;29.34;81997.00;35.00;1000.83;54;49;0.71;3
2025-09-24 12:30:05;29.34;83132.00;35.00;1000.87;54;49;0.71;3
2025-09-24 12:30:06;29.33;81917.00;35.00;1000.81;53;48;0.71;3
2025-09-24 12:30:07;29.34;81917.00;35.00;1000.81;53;48;0.71;3
2025-09-24 12:30:08;29.36;83546.00;35.00;1000.85;53;48;0.71;3
2025-09-24 12:30:09;29.36;82318.00;35.00;1000.85;56;50;0.73;3
2025-09-24 12:30:10;29.36;82642.00;35.00;1000.85;56;50;0.73;3
2025-09-24 12:30:11;29.36;81837.00;35.00;1000.85;56;50;0.73;3
2025-09-24 12:30:12;29.37;83380.00;35.00;1000.87;57;51;0.74;3
2025-09-24 12:30:13;29.38;83463.00;35.00;1000.87;57;51;0.74;3
2025-09-24 12:30:14;29.38;82157.00;35.00;1000.85;57;51;0.74;3
2025-09-24 12:30:15;29.38;82561.00;35.00;1000.87;52;47;0.70;3
2025-09-24 12:30:15;29.39;83712.00;35.00;1000.90;52;47;0.70;3
2025-09-24 12:30:16;29.39;81678.00;35.00;1000.90;52;47;0.70;3
2025-09-24 12:30:17;29.39;81362.00;35.00;1000.87;55;50;0.73;3
2025-09-24 12:30:18;29.40;81520.00;35.00;1000.85;55;50;0.73;3
2025-09-24 12:30:19;29.40;82077.00;35.00;1000.85;55;50;0.73;3
2025-09-24 12:30:20;29.41;82723.00;35.00;1000.85;53;48;0.71;3
2025-09-24 12:30:21;29.41;83215.00;35.00;1000.87;53;48;0.71;3
2025-09-24 12:30:23;29.41;83546.00;35.00;1000.85;53;48;0.71;3
2025-09-24 12:30:24;29.41;81917.00;35.00;1000.85;52;47;0.69;3
2025-09-24 12:30:25;29.41;81520.00;35.00;1000.85;52;47;0.69;3
2025-09-24 12:30:26;29.42;81917.00;35.00;1000.83;52;47;0.69;3
2025-09-24 12:30:27;29.43;82968.00;35.00;1000.87;54;49;0.71;3
2025-09-24 12:30:28;29.43;82561.00;35.00;1000.85;54;49;0.71;3
2025-09-24 12:30:29;29.43;83546.00;35.00;1000.85;54;49;0.71;3
2025-09-24 12:30:30;29.43;83963.00;35.00;1000.85;53;48;0.71;3
2025-09-24 12:30:31;29.44;82238.00;35.00;1000.85;53;48;0.71;3
2025-09-24 12:30:32;29.44;82723.00;35.00;1000.85;53;48;0.71;3
2025-09-24 12:30:33;29.45;83215.00;35.00;1000.85;55;49;0.72;3
2025-09-24 12:30:34;29.45;81837.00;35.00;1000.90;55;49;0.72;3
2025-09-24 12:30:35;29.45;82886.00;35.00;1000.87;55;49;0.72;3
2025-09-24 12:30:35;29.45;81917.00;35.00;1000.87;56;50;0.73;3
2025-09-24 12:30:36;29.45;82886.00;35.00;1000.87;56;50;0.73;3
2025-09-24 12:30:37;29.46;82157.00;35.00;1000.87;56;50;0.73;3
2025-09-24 12:30:38;29.46;82805.00;35.00;1000.87;55;49;0.72;3
2025-09-24 12:30:39;29.46;81362.00;35.00;1000.87;55;49;0.72;3
2025-09-24 12:30:40;29.47;82399.00;35.00;1000.90;55;49;0.72;3
2025-09-24 12:30:42;29.47;83546.00;35.00;1000.90;56;50;0.73;3
2025-09-24 12:30:43;29.47;83215.00;35.00;1000.90;56;50;0.73;3
2025-09-24 12:30:44;29.47;83380.00;35.00;1000.95;56;50;0.73;3
2025-09-24 12:30:45;29.47;81441.00;35.00;1000.90;56;51;0.74;3
2025-09-24 12:30:46;29.48;82886.00;35.00;1000.85;56;51;0.74;3
2025-09-24 12:30:47;29.48;81205.00;35.00;1000.79;56;51;0.74;3
2025-09-24 12:30:48;29.48;83380.00;35.00;1000.83;57;51;0.74;3
2025-09-24 12:30:49;29.48;83050.00;35.00;1000.85;57;51;0.74;3
2025-09-24 12:30:50;29.48;82968.00;35.00;1000.83;57;51;0.74;3
2025-09-24 12:30:51;29.49;81599.00;35.00;1000.81;59;53;0.76;3
2025-09-24 12:30:52;29.49;81837.00;35.00;1000.83;59;53;0.76;3
2025-09-24 12:30:52;29.49;82723.00;35.00;1000.81;59;53;0.76;3
2025-09-24 12:30:53;29.49;82399.00;35.00;1000.81;58;52;0.75;3
2025-09-24 12:30:54;29.49;83546.00;35.00;1000.83;58;52;0.75;3
2025-09-24 12:30:55;29.50;83050.00;35.00;1000.81;58;52;0.75;3
2025-09-24 12:30:56;29.50;82077.00;35.00;1000.81;55;49;0.72;3
2025-09-24 12:30:57;29.50;82723.00;35.00;1000.81;55;49;0.72;3
2025-09-24 12:30:58;29.51;82318.00;35.00;1000.83;55;49;0.72;3
2025-09-24 12:30:59;29.51;82157.00;35.00;1000.83;56;50;0.73;3
2025-09-24 12:31:01;29.51;81048.00;35.00;1000.83;56;50;0.73;3
2025-09-24 12:31:02;29.51;81599.00;35.00;1000.83;56;50;0.73;3
2025-09-24 12:31:03;29.53;81205.00;35.00;1000.83;59;52;0.76;3
2025-09-24 12:31:04;29.53;82805.00;35.00;1000.85;59;52;0.76;3
2025-09-24 12:31:05;29.53;82886.00;35.00;1000.85;59;52;0.76;3
2025-09-24 12:31:06;29.53;83380.00;35.00;1000.85;56;51;0.74;3
2025-09-24 12:31:07;29.53;81520.00;35.00;1000.85;56;51;0.74;3
2025-09-24 12:31:08;29.54;83132.00;35.00;1000.85;56;51;0.74;3
2025-09-24 12:31:09;29.54;81520.00;35.00;1000.85;53;48;0.71;3
2025-09-24 12:31:10;29.55;81205.00;35.00;1000.87;53;48;0.71;3
2025-09-24 12:31:11;29.55;82886.00;35.00;1000.87;53;48;0.71;3
2025-09-24 12:31:12;29.56;82968.00;35.00;1000.87;53;48;0.70;3
2025-09-24 12:31:12;29.56;81758.00;35.00;1000.85;53;48;0.70;3
2025-09-24 12:31:13;29.56;82238.00;35.00;1000.83;53;48;0.70;3
2025-09-24 12:31:14;29.56;81362.00;35.00;1000.87;56;50;0.73;3
2025-09-24 12:31:15;29.57;83132.00;35.00;1000.87;56;50;0.73;3
2025-09-24 12:31:16;29.57;81917.00;35.00;1000.85;56;50;0.73;3
2025-09-24 12:31:17;29.58;83463.00;35.00;1000.85;53;48;0.71;3
2025-09-24 12:31:18;29.58;82968.00;35.00;1000.85;53;48;0.71;3
2025-09-24 12:31:20;29.60;82480.00;35.00;1000.85;53;48;0.71;3
2025-09-24 12:31:21;29.60;81917.00;35.00;1000.83;55;49;0.72;3
2025-09-24 12:31:22;29.60;82968.00;35.00;1000.83;55;49;0.72;3
2025-09-24 12:31:23;29.61;82561.00;35.00;1000.81;55;49;0.72;3
2025-09-24 12:31:24;29.61;82318.00;35.00;1000.83;55;49;0.72;3
2025-09-24 12:31:25;29.62;81362.00;35.00;1000.83;55;50;0.73;3
2025-09-24 12:31:26;29.62;82886.00;35.00;1000.85;55;50;0.73;3
2025-09-24 12:31:27;29.63;81758.00;35.00;1000.83;55;50;0.73;3
2025-09-24 12:31:28;29.62;82723.00;35.00;1000.83;57;51;0.74;3
2025-09-24 12:31:29;29.63;82642.00;35.00;1000.83;57;51;0.74;3
2025-09-24 12:31:30;29.64;81048.00;35.00;1000.81;57;51;0.74;3
2025-09-24 12:31:31;29.64;81997.00;35.00;1000.81;59;53;0.76;3
2025-09-24 12:31:31;29.65;81599.00;35.00;1000.83;59;53;0.76;3
2025-09-24 12:31:32;29.65;82968.00;35.00;1000.81;59;53;0.76;3
2025-09-24 12:31:33;29.66;82561.00;35.00;1000.79;56;50;0.74;3
2025-09-24 12:31:34;29.66;82805.00;35.00;1000.79;56;50;0.74;3
2025-09-24 12:31:35;29.66;82561.00;35.00;1000.81;56;50;0.74;3
2025-09-24 12:31:36;29.67;82805.00;35.00;1000.81;55;50;0.73;3
2025-09-24 12:31:37;29.67;82642.00;35.00;1000.79;55;50;0.73;3
2025-09-24 12:31:39;29.67;82805.00;35.00;1000.79;55;50;0.73;3
2025-09-24 12:31:40;29.67;81678.00;35.00;1000.79;54;49;0.71;3
2025-09-24 12:31:41;29.67;82318.00;35.00;1000.77;54;49;0.71;3
2025-09-24 12:31:42;29.68;82480.00;35.00;1000.77;54;49;0.71;3
2025-09-24 12:31:43;29.69;81837.00;35.00;1000.77;54;48;0.71;3
2025-09-24 12:31:44;29.69;82805.00;35.00;1000.77;54;48;0.71;3
2025-09-24 12:31:45;29.69;82157.00;35.00;1000.76;54;48;0.71;3
2025-09-24 12:31:46;29.70;82561.00;35.00;1000.76;54;49;0.72;3
2025-09-24 12:31:47;29.70;83215.00;35.00;1000.77;54;49;0.72;3
2025-09-24 12:31:48;29.71;82399.00;35.00;1000.77;54;49;0.72;3
2025-09-24 12:31:49;29.72;81758.00;35.00;1000.77;54;49;0.71;3
2025-09-24 12:31:49;29.72;82399.00;35.00;1000.76;54;49;0.71;3
2025-09-24 12:31:50;29.73;81362.00;35.00;1000.77;54;49;0.71;3
2025-09-24 12:31:51;29.73;82642.00;35.00;1000.77;56;50;0.73;3
2025-09-24 12:31:52;29.74;81758.00;35.00;1000.77;56;50;0.73;3
2025-09-24 12:31:53;29.75;82318.00;35.00;1000.76;56;50;0.73;3
2025-09-24 12:31:54;29.75;81362.00;35.00;1000.77;55;49;0.72;3
2025-09-24 12:31:56;29.75;81917.00;35.00;1000.77;55;49;0.72;3
2025-09-24 12:31:57;29.75;82480.00;35.00;1000.77;55;49;0.72;3
2025-09-24 12:31:58;29.75;81283.00;35.00;1000.76;54;49;0.71;3
2025-09-24 12:31:59;29.75;82399.00;35.00;1000.77;54;49;0.71;3
2025-09-24 12:32:00;29.76;82157.00;35.00;1000.76;54;49;0.71;3
2025-09-24 12:32:01;29.76;82642.00;35.00;1000.76;58;52;0.75;3
