timestamp;temperature;gas;humidity;barometer;IAQ;IAQ_S;VOCS;accuracy;humidty_corrected;temp_corrected
2025-10-13 10:49:15;29.24;96734.00;48.00;1005.43;25;25;0.49;0;68.41;23.24
2025-10-13 10:49:16;29.24;97069.00;48.00;1005.40;25;25;0.49;0;68.41;23.24
2025-10-13 10:49:17;29.24;97576.00;47.00;1005.40;25;25;0.49;0;66.98;23.24
2025-10-13 10:49:18;29.24;97520.00;47.00;1005.39;25;25;0.49;0;66.98;23.24
2025-10-13 10:49:19;29.24;97182.00;47.00;1005.43;25;25;0.49;0;66.98;23.24
2025-10-13 10:49:20;29.26;97747.00;47.00;1005.43;25;25;0.49;0;66.98;23.26
2025-10-13 10:49:21;29.25;97690.00;47.00;1005.40;25;25;0.49;0;66.98;23.25
2025-10-13 10:49:22;29.26;97974.00;47.00;1005.40;25;25;0.49;0;66.98;23.26
2025-10-13 10:49:23;29.27;98032.00;46.00;1005.40;25;25;0.49;0;65.55;23.27
2025-10-13 10:49:24;29.26;98491.00;46.00;1005.43;25;25;0.49;0;65.55;23.26
2025-10-13 10:49:25;29.26;99130.00;46.00;1005.43;25;25;0.49;0;65.55;23.26
2025-10-13 10:49:26;29.25;99482.00;46.00;1005.43;25;25;0.49;0;65.56;23.25
2025-10-13 10:49:27;29.26;99305.00;45.00;1005.43;25;25;0.49;0;64.13;23.26
2025-10-13 10:49:28;29.25;99305.00;45.00;1005.43;25;25;0.49;0;64.13;23.25
2025-10-13 10:49:29;29.25;100253.00;45.00;1005.40;25;25;0.49;0;64.13;23.25
2025-10-13 10:49:30;29.26;101097.00;44.00;1005.43;25;25;0.49;0;62.70;23.26
2025-10-13 10:49:31;29.26;100493.00;44.00;1005.43;25;25;0.49;0;62.70;23.26
2025-10-13 10:49:32;29.26;100373.00;44.00;1005.40;25;25;0.49;0;62.70;23.26
2025-10-13 10:49:33;29.26;100975.00;44.00;1005.40;25;25;0.49;0;62.70;23.26
2025-10-13 10:49:34;29.27;101097.00;44.00;1005.40;25;25;0.49;0;62.70;23.27
2025-10-13 10:49:35;29.27;100915.00;43.00;1005.43;25;25;0.49;0;61.28;23.27
2025-10-13 10:49:36;29.27;101158.00;43.00;1005.43;25;25;0.49;0;61.28;23.27
2025-10-13 10:49:37;29.27;101463.00;43.00;1005.44;25;25;0.49;0;61.28;23.27
2025-10-13 10:49:38;29.27;102017.00;43.00;1005.43;25;25;0.49;0;61.28;23.27
2025-10-13 10:49:39;29.28;101524.00;43.00;1005.43;25;25;0.49;0;61.28;23.28
2025-10-13 10:49:40;29.28;100975.00;43.00;1005.43;25;25;0.49;0;61.28;23.28
2025-10-13 10:49:41;29.29;101893.00;42.00;1005.43;25;25;0.49;0;59.85;23.29
2025-10-13 10:49:42;29.29;103207.00;42.00;1005.43;25;25;0.49;0;59.85;23.29
2025-10-13 10:49:43;29.29;103270.00;42.00;1005.43;25;25;0.49;0;59.85;23.29
2025-10-13 10:49:44;29.29;102390.00;42.00;1005.43;25;25;0.49;0;59.85;23.29
2025-10-13 10:49:45;29.29;103461.00;42.00;1005.43;25;25;0.49;0;59.85;23.29
2025-10-13 10:49:46;29.30;102141.00;42.00;1005.43;25;25;0.49;0;59.85;23.30
2025-10-13 10:49:47;29.29;103844.00;42.00;1005.40;25;25;0.49;0;59.85;23.29
2025-10-13 10:49:48;29.30;102703.00;41.00;1005.40;25;25;0.49;0;58.42;23.30
2025-10-13 10:49:49;29.30;103080.00;41.00;1005.43;25;25;0.49;0;58.42;23.30
2025-10-13 10:49:50;29.31;103909.00;41.00;1005.43;25;25;0.49;0;58.42;23.31
2025-10-13 10:49:51;29.31;103207.00;41.00;1005.43;25;25;0.49;0;58.42;23.31
2025-10-13 10:49:52;29.31;104425.00;41.00;1005.43;25;25;0.49;0;58.42;23.31
2025-10-13 10:49:53;29.32;103589.00;41.00;1005.40;25;25;0.49;0;58.42;23.32
2025-10-13 10:49:54;29.32;103973.00;41.00;1005.40;25;25;0.49;0;58.42;23.32
2025-10-13 10:49:55;29.33;105012.00;41.00;1005.43;25;25;0.49;0;58.42;23.33
2025-10-13 10:49:56;29.33;103909.00;41.00;1005.43;25;25;0.49;0;58.42;23.33
2025-10-13 10:49:57;29.33;104881.00;41.00;1005.43;25;25;0.49;0;58.42;23.33
2025-10-13 10:49:58;29.33;104102.00;40.00;1005.43;25;25;0.49;0;56.99;23.33
2025-10-13 10:49:59;29.33;105539.00;40.00;1005.40;25;25;0.49;0;56.99;23.33
2025-10-13 10:50:00;29.34;105606.00;40.00;1005.40;25;25;0.49;0;56.99;23.34
2025-10-13 10:50:01;29.34;104166.00;40.00;1005.40;25;25;0.49;0;56.99;23.34
2025-10-13 10:50:02;29.35;104620.00;40.00;1005.47;25;25;0.49;0;56.99;23.35
2025-10-13 10:50:03;29.36;104555.00;40.00;1005.44;25;25;0.49;0;56.99;23.36
2025-10-13 10:50:04;29.36;105209.00;40.00;1005.44;25;25;0.49;0;56.99;23.36
2025-10-13 10:50:05;29.36;104555.00;40.00;1005.43;25;25;0.49;0;56.99;23.36
2025-10-13 10:50:06;29.37;104555.00;40.00;1005.43;25;25;0.49;0;56.99;23.37
2025-10-13 10:50:07;29.37;105539.00;40.00;1005.44;25;25;0.49;0;56.99;23.37
2025-10-13 10:50:08;29.37;104946.00;40.00;1005.44;25;25;0.49;0;56.99;23.37
2025-10-13 10:50:09;29.37;104555.00;40.00;1005.44;25;25;0.49;0;56.99;23.37
2025-10-13 10:50:10;29.38;104425.00;40.00;1005.44;25;25;0.49;0;56.99;23.38
2025-10-13 10:50:11;29.39;106005.00;40.00;1005.43;25;25;0.49;0;56.98;23.39
2025-10-13 10:50:12;29.38;104816.00;40.00;1005.43;25;25;0.49;0;56.99;23.38
2025-10-13 10:50:13;29.39;105738.00;39.00;1005.44;25;25;0.49;0;55.56;23.39
2025-10-13 10:50:14;29.39;105872.00;39.00;1005.44;25;25;0.49;0;55.56;23.39
2025-10-13 10:50:15;29.40;106408.00;39.00;1005.43;25;25;0.49;0;55.56;23.40
2025-10-13 10:50:16;29.40;106408.00;39.00;1005.43;25;25;0.49;0;55.56;23.40
2025-10-13 10:50:17;29.40;106206.00;39.00;1005.43;25;25;0.49;0;55.56;23.40
2025-10-13 10:50:18;29.41;105872.00;39.00;1005.44;25;25;0.49;0;55.56;23.41
2025-10-13 10:50:19;29.41;106340.00;39.00;1005.44;25;25;0.49;0;55.56;23.41
2025-10-13 10:50:20;29.42;105275.00;39.00;1005.44;25;25;0.49;0;55.56;23.42
2025-10-13 10:50:21;29.42;105672.00;39.00;1005.43;25;25;0.49;0;55.56;23.42
2025-10-13 10:50:22;29.43;105606.00;39.00;1005.47;25;25;0.49;0;55.55;23.43
2025-10-13 10:50:23;29.44;105672.00;39.00;1005.44;25;25;0.49;0;55.55;23.44
2025-10-13 10:50:24;29.43;106813.00;39.00;1005.44;25;25;0.49;0;55.55;23.43
2025-10-13 10:50:25;29.44;105143.00;39.00;1005.43;25;25;0.49;0;55.55;23.44
2025-10-13 10:50:26;29.45;105539.00;39.00;1005.47;25;25;0.49;0;55.55;23.45
2025-10-13 10:50:27;29.45;107428.00;39.00;1005.44;25;25;0.49;0;55.55;23.45
2025-10-13 10:50:28;29.45;106139.00;39.00;1005.44;25;25;0.49;0;55.55;23.45
2025-10-13 10:50:29;29.46;105938.00;39.00;1005.44;25;25;0.49;0;55.55;23.46
2025-10-13 10:50:30;29.46;105606.00;39.00;1005.47;25;25;0.49;0;55.55;23.46
2025-10-13 10:50:31;29.47;106746.00;39.00;1005.47;25;25;0.49;0;55.55;23.47
2025-10-13 10:50:32;29.47;107085.00;39.00;1005.47;25;25;0.49;0;55.55;23.47
2025-10-13 10:50:33;29.47;106408.00;39.00;1005.44;25;25;0.49;0;55.55;23.47
2025-10-13 10:50:34;29.48;105012.00;39.00;1005.44;25;25;0.49;0;55.55;23.48
2025-10-13 10:50:35;29.49;107910.00;39.00;1005.44;25;25;0.49;0;55.55;23.49
2025-10-13 10:50:36;29.48;106543.00;39.00;1005.43;25;25;0.49;0;55.55;23.48
2025-10-13 10:50:37;29.49;106340.00;39.00;1005.44;25;25;0.49;0;55.55;23.49
2025-10-13 10:50:38;29.49;107841.00;39.00;1005.44;25;25;0.49;0;55.55;23.49
2025-10-13 10:50:39;29.50;106678.00;39.00;1005.44;25;25;0.49;0;55.54;23.50
2025-10-13 10:50:40;29.50;106610.00;39.00;1005.43;25;25;0.49;0;55.54;23.50
2025-10-13 10:50:41;29.51;106206.00;39.00;1005.47;25;25;0.49;0;55.54;23.51
2025-10-13 10:50:42;29.51;106678.00;39.00;1005.47;25;25;0.49;0;55.54;23.51
2025-10-13 10:50:43;29.51;106543.00;39.00;1005.44;25;25;0.49;0;55.54;23.51
2025-10-13 10:50:44;29.52;106475.00;39.00;1005.44;25;25;0.49;0;55.54;23.52
2025-10-13 10:50:45;29.52;106610.00;39.00;1005.43;25;25;0.49;0;55.54;23.52
2025-10-13 10:50:46;29.53;107841.00;39.00;1005.44;25;25;0.49;0;55.54;23.53
2025-10-13 10:50:47;29.53;107703.00;38.00;1005.44;25;25;0.49;0;54.12;23.53
2025-10-13 10:50:48;29.53;106273.00;38.00;1005.44;25;25;0.49;0;54.12;23.53
2025-10-13 10:50:49;29.54;105672.00;38.00;1005.44;25;25;0.49;0;54.11;23.54
2025-10-13 10:50:50;29.54;107085.00;38.00;1005.44;25;25;0.49;0;54.11;23.54
2025-10-13 10:50:51;29.55;106746.00;38.00;1005.44;25;25;0.49;0;54.11;23.55
2025-10-13 10:50:52;29.55;105407.00;38.00;1005.44;25;25;0.49;0;54.11;23.55
2025-10-13 10:50:53;29.55;107222.00;38.00;1005.47;25;25;0.49;0;54.11;23.55
2025-10-13 10:50:54;29.56;105606.00;38.00;1005.43;25;25;0.49;0;54.11;23.56
2025-10-13 10:50:55;29.56;107841.00;38.00;1005.43;25;25;0.49;0;54.11;23.56
2025-10-13 10:50:56;29.57;107496.00;38.00;1005.48;25;25;0.49;0;54.11;23.57
2025-10-13 10:50:57;29.57;105209.00;38.00;1005.47;25;25;0.49;0;54.11;23.57
2025-10-13 10:50:58;29.57;105938.00;38.00;1005.51;25;25;0.49;0;54.11;23.57
2025-10-13 10:50:59;29.56;106610.00;38.00;1005.47;25;25;0.49;0;54.11;23.56
2025-10-13 10:51:00;29.55;105275.00;38.00;1005.48;25;25;0.49;0;54.11;23.55
2025-10-13 10:51:01;29.56;104490.00;39.00;1005.48;25;25;0.49;0;55.54;23.56
2025-10-13 10:51:02;29.55;103207.00;39.00;1005.69;25;25;0.49;0;55.54;23.55
2025-10-13 10:51:03;29.53;102515.00;40.00;1005.70;25;25;0.49;0;56.96;23.53
2025-10-13 10:51:04;29.50;103270.00;40.00;1005.69;25;25;0.49;0;56.97;23.50
2025-10-13 10:51:05;29.50;104102.00;40.00;1005.70;25;25;0.49;0;56.97;23.50
2025-10-13 10:51:06;29.48;102891.00;40.00;1005.69;25;25;0.49;0;56.97;23.48
2025-10-13 10:51:07;29.48;102203.00;40.00;1005.72;25;25;0.49;0;56.97;23.48
2025-10-13 10:51:08;29.47;103397.00;41.00;1005.70;25;25;0.49;0;58.40;23.47
2025-10-13 10:51:09;29.45;103525.00;41.00;1005.72;25;25;0.49;0;58.40;23.45
2025-10-13 10:51:10;29.45;103270.00;41.00;1005.69;25;25;0.49;0;58.40;23.45
2025-10-13 10:51:11;29.44;103207.00;41.00;1005.70;25;25;0.49;0;58.40;23.44
2025-10-13 10:51:12;29.44;103080.00;41.00;1005.70;25;25;0.49;0;58.40;23.44
2025-10-13 10:51:13;29.43;102703.00;41.00;1005.70;25;25;0.49;0;58.40;23.43
2025-10-13 10:51:14;29.44;102577.00;41.00;1005.70;25;25;0.49;0;58.40;23.44
2025-10-13 10:51:15;29.43;103525.00;41.00;1005.70;25;25;0.49;0;58.40;23.43
2025-10-13 10:51:16;29.43;103017.00;41.00;1005.72;25;25;0.49;0;58.40;23.43
2025-10-13 10:51:17;29.43;103017.00;41.00;1005.70;25;25;0.49;0;58.40;23.43
2025-10-13 10:51:18;29.43;103144.00;40.00;1005.69;25;25;0.49;0;56.98;23.43
2025-10-13 10:51:19;29.44;103461.00;40.00;1005.69;25;25;0.49;0;56.98;23.44
2025-10-13 10:51:20;29.44;103207.00;40.00;1005.70;25;25;0.49;0;56.98;23.44
2025-10-13 10:51:21;29.45;103144.00;40.00;1005.70;25;25;0.49;0;56.98;23.45
2025-10-13 10:51:22;29.45;103144.00;40.00;1005.70;25;25;0.49;0;56.98;23.45
2025-10-13 10:51:23;29.46;104037.00;40.00;1005.69;25;25;0.49;0;56.97;23.46
2025-10-13 10:51:24;29.47;103397.00;40.00;1005.70;25;25;0.49;0;56.97;23.47
2025-10-13 10:51:25;29.47;104295.00;40.00;1005.69;25;25;0.49;0;56.97;23.47
2025-10-13 10:51:26;29.48;103397.00;40.00;1005.69;25;25;0.49;0;56.97;23.48
2025-10-13 10:51:27;29.49;103334.00;40.00;1005.69;25;25;0.49;0;56.97;23.49
2025-10-13 10:51:28;29.49;104360.00;40.00;1005.66;25;25;0.49;0;56.97;23.49
2025-10-13 10:51:29;29.50;103716.00;40.00;1005.70;25;25;0.49;0;56.97;23.50
2025-10-13 10:51:30;29.51;105012.00;40.00;1005.69;25;25;0.49;0;56.97;23.51
2025-10-13 10:51:31;29.52;104490.00;40.00;1005.70;25;25;0.49;0;56.97;23.52
2025-10-13 10:51:32;29.53;104295.00;40.00;1005.69;25;25;0.49;0;56.96;23.53
2025-10-13 10:51:33;29.55;104295.00;40.00;1005.69;25;25;0.49;0;56.96;23.55
2025-10-13 10:51:34;29.56;104555.00;40.00;1005.69;25;25;0.49;0;56.96;23.56
2025-10-13 10:51:35;29.57;104166.00;40.00;1005.72;25;25;0.49;0;56.96;23.57
2025-10-13 10:51:36;29.59;104360.00;40.00;1005.72;25;25;0.49;0;56.95;23.59
2025-10-13 10:51:37;29.59;103844.00;40.00;1005.70;25;25;0.49;1;56.95;23.59
2025-10-13 10:51:38;29.60;104231.00;40.00;1005.72;25;25;0.49;1;56.95;23.60
2025-10-13 10:51:39;29.63;103270.00;40.00;1005.69;25;25;0.49;1;56.95;23.63
2025-10-13 10:51:40;29.63;104295.00;40.00;1005.70;27;26;0.50;1;56.95;23.63
2025-10-13 10:51:41;29.65;104490.00;40.00;1005.72;27;26;0.50;1;56.95;23.65
2025-10-13 10:51:42;29.66;105672.00;40.00;1005.69;27;26;0.50;1;56.94;23.66
2025-10-13 10:51:43;29.67;103017.00;40.00;1005.70;22;24;0.49;1;56.94;23.67
2025-10-13 10:51:44;29.68;103652.00;40.00;1005.69;22;24;0.49;1;56.94;23.68
2025-10-13 10:51:45;29.70;103207.00;40.00;1005.70;22;24;0.49;1;56.94;23.70
2025-10-13 10:51:46;29.71;106072.00;39.00;1005.69;26;25;0.50;1;55.51;23.71
2025-10-13 10:51:47;29.73;103589.00;39.00;1005.69;26;25;0.50;1;55.51;23.73
2025-10-13 10:51:48;29.76;103909.00;39.00;1005.70;26;25;0.50;1;55.51;23.76
2025-10-13 10:51:49;29.77;103780.00;39.00;1005.70;28;26;0.51;1;55.50;23.77
2025-10-13 10:51:50;29.78;102640.00;39.00;1005.70;28;26;0.51;1;55.50;23.78
2025-10-13 10:51:51;29.81;103780.00;39.00;1005.70;28;26;0.51;1;55.50;23.81
2025-10-13 10:51:52;29.82;103716.00;39.00;1005.70;29;27;0.51;1;55.50;23.82
2025-10-13 10:51:53;29.84;105539.00;39.00;1005.69;29;27;0.51;1;55.49;23.84
2025-10-13 10:51:54;29.86;103207.00;39.00;1005.69;29;27;0.51;1;55.49;23.86
2025-10-13 10:51:55;29.88;102828.00;39.00;1005.69;30;27;0.51;1;55.49;23.88
2025-10-13 10:51:56;29.90;103844.00;39.00;1005.69;30;27;0.51;1;55.49;23.90
2025-10-13 10:51:57;29.92;105012.00;39.00;1005.69;30;27;0.51;1;55.48;23.92
2025-10-13 10:51:58;29.94;106005.00;39.00;1005.69;26;25;0.50;1;55.48;23.94
2025-10-13 10:51:59;29.96;102640.00;39.00;1005.66;26;25;0.50;1;55.48;23.96
2025-10-13 10:52:00;29.99;102828.00;39.00;1005.70;26;25;0.50;1;55.47;23.99
2025-10-13 10:52:01;30.01;105672.00;39.00;1005.69;28;26;0.51;1;55.47;24.01
2025-10-13 10:52:02;30.02;104102.00;39.00;1005.69;28;26;0.51;1;55.47;24.02
2025-10-13 10:52:03;30.05;103525.00;39.00;1005.69;28;26;0.51;1;55.46;24.05
2025-10-13 10:52:04;30.06;104946.00;39.00;1005.69;29;27;0.51;1;55.46;24.06
2025-10-13 10:52:05;30.09;105143.00;39.00;1005.69;29;27;0.51;1;55.46;24.09
2025-10-13 10:52:06;30.12;104881.00;39.00;1005.70;29;27;0.51;1;55.45;24.12
2025-10-13 10:52:07;30.14;104490.00;39.00;1005.69;25;25;0.50;1;55.45;24.14
2025-10-13 10:52:08;30.16;105078.00;39.00;1005.70;25;25;0.50;1;55.45;24.16
2025-10-13 10:52:09;30.18;104037.00;39.00;1005.69;25;25;0.50;1;55.45;24.18
2025-10-13 10:52:10;30.20;102577.00;39.00;1005.70;25;25;0.50;1;55.44;24.20
2025-10-13 10:52:11;30.23;102515.00;39.00;1005.69;25;25;0.50;1;55.44;24.23
2025-10-13 10:52:12;30.26;103909.00;39.00;1005.70;25;25;0.50;1;55.43;24.26
2025-10-13 10:52:13;30.28;104425.00;39.00;1005.70;30;27;0.51;1;55.43;24.28
2025-10-13 10:52:14;30.30;102577.00;39.00;1005.70;30;27;0.51;1;55.43;24.30
2025-10-13 10:52:15;30.33;103973.00;39.00;1005.70;30;27;0.51;1;55.42;24.33
2025-10-13 10:52:16;30.35;103397.00;39.00;1005.69;29;27;0.51;1;55.42;24.35
2025-10-13 10:52:17;30.38;103144.00;39.00;1005.70;29;27;0.51;1;55.42;24.38
2025-10-13 10:52:18;30.40;104166.00;39.00;1005.69;29;27;0.51;1;55.41;24.40
2025-10-13 10:52:19;30.42;104166.00;39.00;1005.70;29;27;0.51;1;55.41;24.42
2025-10-13 10:52:20;30.45;103909.00;39.00;1005.69;29;27;0.51;1;55.41;24.45
2025-10-13 10:52:21;30.48;102017.00;39.00;1005.65;29;27;0.51;1;55.40;24.48
2025-10-13 10:52:22;30.49;102265.00;39.00;1005.62;31;28;0.52;1;55.40;24.49
2025-10-13 10:52:23;30.52;102328.00;39.00;1005.66;31;28;0.52;1;55.40;24.52
2025-10-13 10:52:24;30.57;102079.00;39.00;1005.66;31;28;0.52;1;55.39;24.57
2025-10-13 10:52:25;30.58;102891.00;39.00;1005.65;33;28;0.52;1;55.39;24.58
2025-10-13 10:52:26;30.60;102515.00;38.00;1005.65;33;28;0.52;1;53.96;24.60
2025-10-13 10:52:27;30.65;102954.00;38.00;1005.65;33;28;0.52;1;53.96;24.65
2025-10-13 10:52:28;30.66;102954.00;38.00;1005.66;35;29;0.53;1;53.96;24.66
2025-10-13 10:52:29;30.69;102954.00;38.00;1005.65;35;29;0.53;1;53.95;24.69
2025-10-13 10:52:30;30.72;101832.00;38.00;1005.66;35;29;0.53;1;53.95;24.72
2025-10-13 10:52:31;30.74;101709.00;38.00;1005.66;36;30;0.54;1;53.95;24.74
2025-10-13 10:52:32;30.78;102017.00;38.00;1005.69;36;30;0.54;1;53.94;24.78
2025-10-13 10:52:33;30.81;100975.00;38.00;1005.66;36;30;0.54;1;53.94;24.81
2025-10-13 10:52:34;30.83;101832.00;38.00;1005.66;38;30;0.54;1;53.93;24.83
2025-10-13 10:52:35;30.86;101832.00;38.00;1005.70;38;30;0.54;1;53.93;24.86
2025-10-13 10:52:36;30.90;102577.00;38.00;1005.69;38;30;0.54;1;53.92;24.90
2025-10-13 10:52:37;30.92;101647.00;38.00;1005.66;42;32;0.56;1;53.92;24.92
2025-10-13 10:52:38;30.94;101463.00;38.00;1005.66;42;32;0.56;1;53.92;24.94
2025-10-13 10:52:39;30.97;100915.00;38.00;1005.66;42;32;0.56;1;53.91;24.97
2025-10-13 10:52:40;30.99;101402.00;38.00;1005.69;44;33;0.56;1;53.91;24.99
2025-10-13 10:52:41;31.03;101709.00;38.00;1005.66;44;33;0.56;1;53.90;25.03
2025-10-13 10:52:42;31.06;101097.00;38.00;1005.66;44;33;0.56;1;53.90;25.06
2025-10-13 10:52:43;31.08;101036.00;38.00;1005.70;46;34;0.57;1;53.90;25.08
2025-10-13 10:52:44;31.11;101463.00;38.00;1005.66;46;34;0.57;1;53.89;25.11
2025-10-13 10:52:45;31.13;100915.00;38.00;1005.66;46;34;0.57;1;53.89;25.13
2025-10-13 10:52:46;31.16;101586.00;38.00;1005.65;43;33;0.56;1;53.89;25.16
2025-10-13 10:52:47;31.19;100493.00;38.00;1005.66;43;33;0.56;1;53.88;25.19
2025-10-13 10:52:48;31.23;101463.00;38.00;1005.69;43;33;0.56;1;53.88;25.23
2025-10-13 10:52:49;31.26;101586.00;38.00;1005.66;47;35;0.58;1;53.87;25.26
2025-10-13 10:52:50;31.28;101463.00;38.00;1005.66;47;35;0.58;1;53.87;25.28
2025-10-13 10:52:51;31.31;100915.00;38.00;1005.69;47;35;0.58;1;53.87;25.31
2025-10-13 10:52:52;31.34;100613.00;37.00;1005.70;49;35;0.58;1;52.44;25.34
2025-10-13 10:52:53;31.37;100733.00;37.00;1005.69;49;35;0.58;1;52.44;25.37
2025-10-13 10:52:54;31.39;101097.00;37.00;1005.66;49;35;0.58;1;52.44;25.39
2025-10-13 10:52:55;31.43;100733.00;37.00;1005.69;50;36;0.59;1;52.43;25.43
2025-10-13 10:52:56;31.46;100433.00;37.00;1005.65;50;36;0.59;1;52.43;25.46
2025-10-13 10:52:57;31.49;100553.00;37.00;1005.65;50;36;0.59;1;52.42;25.49
2025-10-13 10:52:58;31.51;99600.00;37.00;1005.66;54;38;0.60;1;52.42;25.51
2025-10-13 10:52:59;31.54;100613.00;37.00;1005.70;54;38;0.60;1;52.42;25.54
2025-10-13 10:53:00;31.58;99836.00;37.00;1005.70;54;38;0.60;1;52.41;25.58
2025-10-13 10:53:01;31.61;99955.00;37.00;1005.70;56;38;0.61;1;52.41;25.61
2025-10-13 10:53:02;31.63;99896.00;37.00;1005.69;56;38;0.61;1;52.41;25.63
2025-10-13 10:53:03;31.66;99718.00;37.00;1005.69;56;38;0.61;1;52.40;25.66
2025-10-13 10:53:04;31.69;101219.00;37.00;1005.65;58;39;0.62;1;52.40;25.69
2025-10-13 10:53:05;31.72;99541.00;37.00;1005.66;58;39;0.62;1;52.39;25.72
2025-10-13 10:53:06;31.74;99482.00;37.00;1005.69;58;39;0.62;1;52.39;25.74
2025-10-13 10:53:07;31.77;99541.00;37.00;1005.69;59;39;0.62;1;52.39;25.77
2025-10-13 10:53:08;31.80;98955.00;37.00;1005.69;59;39;0.62;1;52.38;25.80
2025-10-13 10:53:09;31.84;98955.00;37.00;1005.69;59;39;0.62;1;52.38;25.84
2025-10-13 10:53:10;31.86;99541.00;37.00;1005.66;59;40;0.62;1;52.37;25.86
2025-10-13 10:53:11;31.89;98664.00;37.00;1005.66;59;40;0.62;1;52.37;25.89
2025-10-13 10:53:12;31.93;98955.00;37.00;1005.66;59;40;0.62;1;52.37;25.93
2025-10-13 10:53:13;31.96;98838.00;37.00;1005.69;58;39;0.62;1;52.36;25.96
2025-10-13 10:53:14;31.97;99541.00;37.00;1005.69;58;39;0.62;1;52.36;25.97
2025-10-13 10:53:15;32.01;99188.00;37.00;1005.70;58;39;0.62;1;52.35;26.01
2025-10-13 10:53:16;32.04;98664.00;37.00;1005.69;58;39;0.62;1;52.35;26.04
2025-10-13 10:53:17;32.08;99188.00;36.00;1005.70;58;39;0.62;1;50.93;26.08
2025-10-13 10:53:18;32.10;99130.00;36.00;1005.66;58;39;0.62;1;50.93;26.10
2025-10-13 10:53:19;32.13;99013.00;36.00;1005.66;60;40;0.63;1;50.92;26.13
2025-10-13 10:53:20;32.16;97690.00;36.00;1005.65;60;40;0.63;1;50.92;26.16
2025-10-13 10:53:21;32.19;98780.00;36.00;1005.69;60;40;0.63;1;50.92;26.19
2025-10-13 10:53:22;32.21;97860.00;36.00;1005.66;65;42;0.65;1;50.91;26.21
2025-10-13 10:53:23;32.24;99071.00;36.00;1005.66;65;42;0.65;1;50.91;26.24
2025-10-13 10:53:24;32.28;98318.00;36.00;1005.66;65;42;0.65;1;50.90;26.28
2025-10-13 10:53:25;32.31;97520.00;36.00;1005.66;66;43;0.65;1;50.90;26.31
2025-10-13 10:53:26;32.33;98664.00;36.00;1005.65;66;43;0.65;1;50.90;26.33
2025-10-13 10:53:27;32.36;97803.00;36.00;1005.66;66;43;0.65;1;50.89;26.36
2025-10-13 10:53:28;32.39;97690.00;36.00;1005.65;68;44;0.66;1;50.89;26.39
2025-10-13 10:53:29;32.42;98376.00;36.00;1005.69;68;44;0.66;1;50.89;26.42
2025-10-13 10:53:30;32.42;97294.00;36.00;1005.66;68;44;0.66;1;50.89;26.42
2025-10-13 10:53:31;32.45;97917.00;36.00;1005.66;69;44;0.67;1;50.88;26.45
2025-10-13 10:53:32;32.47;97917.00;36.00;1005.66;69;44;0.67;1;50.88;26.47
2025-10-13 10:53:33;32.49;98146.00;36.00;1005.66;69;44;0.67;1;50.88;26.49
2025-10-13 10:53:34;32.53;97520.00;36.00;1005.65;71;45;0.67;1;50.87;26.53
2025-10-13 10:53:35;32.55;98491.00;36.00;1005.65;71;45;0.67;1;50.87;26.55
2025-10-13 10:53:36;32.59;97576.00;36.00;1005.66;71;45;0.67;1;50.86;26.59
2025-10-13 10:53:37;32.63;97576.00;36.00;1005.69;72;45;0.68;1;50.86;26.63
2025-10-13 10:53:38;32.65;97974.00;36.00;1005.69;72;45;0.68;1;50.86;26.65
2025-10-13 10:53:39;32.67;97747.00;36.00;1005.66;72;45;0.68;1;50.85;26.67
2025-10-13 10:53:40;32.71;96957.00;36.00;1005.66;72;45;0.68;1;50.85;26.71
2025-10-13 10:53:41;32.74;97350.00;36.00;1005.62;74;46;0.69;1;50.85;26.74
2025-10-13 10:53:42;32.77;97125.00;36.00;1005.62;74;46;0.69;1;50.84;26.77
2025-10-13 10:53:43;32.80;97633.00;35.00;1005.62;74;46;0.69;1;49.43;26.80
2025-10-13 10:53:44;32.82;96623.00;35.00;1005.62;73;46;0.68;1;49.42;26.82
2025-10-13 10:53:45;32.85;97350.00;35.00;1005.65;73;46;0.68;1;49.42;26.85
2025-10-13 10:53:46;32.88;97125.00;35.00;1005.66;73;46;0.68;1;49.42;26.88
2025-10-13 10:53:47;32.90;97633.00;35.00;1005.62;74;46;0.69;1;49.41;26.90
2025-10-13 10:53:48;32.92;96957.00;35.00;1005.62;74;46;0.69;1;49.41;26.92
2025-10-13 10:53:49;32.96;96568.00;35.00;1005.65;74;46;0.69;1;49.41;26.96
2025-10-13 10:53:50;32.98;97407.00;35.00;1005.61;77;47;0.70;1;49.40;26.98
2025-10-13 10:53:51;33.01;96568.00;35.00;1005.65;77;47;0.70;1;49.40;27.01
2025-10-13 10:53:52;33.05;96790.00;35.00;1005.62;77;47;0.70;1;49.39;27.05
2025-10-13 10:53:53;33.07;96071.00;35.00;1005.65;77;48;0.70;1;49.39;27.07
2025-10-13 10:53:54;33.10;96291.00;35.00;1005.65;77;48;0.70;1;49.39;27.10
2025-10-13 10:53:55;33.13;96623.00;35.00;1005.62;77;48;0.70;1;49.38;27.13
2025-10-13 10:53:56;33.15;96846.00;35.00;1005.62;78;48;0.71;1;49.38;27.15
2025-10-13 10:53:57;33.18;96679.00;35.00;1005.62;78;48;0.71;1;49.38;27.18
2025-10-13 10:53:58;33.22;96790.00;35.00;1005.62;78;48;0.71;1;49.37;27.22
2025-10-13 10:53:59;33.24;97013.00;35.00;1005.62;77;48;0.70;1;49.37;27.24
2025-10-13 10:54:00;33.27;96291.00;35.00;1005.62;77;48;0.70;1;49.37;27.27
2025-10-13 10:54:01;33.29;95907.00;35.00;1005.65;77;48;0.70;1;49.36;27.29
2025-10-13 10:54:02;33.32;96126.00;35.00;1005.62;80;49;0.71;1;49.36;27.32
2025-10-13 10:54:03;33.35;95417.00;35.00;1005.62;80;49;0.71;1;49.36;27.35
2025-10-13 10:54:04;33.40;95961.00;35.00;1005.62;80;49;0.71;1;49.35;27.40
2025-10-13 10:54:05;33.42;95634.00;35.00;1005.65;81;49;0.72;1;49.35;27.42
2025-10-13 10:54:06;33.45;95961.00;35.00;1005.62;81;49;0.72;1;49.34;27.45
2025-10-13 10:54:07;33.48;95907.00;34.00;1005.61;81;49;0.72;1;47.93;27.48
2025-10-13 10:54:08;33.50;96181.00;35.00;1005.61;82;50;0.73;1;49.34;27.50
2025-10-13 10:54:09;33.52;96126.00;34.00;1005.66;82;50;0.73;1;47.93;27.52
2025-10-13 10:54:10;33.56;96126.00;34.00;1005.65;82;50;0.73;1;47.92;27.56
2025-10-13 10:54:11;33.57;95579.00;34.00;1005.65;82;49;0.72;1;47.92;27.57
2025-10-13 10:54:12;33.60;94932.00;34.00;1005.62;82;49;0.72;1;47.92;27.60
2025-10-13 10:54:13;33.63;95039.00;34.00;1005.65;82;49;0.72;1;47.91;27.63
2025-10-13 10:54:14;33.65;96126.00;34.00;1005.62;85;51;0.74;1;47.91;27.65
2025-10-13 10:54:15;33.68;95363.00;34.00;1005.61;85;51;0.74;1;47.91;27.68
2025-10-13 10:54:16;33.72;96126.00;34.00;1005.61;85;51;0.74;1;47.90;27.72
2025-10-13 10:54:17;33.74;95417.00;34.00;1005.62;85;51;0.74;1;47.90;27.74
2025-10-13 10:54:18;33.76;95039.00;34.00;1005.62;85;51;0.74;1;47.90;27.76
2025-10-13 10:54:19;33.80;94932.00;34.00;1005.65;85;51;0.74;1;47.89;27.80
2025-10-13 10:54:20;33.82;94932.00;34.00;1005.62;87;52;0.75;1;47.89;27.82
2025-10-13 10:54:21;33.86;95634.00;34.00;1005.61;87;52;0.75;1;47.89;27.86
2025-10-13 10:54:22;33.88;94771.00;34.00;1005.62;87;52;0.75;1;47.88;27.88
2025-10-13 10:54:23;33.90;94825.00;34.00;1005.61;89;53;0.76;1;47.88;27.90
2025-10-13 10:54:24;33.93;94505.00;34.00;1005.62;89;53;0.76;1;47.88;27.93
2025-10-13 10:54:25;33.96;94718.00;34.00;1005.65;89;53;0.76;1;47.87;27.96
2025-10-13 10:54:26;33.98;94664.00;34.00;1005.62;90;53;0.77;1;47.87;27.98
2025-10-13 10:54:27;34.01;94825.00;34.00;1005.65;90;53;0.77;1;47.87;28.01
2025-10-13 10:54:28;34.06;94932.00;34.00;1005.65;90;53;0.77;1;47.86;28.06
2025-10-13 10:54:29;34.07;94240.00;34.00;1005.65;92;54;0.78;1;47.86;28.07
2025-10-13 10:54:30;34.09;94718.00;34.00;1005.65;92;54;0.78;1;47.86;28.09
2025-10-13 10:54:31;34.14;94985.00;34.00;1005.62;92;54;0.78;1;47.85;28.14
2025-10-13 10:54:32;34.16;94664.00;34.00;1005.62;90;53;0.77;1;47.85;28.16
2025-10-13 10:54:33;34.18;94082.00;33.00;1005.66;90;53;0.77;1;46.44;28.18
2025-10-13 10:54:34;34.21;93924.00;33.00;1005.66;90;53;0.77;1;46.44;28.21
2025-10-13 10:54:35;34.23;94718.00;33.00;1005.65;93;55;0.78;1;46.43;28.23
2025-10-13 10:54:36;34.26;93767.00;33.00;1005.65;93;55;0.78;1;46.43;28.26
2025-10-13 10:54:37;34.28;94240.00;33.00;1005.65;93;55;0.78;1;46.43;28.28
2025-10-13 10:54:38;34.30;94399.00;33.00;1005.62;94;55;0.79;1;46.43;28.30
2025-10-13 10:54:39;34.33;93977.00;33.00;1005.65;94;55;0.79;1;46.42;28.33
2025-10-13 10:54:40;34.37;93767.00;33.00;1005.62;94;55;0.79;1;46.42;28.37
2025-10-13 10:54:41;34.39;93506.00;33.00;1005.58;97;56;0.80;1;46.42;28.39
2025-10-13 10:54:42;34.41;94082.00;33.00;1005.61;97;56;0.80;1;46.41;28.41
2025-10-13 10:54:43;34.44;93819.00;33.00;1005.62;97;56;0.80;1;46.41;28.44
2025-10-13 10:54:44;34.46;93819.00;33.00;1005.62;97;56;0.80;1;46.41;28.46
2025-10-13 10:54:45;34.50;93610.00;33.00;1005.61;97;56;0.80;1;46.40;28.50
2025-10-13 10:54:46;34.52;93924.00;33.00;1005.58;97;56;0.80;1;46.40;28.52
2025-10-13 10:54:47;34.54;93506.00;33.00;1005.58;97;56;0.80;1;46.40;28.54
2025-10-13 10:54:48;34.57;93662.00;33.00;1005.61;97;56;0.80;1;46.39;28.57
2025-10-13 10:54:49;34.59;93506.00;33.00;1005.61;97;56;0.80;1;46.39;28.59
2025-10-13 10:54:50;34.61;93454.00;33.00;1005.57;98;57;0.81;1;46.39;28.61
2025-10-13 10:54:51;34.65;93454.00;33.00;1005.61;98;57;0.81;1;46.39;28.65
2025-10-13 10:54:52;34.67;93558.00;33.00;1005.62;98;57;0.81;1;46.38;28.67
2025-10-13 10:54:53;34.70;94647.00;33.00;1005.61;94;55;0.79;1;46.38;28.70
2025-10-13 10:54:54;34.72;94647.00;33.00;1005.61;94;55;0.79;1;46.38;28.72
2025-10-13 10:54:55;34.76;94754.00;33.00;1005.62;94;55;0.79;1;46.37;28.76
2025-10-13 10:54:56;34.78;93977.00;33.00;1005.61;93;54;0.78;1;46.37;28.78
2025-10-13 10:54:57;34.81;94647.00;33.00;1005.61;93;54;0.78;1;46.37;28.81
2025-10-13 10:54:58;34.83;93662.00;33.00;1005.61;93;54;0.78;1;46.36;28.83
2025-10-13 10:54:59;34.85;94861.00;33.00;1005.65;92;54;0.77;1;46.36;28.85
2025-10-13 10:55:00;34.88;94754.00;32.00;1005.65;92;54;0.77;1;44.95;28.88
2025-10-13 10:55:01;34.91;93454.00;32.00;1005.65;92;54;0.77;1;44.95;28.91
2025-10-13 10:55:02;34.93;94435.00;32.00;1005.62;89;53;0.76;1;44.95;28.93
2025-10-13 10:55:03;34.95;94223.00;32.00;1005.62;89;53;0.76;1;44.95;28.95
2025-10-13 10:55:04;34.98;94541.00;32.00;1005.61;89;53;0.76;1;44.94;28.98
2025-10-13 10:55:05;34.99;94754.00;32.00;1005.54;91;54;0.77;1;44.94;28.99
2025-10-13 10:55:06;35.02;94754.00;32.00;1005.57;91;54;0.77;1;44.94;29.02
2025-10-13 10:55:07;35.06;93454.00;32.00;1005.61;91;54;0.77;1;44.93;29.06
2025-10-13 10:55:08;35.08;94435.00;32.00;1005.58;92;54;0.78;1;44.93;29.08
2025-10-13 10:55:09;35.10;93506.00;32.00;1005.61;92;54;0.78;1;44.93;29.10
2025-10-13 10:55:10;35.13;94647.00;32.00;1005.58;92;54;0.78;1;44.93;29.13
2025-10-13 10:55:11;35.15;94012.00;32.00;1005.57;92;54;0.77;1;44.92;29.15
2025-10-13 10:55:12;35.17;94541.00;32.00;1005.57;92;54;0.77;1;44.92;29.17
2025-10-13 10:55:13;35.20;94329.00;32.00;1005.58;92;54;0.77;1;44.92;29.20
2025-10-13 10:55:14;35.22;94541.00;32.00;1005.58;87;52;0.75;1;44.92;29.22
2025-10-13 10:55:15;35.24;94861.00;32.00;1005.58;87;52;0.75;1;44.91;29.24
2025-10-13 10:55:16;35.27;94012.00;32.00;1005.58;87;52;0.75;1;44.91;29.27
2025-10-13 10:55:17;35.29;94118.00;32.00;1005.58;86;51;0.74;1;44.91;29.29
2025-10-13 10:55:18;35.32;94754.00;32.00;1005.61;86;51;0.74;1;44.91;29.32
2025-10-13 10:55:19;35.36;94012.00;32.00;1005.61;86;51;0.74;1;44.90;29.36
2025-10-13 10:55:20;35.37;93977.00;32.00;1005.61;84;51;0.74;1;44.90;29.37
2025-10-13 10:55:21;35.39;94435.00;32.00;1005.61;84;51;0.74;1;44.90;29.39
2025-10-13 10:55:22;35.42;94754.00;32.00;1005.58;84;51;0.74;1;44.89;29.42
2025-10-13 10:55:23;35.44;94968.00;32.00;1005.61;82;49;0.72;1;44.89;29.44
2025-10-13 10:55:24;35.46;93698.00;32.00;1005.61;82;49;0.72;1;44.89;29.46
2025-10-13 10:55:25;35.49;94435.00;32.00;1005.58;82;49;0.72;1;44.89;29.49
2025-10-13 10:55:26;35.51;93698.00;32.00;1005.61;83;50;0.73;1;44.88;29.51
2025-10-13 10:55:27;35.53;94541.00;32.00;1005.61;83;50;0.73;1;44.88;29.53
2025-10-13 10:55:28;35.55;94541.00;32.00;1005.58;83;50;0.73;1;44.88;29.55
2025-10-13 10:55:29;35.57;94223.00;32.00;1005.57;83;50;0.73;1;44.88;29.57
2025-10-13 10:55:30;35.60;93907.00;32.00;1005.57;83;50;0.73;1;44.87;29.60
2025-10-13 10:55:31;35.62;94435.00;31.00;1005.58;83;50;0.73;1;43.47;29.62
2025-10-13 10:55:32;35.64;94329.00;31.00;1005.57;82;50;0.73;1;43.47;29.64
2025-10-13 10:55:33;35.67;93698.00;31.00;1005.58;82;50;0.73;1;43.46;29.67
2025-10-13 10:55:34;35.70;94118.00;31.00;1005.58;82;50;0.73;1;43.46;29.70
2025-10-13 10:55:35;35.72;93802.00;31.00;1005.57;83;50;0.73;1;43.46;29.72
2025-10-13 10:55:36;35.73;94647.00;31.00;1005.58;83;50;0.73;1;43.46;29.73
2025-10-13 10:55:37;35.75;94012.00;31.00;1005.58;83;50;0.73;1;43.46;29.75
2025-10-13 10:55:38;35.78;94329.00;31.00;1005.58;80;49;0.72;1;43.45;29.78
2025-10-13 10:55:39;35.81;93802.00;31.00;1005.58;80;49;0.72;1;43.45;29.81
2025-10-13 10:55:40;35.82;93802.00;31.00;1005.61;80;49;0.72;1;43.45;29.82
2025-10-13 10:55:41;35.85;94647.00;31.00;1005.58;82;50;0.73;1;43.45;29.85
2025-10-13 10:55:42;35.87;93489.00;31.00;1005.61;82;50;0.73;1;43.44;29.87
2025-10-13 10:55:43;35.90;93282.00;31.00;1005.61;82;50;0.73;1;43.44;29.90
2025-10-13 10:55:44;35.91;93489.00;31.00;1005.58;84;50;0.73;1;43.44;29.91
2025-10-13 10:55:45;35.95;94754.00;31.00;1005.58;84;50;0.73;1;43.44;29.95
2025-10-13 10:55:46;35.96;94754.00;31.00;1005.61;84;50;0.73;1;43.43;29.96
2025-10-13 10:55:47;36.00;94118.00;31.00;1005.62;81;49;0.72;1;43.43;30.00
2025-10-13 10:55:48;36.01;94223.00;31.00;1005.62;81;49;0.72;1;43.43;30.01
2025-10-13 10:55:49;36.04;93075.00;31.00;1005.62;81;49;0.72;1;43.43;30.04
2025-10-13 10:55:50;36.06;94329.00;31.00;1005.62;75;46;0.69;1;43.42;30.06
2025-10-13 10:55:51;36.09;93907.00;31.00;1005.61;75;46;0.69;1;43.42;30.09
2025-10-13 10:55:52;36.10;93075.00;31.00;1005.61;75;46;0.69;1;43.42;30.10
2025-10-13 10:55:53;36.12;94012.00;31.00;1005.61;77;47;0.70;1;43.42;30.12
2025-10-13 10:55:54;36.14;93489.00;31.00;1005.58;77;47;0.70;1;43.41;30.14
2025-10-13 10:55:55;36.18;93593.00;31.00;1005.62;77;47;0.70;1;43.41;30.18
2025-10-13 10:55:56;36.19;95076.00;31.00;1005.62;73;46;0.68;1;43.41;30.19
2025-10-13 10:55:57;36.21;93698.00;31.00;1005.61;73;46;0.68;1;43.41;30.21
2025-10-13 10:55:58;36.23;93282.00;31.00;1005.58;73;46;0.68;1;43.41;30.23
2025-10-13 10:55:59;36.25;94968.00;31.00;1005.58;68;44;0.66;1;43.40;30.25
2025-10-13 10:56:00;36.27;93385.00;30.00;1005.58;68;44;0.66;1;42.00;30.27
2025-10-13 10:56:01;36.30;94968.00;30.00;1005.61;68;44;0.66;1;42.00;30.30
2025-10-13 10:56:02;36.32;95508.00;30.00;1005.61;67;43;0.66;1;42.00;30.32
2025-10-13 10:56:03;36.34;95508.00;30.00;1005.58;67;43;0.66;1;41.99;30.34
2025-10-13 10:56:04;36.36;95508.00;30.00;1005.58;67;43;0.66;1;41.99;30.36
2025-10-13 10:56:05;36.39;95508.00;30.00;1005.58;65;42;0.65;1;41.99;30.39
2025-10-13 10:56:06;36.42;95076.00;30.00;1005.61;65;42;0.65;1;41.99;30.42
2025-10-13 10:56:07;36.43;94647.00;30.00;1005.62;65;42;0.65;1;41.98;30.43
2025-10-13 10:56:08;36.46;93282.00;30.00;1005.61;64;42;0.64;1;41.98;30.46
2025-10-13 10:56:09;36.48;94968.00;30.00;1005.58;64;42;0.64;1;41.98;30.48
2025-10-13 10:56:10;36.50;95399.00;30.00;1005.58;64;42;0.64;1;41.98;30.50
2025-10-13 10:56:11;36.52;95183.00;30.00;1005.58;64;42;0.64;1;41.98;30.52
2025-10-13 10:56:12;36.54;93907.00;30.00;1005.58;64;42;0.64;1;41.97;30.54
2025-10-13 10:56:13;36.57;94861.00;30.00;1005.61;64;42;0.64;1;41.97;30.57
2025-10-13 10:56:14;36.58;95508.00;30.00;1005.61;64;42;0.64;1;41.97;30.58
2025-10-13 10:56:15;36.61;94754.00;30.00;1005.61;64;42;0.64;1;41.97;30.61
2025-10-13 10:56:16;36.63;94435.00;30.00;1005.62;64;42;0.64;1;41.96;30.63
2025-10-13 10:56:17;36.66;94647.00;30.00;1005.62;65;42;0.65;1;41.96;30.66
2025-10-13 10:56:18;36.68;93385.00;30.00;1005.61;65;42;0.65;1;41.96;30.68
2025-10-13 10:56:19;36.69;94647.00;30.00;1005.61;65;42;0.65;1;41.96;30.69
2025-10-13 10:56:20;36.71;93178.00;30.00;1005.58;66;42;0.65;1;41.96;30.71
2025-10-13 10:56:21;36.74;93489.00;30.00;1005.58;66;42;0.65;1;41.95;30.74
2025-10-13 10:56:22;36.74;94754.00;30.00;1005.58;66;42;0.65;1;41.95;30.74
2025-10-13 10:56:23;36.76;93178.00;30.00;1005.58;71;45;0.68;1;41.95;30.76
2025-10-13 10:56:24;36.77;94435.00;30.00;1005.58;71;45;0.68;1;41.95;30.77
2025-10-13 10:56:25;36.80;94968.00;30.00;1005.57;71;45;0.68;1;41.95;30.80
2025-10-13 10:56:26;36.82;94861.00;30.00;1005.57;69;44;0.66;1;41.95;30.82
2025-10-13 10:56:27;36.84;94223.00;30.00;1005.58;69;44;0.66;1;41.94;30.84
2025-10-13 10:56:28;36.85;94541.00;30.00;1005.58;69;44;0.66;1;41.94;30.85
2025-10-13 10:56:29;36.88;94968.00;30.00;1005.57;66;43;0.65;1;41.94;30.88
2025-10-13 10:56:30;36.90;93907.00;30.00;1005.61;66;43;0.65;1;41.94;30.90
2025-10-13 10:56:31;36.92;94329.00;30.00;1005.58;66;43;0.65;1;41.93;30.92
2025-10-13 10:56:32;36.94;94647.00;30.00;1005.57;65;42;0.65;1;41.93;30.94
2025-10-13 10:56:33;36.96;95291.00;30.00;1005.58;65;42;0.65;1;41.93;30.96
2025-10-13 10:56:34;36.99;94647.00;30.00;1005.58;65;42;0.65;1;41.93;30.99
2025-10-13 10:56:35;37.00;94435.00;30.00;1005.57;65;42;0.65;1;41.93;31.00
2025-10-13 10:56:36;37.02;93698.00;29.00;1005.57;65;42;0.65;1;40.53;31.02
2025-10-13 10:56:37;37.04;94861.00;29.00;1005.58;65;42;0.65;1;40.53;31.04
2025-10-13 10:56:38;37.06;94541.00;29.00;1005.61;65;42;0.65;1;40.52;31.06
2025-10-13 10:56:39;37.08;94541.00;29.00;1005.58;65;42;0.65;1;40.52;31.08
2025-10-13 10:56:40;37.10;93907.00;29.00;1005.61;65;42;0.65;1;40.52;31.10
2025-10-13 10:56:41;37.12;94968.00;29.00;1005.61;65;42;0.65;1;40.52;31.12
2025-10-13 10:56:42;37.14;94012.00;29.00;1005.61;64;42;0.64;1;40.52;31.14
2025-10-13 10:56:43;37.15;94012.00;29.00;1005.58;64;42;0.64;1;40.51;31.15
2025-10-13 10:56:44;37.19;94223.00;29.00;1005.61;64;42;0.64;1;40.51;31.19
2025-10-13 10:56:45;37.20;94754.00;29.00;1005.57;66;42;0.65;1;40.51;31.20
2025-10-13 10:56:46;37.22;93698.00;29.00;1005.58;66;42;0.65;1;40.51;31.22
2025-10-13 10:56:47;37.25;94118.00;29.00;1005.57;66;42;0.65;1;40.50;31.25
2025-10-13 10:56:48;37.26;93907.00;29.00;1005.57;67;43;0.66;1;40.50;31.26
2025-10-13 10:56:49;37.29;93907.00;29.00;1005.58;67;43;0.66;1;40.50;31.29
2025-10-13 10:56:50;37.31;94435.00;29.00;1005.57;67;43;0.66;1;40.50;31.31
2025-10-13 10:56:51;37.33;94435.00;29.00;1005.58;67;43;0.66;1;40.50;31.33
2025-10-13 10:56:52;37.35;93593.00;29.00;1005.57;67;43;0.66;1;40.50;31.35
2025-10-13 10:56:53;37.37;93593.00;29.00;1005.57;67;43;0.66;1;40.49;31.37
2025-10-13 10:56:54;37.38;93178.00;29.00;1005.58;69;44;0.67;1;40.49;31.38
2025-10-13 10:56:55;37.40;93489.00;29.00;1005.57;69;44;0.67;1;40.49;31.40
2025-10-13 10:56:56;37.43;93698.00;29.00;1005.54;69;44;0.67;1;40.49;31.43
2025-10-13 10:56:57;37.45;93593.00;29.00;1005.52;71;45;0.67;1;40.49;31.45
2025-10-13 10:56:58;37.46;93698.00;29.00;1005.52;71;45;0.67;1;40.48;31.46
2025-10-13 10:56:59;37.49;93282.00;29.00;1005.54;71;45;0.67;1;40.48;31.49
2025-10-13 10:57:00;37.50;94541.00;29.00;1005.52;73;46;0.68;1;40.48;31.50
2025-10-13 10:57:01;37.52;94012.00;29.00;1005.57;73;46;0.68;1;40.48;31.52
2025-10-13 10:57:02;37.54;93802.00;29.00;1005.58;73;46;0.68;1;40.48;31.54
2025-10-13 10:57:03;37.55;93489.00;29.00;1005.58;72;45;0.68;1;40.48;31.55
2025-10-13 10:57:04;37.57;93907.00;29.00;1005.57;72;45;0.68;1;40.47;31.57
2025-10-13 10:57:05;37.60;93385.00;29.00;1005.57;72;45;0.68;1;40.47;31.60
2025-10-13 10:57:06;37.61;93802.00;29.00;1005.58;73;46;0.68;1;40.47;31.61
2025-10-13 10:57:07;37.63;93698.00;29.00;1005.58;73;46;0.68;1;40.47;31.63
2025-10-13 10:57:08;37.65;93282.00;29.00;1005.54;73;46;0.68;1;40.47;31.65
2025-10-13 10:57:09;37.66;93489.00;29.00;1005.54;74;46;0.69;1;40.46;31.66
2025-10-13 10:57:10;37.68;92767.00;29.00;1005.54;74;46;0.69;1;40.46;31.68
2025-10-13 10:57:11;37.71;92870.00;28.00;1005.54;74;46;0.69;1;39.06;31.71
2025-10-13 10:57:12;37.73;93698.00;29.00;1005.54;74;46;0.69;1;40.46;31.73
2025-10-13 10:57:13;37.74;93178.00;28.00;1005.58;74;46;0.69;1;39.06;31.74
2025-10-13 10:57:14;37.76;93075.00;28.00;1005.57;74;46;0.69;1;39.06;31.76
2025-10-13 10:57:15;37.78;93385.00;28.00;1005.57;76;47;0.70;1;39.06;31.78
2025-10-13 10:57:16;37.80;93385.00;28.00;1005.57;76;47;0.70;1;39.06;31.80
2025-10-13 10:57:17;37.81;93075.00;28.00;1005.54;76;47;0.70;1;39.06;31.81
2025-10-13 10:57:18;37.83;92767.00;28.00;1005.52;78;48;0.70;1;39.05;31.83
2025-10-13 10:57:19;37.85;92870.00;28.00;1005.57;78;48;0.70;1;39.05;31.85
2025-10-13 10:57:20;37.87;93489.00;28.00;1005.52;78;48;0.70;1;39.05;31.87
2025-10-13 10:57:21;37.88;93489.00;28.00;1005.54;79;48;0.71;1;39.05;31.88
2025-10-13 10:57:22;37.91;93178.00;28.00;1005.54;79;48;0.71;1;39.05;31.91
2025-10-13 10:57:23;37.93;92972.00;28.00;1005.54;79;48;0.71;1;39.04;31.93
2025-10-13 10:57:24;37.94;92767.00;28.00;1005.54;79;48;0.71;1;39.04;31.94
2025-10-13 10:57:25;37.96;92665.00;28.00;1005.57;79;48;0.71;1;39.04;31.96
2025-10-13 10:57:26;37.98;92870.00;28.00;1005.57;79;48;0.71;1;39.04;31.98
2025-10-13 10:57:27;38.00;92359.00;28.00;1005.54;80;49;0.72;1;39.04;32.00
2025-10-13 10:57:28;38.02;93489.00;28.00;1005.57;80;49;0.72;1;39.04;32.02
2025-10-13 10:57:29;38.04;92563.00;28.00;1005.54;80;49;0.72;1;39.03;32.04
2025-10-13 10:57:30;38.05;92359.00;28.00;1005.54;82;50;0.73;1;39.03;32.05
2025-10-13 10:57:31;38.07;92461.00;28.00;1005.57;82;50;0.73;1;39.03;32.07
2025-10-13 10:57:32;38.09;92258.00;28.00;1005.57;82;50;0.73;1;39.03;32.09
2025-10-13 10:57:33;38.10;92563.00;28.00;1005.57;79;48;0.71;1;39.03;32.10
2025-10-13 10:57:34;38.12;91955.00;28.00;1005.57;79;48;0.71;1;39.03;32.12
2025-10-13 10:57:35;38.14;92258.00;28.00;1005.52;79;48;0.71;1;39.02;32.14
2025-10-13 10:57:36;38.15;93385.00;28.00;1005.54;82;50;0.73;1;39.02;32.15
2025-10-13 10:57:37;38.17;93075.00;28.00;1005.54;82;50;0.73;1;39.02;32.17
2025-10-13 10:57:38;38.20;93178.00;28.00;1005.58;82;50;0.73;1;39.02;32.20
2025-10-13 10:57:39;38.21;92767.00;28.00;1005.58;82;49;0.72;1;39.02;32.21
2025-10-13 10:57:40;38.22;92461.00;28.00;1005.57;82;49;0.72;1;39.02;32.22
2025-10-13 10:57:41;38.25;92665.00;28.00;1005.54;82;49;0.72;1;39.01;32.25
2025-10-13 10:57:42;38.26;92461.00;28.00;1005.57;82;50;0.73;1;39.01;32.26
2025-10-13 10:57:43;38.28;92258.00;28.00;1005.58;82;50;0.73;1;39.01;32.28
2025-10-13 10:57:44;38.30;92563.00;28.00;1005.57;82;50;0.73;1;39.01;32.30
2025-10-13 10:57:45;38.31;92563.00;28.00;1005.57;82;50;0.73;1;39.01;32.31
2025-10-13 10:57:46;38.33;92563.00;28.00;1005.54;82;50;0.73;1;39.01;32.33
2025-10-13 10:57:47;38.35;92258.00;28.00;1005.57;82;50;0.73;1;39.01;32.35
2025-10-13 10:57:48;38.36;92767.00;28.00;1005.54;84;50;0.73;1;39.00;32.36
2025-10-13 10:57:49;38.37;92157.00;28.00;1005.57;84;50;0.73;1;39.00;32.37
2025-10-13 10:57:50;38.39;92461.00;28.00;1005.57;84;50;0.73;1;39.00;32.39
2025-10-13 10:57:51;38.41;92461.00;28.00;1005.52;83;50;0.73;1;39.00;32.41
2025-10-13 10:57:52;38.43;92563.00;27.00;1005.54;83;50;0.73;1;37.61;32.43
2025-10-13 10:57:53;38.45;93385.00;27.00;1005.57;83;50;0.73;1;37.60;32.45
2025-10-13 10:57:54;38.46;92258.00;27.00;1005.57;87;52;0.75;1;37.60;32.46
2025-10-13 10:57:55;38.47;92461.00;27.00;1005.57;87;52;0.75;1;37.60;32.47
2025-10-13 10:57:56;38.50;92157.00;27.00;1005.57;87;52;0.75;1;37.60;32.50
2025-10-13 10:57:57;38.51;93178.00;27.00;1005.54;88;52;0.75;1;37.60;32.51
2025-10-13 10:57:58;38.52;91654.00;27.00;1005.54;88;52;0.75;1;37.60;32.52
2025-10-13 10:57:59;38.55;92157.00;27.00;1005.54;88;52;0.75;1;37.59;32.55
2025-10-13 10:58:00;38.56;92767.00;27.00;1005.57;88;52;0.76;1;37.59;32.56
2025-10-13 10:58:01;38.58;92157.00;27.00;1005.57;88;52;0.76;1;37.59;32.58
2025-10-13 10:58:02;38.60;91855.00;27.00;1005.52;88;52;0.76;1;37.59;32.60
2025-10-13 10:58:03;38.61;92359.00;27.00;1005.54;87;52;0.75;1;37.59;32.61
2025-10-13 10:58:04;38.63;91955.00;27.00;1005.54;87;52;0.75;1;37.59;32.63
2025-10-13 10:58:05;38.65;91455.00;27.00;1005.57;87;52;0.75;1;37.59;32.65
2025-10-13 10:58:06;38.66;91256.00;27.00;1005.58;89;53;0.76;1;37.58;32.66
2025-10-13 10:58:07;38.68;92056.00;27.00;1005.57;89;53;0.76;1;37.58;32.68
2025-10-13 10:58:08;38.70;91654.00;27.00;1005.54;89;53;0.76;1;37.58;32.70
2025-10-13 10:58:09;38.71;91654.00;27.00;1005.57;88;52;0.75;1;37.58;32.71
2025-10-13 10:58:10;38.73;92461.00;27.00;1005.57;88;52;0.75;1;37.58;32.73
2025-10-13 10:58:11;38.75;91855.00;27.00;1005.58;88;52;0.75;1;37.58;32.75
2025-10-13 10:58:12;38.76;91955.00;27.00;1005.54;88;52;0.76;1;37.58;32.76
2025-10-13 10:58:13;38.78;92461.00;27.00;1005.57;88;52;0.76;1;37.57;32.78
2025-10-13 10:58:14;38.79;91455.00;27.00;1005.54;88;52;0.76;1;37.57;32.79
2025-10-13 10:58:15;38.80;91955.00;27.00;1005.54;91;53;0.77;1;37.57;32.80
2025-10-13 10:58:16;38.82;92563.00;27.00;1005.54;91;53;0.77;1;37.57;32.82
2025-10-13 10:58:17;38.83;92157.00;27.00;1005.54;91;53;0.77;1;37.57;32.83
2025-10-13 10:58:18;38.84;91855.00;27.00;1005.52;89;53;0.76;1;37.57;32.84
2025-10-13 10:58:19;38.86;91355.00;27.00;1005.52;89;53;0.76;1;37.57;32.86
2025-10-13 10:58:20;38.89;91654.00;27.00;1005.57;89;53;0.76;1;37.56;32.89
2025-10-13 10:58:21;38.90;92258.00;27.00;1005.57;92;54;0.78;1;37.56;32.90
2025-10-13 10:58:22;38.91;91955.00;27.00;1005.57;92;54;0.78;1;37.56;32.91
2025-10-13 10:58:23;38.93;91955.00;27.00;1005.54;92;54;0.78;1;37.56;32.93
2025-10-13 10:58:24;38.94;91554.00;27.00;1005.54;94;55;0.78;1;37.56;32.94
2025-10-13 10:58:25;38.96;91654.00;27.00;1005.54;94;55;0.78;1;37.56;32.96
2025-10-13 10:58:26;38.97;91355.00;27.00;1005.57;94;55;0.78;1;37.56;32.97
2025-10-13 10:58:27;38.98;91355.00;27.00;1005.52;94;55;0.79;1;37.56;32.98
2025-10-13 10:58:28;39.00;91855.00;27.00;1005.52;94;55;0.79;1;37.55;33.00
2025-10-13 10:58:29;39.02;91855.00;27.00;1005.52;94;55;0.79;1;37.55;33.02
2025-10-13 10:58:30;39.03;91157.00;27.00;1005.54;92;54;0.77;1;37.55;33.03
2025-10-13 10:58:31;39.05;91256.00;27.00;1005.52;92;54;0.77;1;37.55;33.05
2025-10-13 10:58:32;39.06;91654.00;27.00;1005.52;92;54;0.77;1;37.55;33.06
2025-10-13 10:58:33;39.07;91654.00;27.00;1005.51;93;54;0.78;1;37.55;33.07
2025-10-13 10:58:34;39.09;91654.00;27.00;1005.48;93;54;0.78;1;37.55;33.09
2025-10-13 10:58:35;39.12;91855.00;27.00;1005.57;93;54;0.78;1;37.54;33.12
2025-10-13 10:58:36;39.13;90960.00;27.00;1005.54;94;55;0.78;1;37.54;33.13
2025-10-13 10:58:37;39.13;91554.00;27.00;1005.57;94;55;0.78;1;37.54;33.13
2025-10-13 10:58:38;39.16;91955.00;27.00;1005.54;94;55;0.78;1;37.54;33.16
2025-10-13 10:58:39;39.16;91058.00;27.00;1005.52;94;55;0.78;1;37.54;33.16
2025-10-13 10:58:40;39.18;91256.00;27.00;1005.52;94;55;0.78;1;37.54;33.18
2025-10-13 10:58:41;39.19;91058.00;26.00;1005.52;94;55;0.78;1;36.15;33.19
2025-10-13 10:58:42;39.21;91157.00;26.00;1005.52;96;56;0.80;1;36.15;33.21
2025-10-13 10:58:43;39.22;91955.00;26.00;1005.52;96;56;0.80;1;36.14;33.22
2025-10-13 10:58:44;39.24;91554.00;26.00;1005.54;96;56;0.80;1;36.14;33.24
2025-10-13 10:58:45;39.25;91355.00;26.00;1005.52;99;57;0.81;1;36.14;33.25
2025-10-13 10:58:46;39.27;91256.00;26.00;1005.52;99;57;0.81;1;36.14;33.27
2025-10-13 10:58:47;39.28;91355.00;26.00;1005.51;99;57;0.81;1;36.14;33.28
2025-10-13 10:58:48;39.28;91256.00;26.00;1005.52;100;57;0.82;1;36.14;33.28
2025-10-13 10:58:49;39.30;91157.00;26.00;1005.52;100;57;0.82;1;36.14;33.30
2025-10-13 10:58:50;39.33;90960.00;26.00;1005.57;100;57;0.82;1;36.14;33.33
2025-10-13 10:58:51;39.33;91058.00;26.00;1005.54;100;57;0.82;1;36.14;33.33
2025-10-13 10:58:52;39.34;90862.00;26.00;1005.54;100;57;0.82;1;36.13;33.34
2025-10-13 10:58:53;39.37;91355.00;26.00;1005.54;100;57;0.82;1;36.13;33.37
2025-10-13 10:58:54;39.38;90960.00;26.00;1005.57;99;57;0.81;1;36.13;33.38
2025-10-13 10:58:55;39.39;91955.00;26.00;1005.54;99;57;0.81;1;36.13;33.39
2025-10-13 10:58:56;39.40;90763.00;26.00;1005.54;99;57;0.81;1;36.13;33.40
2025-10-13 10:58:57;39.42;90470.00;26.00;1005.52;98;57;0.81;1;36.13;33.42
2025-10-13 10:58:58;39.43;91554.00;26.00;1005.54;98;57;0.81;1;36.13;33.43
2025-10-13 10:58:59;39.45;90862.00;26.00;1005.54;98;57;0.81;1;36.12;33.45
2025-10-13 10:59:00;39.46;90665.00;26.00;1005.54;101;58;0.82;1;36.12;33.46
2025-10-13 10:59:01;39.47;90665.00;26.00;1005.52;101;58;0.82;1;36.12;33.47
2025-10-13 10:59:02;39.49;90665.00;26.00;1005.52;101;58;0.82;1;36.12;33.49
2025-10-13 10:59:03;39.50;90568.00;26.00;1005.51;101;58;0.82;1;36.12;33.50
2025-10-13 10:59:04;39.51;91058.00;26.00;1005.52;101;58;0.82;1;36.12;33.51
2025-10-13 10:59:05;39.53;90665.00;26.00;1005.52;101;58;0.82;1;36.12;33.53
2025-10-13 10:59:06;39.55;90568.00;26.00;1005.57;102;58;0.83;1;36.12;33.55
2025-10-13 10:59:07;39.56;90276.00;26.00;1005.54;102;58;0.83;1;36.12;33.56
2025-10-13 10:59:08;39.57;91554.00;26.00;1005.54;102;58;0.83;1;36.11;33.57
2025-10-13 10:59:09;39.59;90960.00;26.00;1005.54;104;59;0.84;1;36.11;33.59
2025-10-13 10:59:10;39.60;91355.00;26.00;1005.51;104;59;0.84;1;36.11;33.60
2025-10-13 10:59:11;39.61;90568.00;26.00;1005.51;104;59;0.84;1;36.11;33.61
2025-10-13 10:59:12;39.63;90763.00;26.00;1005.51;104;59;0.84;1;36.11;33.63
2025-10-13 10:59:13;39.64;91256.00;26.00;1005.51;104;59;0.84;1;36.11;33.64
2025-10-13 10:59:14;39.66;90276.00;26.00;1005.51;104;59;0.84;1;36.11;33.66
2025-10-13 10:59:15;39.67;90470.00;26.00;1005.51;105;60;0.85;1;36.11;33.67
2025-10-13 10:59:16;39.69;91554.00;26.00;1005.48;105;60;0.85;1;36.10;33.69
2025-10-13 10:59:17;39.71;90960.00;26.00;1005.51;105;60;0.85;1;36.10;33.71
2025-10-13 10:59:18;39.72;90763.00;26.00;1005.51;105;60;0.85;1;36.10;33.72
2025-10-13 10:59:19;39.73;90568.00;26.00;1005.48;105;60;0.85;1;36.10;33.73
2025-10-13 10:59:20;39.74;90665.00;26.00;1005.51;105;60;0.85;1;36.10;33.74
2025-10-13 10:59:21;39.76;90960.00;26.00;1005.51;104;59;0.84;1;36.10;33.76
2025-10-13 10:59:22;39.77;90763.00;26.00;1005.52;104;59;0.84;1;36.10;33.77
2025-10-13 10:59:23;39.79;90763.00;26.00;1005.52;104;59;0.84;1;36.10;33.79
2025-10-13 10:59:24;39.79;90862.00;26.00;1005.51;102;59;0.83;1;36.10;33.79
2025-10-13 10:59:25;39.81;90960.00;26.00;1005.51;102;59;0.83;1;36.09;33.81
2025-10-13 10:59:26;39.82;90470.00;26.00;1005.51;102;59;0.83;1;36.09;33.82
2025-10-13 10:59:27;39.83;91157.00;26.00;1005.52;101;58;0.82;1;36.09;33.83
2025-10-13 10:59:28;39.85;90276.00;26.00;1005.48;101;58;0.82;1;36.09;33.85
2025-10-13 10:59:29;39.87;90665.00;26.00;1005.51;101;58;0.82;1;36.09;33.87
2025-10-13 10:59:30;39.88;90960.00;26.00;1005.48;100;57;0.82;1;36.09;33.88
2025-10-13 10:59:31;39.89;90960.00;26.00;1005.51;100;57;0.82;1;36.09;33.89
2025-10-13 10:59:32;39.91;90763.00;26.00;1005.52;100;57;0.82;1;36.09;33.91
2025-10-13 10:59:33;39.92;90276.00;26.00;1005.52;100;57;0.82;1;36.09;33.92
2025-10-13 10:59:34;39.93;90665.00;26.00;1005.48;100;57;0.82;1;36.08;33.93
2025-10-13 10:59:35;39.95;90568.00;26.00;1005.51;100;57;0.82;1;36.08;33.95
2025-10-13 10:59:36;39.96;90665.00;26.00;1005.52;101;58;0.82;1;36.08;33.96
2025-10-13 10:59:37;39.98;90082.00;26.00;1005.57;101;58;0.82;1;36.08;33.98
2025-10-13 10:59:38;39.98;90665.00;25.00;1005.54;101;58;0.82;1;34.69;33.98
2025-10-13 10:59:39;40.00;90568.00;25.00;1005.54;101;58;0.82;1;34.69;34.00
2025-10-13 10:59:40;40.02;90276.00;25.00;1005.54;101;58;0.82;1;34.69;34.02
2025-10-13 10:59:41;40.03;90763.00;25.00;1005.52;101;58;0.82;1;34.69;34.03
2025-10-13 10:59:42;40.04;90179.00;25.00;1005.51;105;59;0.84;1;34.69;34.04
2025-10-13 10:59:43;40.05;91157.00;25.00;1005.52;105;59;0.84;1;34.69;34.05
2025-10-13 10:59:44;40.07;90276.00;25.00;1005.52;105;59;0.84;1;34.69;34.07
2025-10-13 10:59:45;40.07;90470.00;25.00;1005.51;106;60;0.85;1;34.69;34.07
2025-10-13 10:59:46;40.07;90470.00;25.00;1005.52;106;60;0.85;1;34.69;34.07
2025-10-13 10:59:47;40.09;90470.00;25.00;1005.52;106;60;0.85;1;34.68;34.09
2025-10-13 10:59:48;40.11;90665.00;25.00;1005.51;106;60;0.85;1;34.68;34.11
2025-10-13 10:59:49;40.12;90862.00;25.00;1005.51;106;60;0.85;1;34.68;34.12
2025-10-13 10:59:50;40.13;92157.00;25.00;1005.51;106;60;0.85;1;34.68;34.13
2025-10-13 10:59:51;40.15;89890.00;25.00;1005.51;109;61;0.87;1;34.68;34.15
2025-10-13 10:59:52;40.15;89602.00;25.00;1005.48;109;61;0.87;1;34.68;34.15
2025-10-13 10:59:53;40.17;90276.00;25.00;1005.51;109;61;0.87;1;34.68;34.17
2025-10-13 10:59:54;40.18;90862.00;25.00;1005.52;108;61;0.86;1;34.68;34.18
2025-10-13 10:59:55;40.19;89602.00;25.00;1005.54;108;61;0.86;1;34.68;34.19
2025-10-13 10:59:56;40.21;90763.00;25.00;1005.52;108;61;0.86;1;34.67;34.21
2025-10-13 10:59:57;40.22;90179.00;25.00;1005.52;109;61;0.87;1;34.67;34.22
2025-10-13 10:59:58;40.23;90179.00;25.00;1005.51;109;61;0.87;1;34.67;34.23
2025-10-13 10:59:59;40.24;90082.00;25.00;1005.52;109;61;0.87;1;34.67;34.24
2025-10-13 11:00:00;40.25;90665.00;25.00;1005.51;109;61;0.87;1;34.67;34.25
2025-10-13 11:00:01;40.26;91855.00;25.00;1005.51;108;61;0.86;1;34.67;34.26
2025-10-13 11:00:02;40.27;89794.00;25.00;1005.52;108;61;0.86;1;34.67;34.27
2025-10-13 11:00:03;40.29;91058.00;25.00;1005.51;108;61;0.86;1;34.67;34.29
2025-10-13 11:00:04;40.30;90763.00;25.00;1005.52;106;60;0.85;1;34.67;34.30
2025-10-13 11:00:05;40.31;91355.00;25.00;1005.51;106;60;0.85;1;34.67;34.31
2025-10-13 11:00:06;40.32;90568.00;25.00;1005.51;106;60;0.85;1;34.66;34.32
2025-10-13 11:00:07;40.33;89412.00;25.00;1005.52;106;60;0.85;1;34.66;34.33
2025-10-13 11:00:08;40.35;91355.00;25.00;1005.51;106;60;0.85;1;34.66;34.35
2025-10-13 11:00:09;40.36;89222.00;25.00;1005.51;106;60;0.85;1;34.66;34.36
2025-10-13 11:00:10;40.37;90373.00;25.00;1005.51;112;63;0.89;1;34.66;34.37
2025-10-13 11:00:11;40.39;90470.00;25.00;1005.51;112;63;0.89;1;34.66;34.39
2025-10-13 11:00:12;40.40;89794.00;25.00;1005.51;112;63;0.89;1;34.66;34.40
2025-10-13 11:00:13;40.41;91157.00;25.00;1005.48;113;63;0.89;1;34.66;34.41
2025-10-13 11:00:14;40.42;90373.00;25.00;1005.48;113;63;0.89;1;34.66;34.42
2025-10-13 11:00:15;40.43;90763.00;25.00;1005.52;113;63;0.89;1;34.66;34.43
2025-10-13 11:00:16;40.44;89127.00;25.00;1005.54;110;62;0.88;1;34.66;34.44
2025-10-13 11:00:17;40.45;90179.00;25.00;1005.52;110;62;0.88;1;34.65;34.45
2025-10-13 11:00:18;40.47;90276.00;25.00;1005.54;110;62;0.88;1;34.65;34.47
2025-10-13 11:00:19;40.48;90276.00;25.00;1005.52;110;62;0.87;1;34.65;34.48
2025-10-13 11:00:20;40.49;89412.00;25.00;1005.52;110;62;0.87;1;34.65;34.49
2025-10-13 11:00:21;40.51;89033.00;25.00;1005.54;110;62;0.87;1;34.65;34.51
2025-10-13 11:00:22;40.52;89986.00;25.00;1005.52;115;64;0.90;1;34.65;34.52
2025-10-13 11:00:23;40.53;90082.00;25.00;1005.52;115;64;0.90;1;34.65;34.53
2025-10-13 11:00:24;40.54;90082.00;25.00;1005.52;115;64;0.90;1;34.65;34.54
2025-10-13 11:00:25;40.55;89986.00;25.00;1005.52;113;63;0.89;1;34.65;34.55
2025-10-13 11:00:26;40.57;90179.00;25.00;1005.54;113;63;0.89;1;34.64;34.57
2025-10-13 11:00:27;40.58;89698.00;25.00;1005.52;113;63;0.89;1;34.64;34.58
2025-10-13 11:00:28;40.59;90665.00;25.00;1005.51;114;64;0.90;1;34.64;34.59
2025-10-13 11:00:29;40.60;89507.00;25.00;1005.52;114;64;0.90;1;34.64;34.60
2025-10-13 11:00:30;40.61;90276.00;25.00;1005.52;114;64;0.90;1;34.64;34.61
2025-10-13 11:00:31;40.62;90276.00;25.00;1005.51;112;63;0.89;1;34.64;34.62
2025-10-13 11:00:32;40.63;89222.00;25.00;1005.52;112;63;0.89;1;34.64;34.63
2025-10-13 11:00:33;40.64;89507.00;25.00;1005.51;112;63;0.89;1;34.64;34.64
2025-10-13 11:00:34;40.65;89412.00;25.00;1005.54;113;63;0.89;1;34.64;34.65
2025-10-13 11:00:35;40.66;89507.00;25.00;1005.52;113;63;0.89;1;34.64;34.66
2025-10-13 11:00:36;40.68;90082.00;25.00;1005.54;113;63;0.89;1;34.64;34.68
2025-10-13 11:00:37;40.69;89507.00;25.00;1005.52;112;63;0.88;1;34.63;34.69
2025-10-13 11:00:38;40.70;90568.00;25.00;1005.54;112;63;0.88;1;34.63;34.70
2025-10-13 11:00:39;40.71;89602.00;25.00;1005.52;112;63;0.88;1;34.63;34.71
2025-10-13 11:00:40;40.72;89412.00;25.00;1005.54;112;63;0.89;1;34.63;34.72
2025-10-13 11:00:41;40.73;89412.00;25.00;1005.54;112;63;0.89;1;34.63;34.73
2025-10-13 11:00:42;40.74;89317.00;25.00;1005.52;112;63;0.89;1;34.63;34.74
2025-10-13 11:00:43;40.75;89794.00;24.00;1005.52;111;62;0.88;1;33.24;34.75
2025-10-13 11:00:44;40.76;89890.00;25.00;1005.52;111;62;0.88;1;34.63;34.76
2025-10-13 11:00:45;40.77;89412.00;24.00;1005.54;111;62;0.88;1;33.24;34.77
2025-10-13 11:00:46;40.78;89602.00;24.00;1005.51;114;63;0.90;1;33.24;34.78
2025-10-13 11:00:47;40.79;89698.00;24.00;1005.54;114;63;0.90;1;33.24;34.79
2025-10-13 11:00:48;40.81;90082.00;24.00;1005.52;114;63;0.90;1;33.24;34.81
2025-10-13 11:00:49;40.82;89794.00;24.00;1005.51;119;66;0.93;1;33.24;34.82
2025-10-13 11:00:50;40.82;89412.00;24.00;1005.51;119;66;0.93;1;33.24;34.82
2025-10-13 11:00:51;40.84;89412.00;24.00;1005.52;119;66;0.93;1;33.24;34.84
2025-10-13 11:00:52;40.85;89033.00;24.00;1005.51;120;66;0.93;1;33.24;34.85
2025-10-13 11:00:53;40.86;88657.00;24.00;1005.52;120;66;0.93;1;33.24;34.86
2025-10-13 11:00:54;40.87;89222.00;24.00;1005.51;120;66;0.93;1;33.24;34.87
2025-10-13 11:00:55;40.88;89222.00;24.00;1005.52;121;67;0.94;1;33.23;34.88
2025-10-13 11:00:56;40.89;89698.00;24.00;1005.52;121;67;0.94;1;33.23;34.89
2025-10-13 11:00:57;40.91;89033.00;24.00;1005.54;121;67;0.94;1;33.23;34.91
2025-10-13 11:00:58;40.91;89317.00;24.00;1005.52;120;66;0.93;1;33.23;34.91
2025-10-13 11:00:59;40.92;88939.00;24.00;1005.52;120;66;0.93;1;33.23;34.92
2025-10-13 11:01:00;40.93;89127.00;24.00;1005.51;120;66;0.93;1;33.23;34.93
2025-10-13 11:01:01;40.94;89127.00;24.00;1005.54;122;67;0.94;1;33.23;34.94
2025-10-13 11:01:02;40.95;90179.00;24.00;1005.52;122;67;0.94;1;33.23;34.95
2025-10-13 11:01:03;40.97;89507.00;24.00;1005.52;122;67;0.94;1;33.23;34.97
2025-10-13 11:01:04;40.97;88939.00;24.00;1005.52;122;67;0.94;1;33.23;34.97
2025-10-13 11:01:05;40.98;89222.00;24.00;1005.52;122;67;0.94;1;33.23;34.98
2025-10-13 11:01:06;40.99;88845.00;24.00;1005.51;122;67;0.94;1;33.23;34.99
2025-10-13 11:01:07;41.01;88845.00;24.00;1005.52;124;68;0.96;1;33.22;35.01
2025-10-13 11:01:08;41.02;89222.00;24.00;1005.51;124;68;0.96;1;33.22;35.02
2025-10-13 11:01:09;41.04;89127.00;24.00;1005.51;124;68;0.96;1;33.22;35.04
2025-10-13 11:01:10;41.05;89317.00;24.00;1005.52;125;68;0.96;1;33.22;35.05
2025-10-13 11:01:11;41.06;88845.00;24.00;1005.51;125;68;0.96;1;33.22;35.06
2025-10-13 11:01:12;41.07;88751.00;24.00;1005.54;125;68;0.96;1;33.22;35.07
2025-10-13 11:01:13;41.07;88845.00;24.00;1005.51;125;68;0.97;1;33.22;35.07
2025-10-13 11:01:14;41.09;89317.00;24.00;1005.52;125;68;0.97;1;33.22;35.09
2025-10-13 11:01:15;41.09;89602.00;24.00;1005.51;125;68;0.97;1;33.22;35.09
2025-10-13 11:01:16;41.10;88564.00;24.00;1005.48;123;68;0.96;1;33.22;35.10
2025-10-13 11:01:17;41.11;89412.00;24.00;1005.52;123;68;0.96;1;33.22;35.11
2025-10-13 11:01:18;41.13;89127.00;24.00;1005.54;123;68;0.96;1;33.22;35.13
2025-10-13 11:01:19;41.14;89412.00;24.00;1005.57;124;68;0.96;1;33.21;35.14
2025-10-13 11:01:20;41.15;89317.00;24.00;1005.54;124;68;0.96;1;33.21;35.15
2025-10-13 11:01:21;41.17;88470.00;24.00;1005.54;124;68;0.96;1;33.21;35.17
2025-10-13 11:01:22;41.18;88657.00;24.00;1005.54;127;69;0.98;1;33.21;35.18
2025-10-13 11:01:23;41.19;89507.00;24.00;1005.54;127;69;0.98;1;33.21;35.19
2025-10-13 11:01:24;41.20;88657.00;24.00;1005.52;127;69;0.98;1;33.21;35.20
2025-10-13 11:01:25;41.21;88470.00;24.00;1005.54;128;70;0.99;1;33.21;35.21
2025-10-13 11:01:26;41.23;89033.00;24.00;1005.54;128;70;0.99;1;33.21;35.23
2025-10-13 11:01:27;41.24;88845.00;24.00;1005.54;128;70;0.99;1;33.21;35.24
2025-10-13 11:01:28;41.24;88377.00;24.00;1005.57;128;70;0.99;1;33.21;35.24
2025-10-13 11:01:29;41.26;88845.00;24.00;1005.54;128;70;0.99;1;33.21;35.26
2025-10-13 11:01:30;41.26;89033.00;24.00;1005.51;128;70;0.99;1;33.21;35.26
2025-10-13 11:01:31;41.27;89033.00;24.00;1005.52;127;69;0.98;1;33.20;35.27
2025-10-13 11:01:32;41.28;89794.00;24.00;1005.52;127;69;0.98;1;33.20;35.28
2025-10-13 11:01:33;41.30;88657.00;24.00;1005.52;127;69;0.98;1;33.20;35.30
2025-10-13 11:01:34;41.30;89127.00;24.00;1005.51;128;70;0.98;1;33.20;35.30
2025-10-13 11:01:35;41.31;89127.00;24.00;1005.52;128;70;0.98;1;33.20;35.31
2025-10-13 11:01:36;41.33;88377.00;24.00;1005.48;128;70;0.98;1;33.20;35.33
2025-10-13 11:01:37;41.33;88099.00;24.00;1005.54;129;70;0.99;1;33.20;35.33
2025-10-13 11:01:38;41.35;88470.00;24.00;1005.52;129;70;0.99;1;33.20;35.35
2025-10-13 11:01:39;41.36;88845.00;24.00;1005.52;129;70;0.99;1;33.20;35.36
2025-10-13 11:01:40;41.37;88939.00;24.00;1005.52;129;70;0.99;1;33.20;35.37
2025-10-13 11:01:41;41.38;88751.00;24.00;1005.52;129;70;0.99;1;33.20;35.38
2025-10-13 11:01:42;41.38;88470.00;24.00;1005.51;129;70;0.99;1;33.20;35.38
2025-10-13 11:01:43;41.39;88751.00;24.00;1005.54;128;70;0.99;1;33.20;35.39
2025-10-13 11:01:44;41.41;88845.00;24.00;1005.52;128;70;0.99;1;33.19;35.41
2025-10-13 11:01:45;41.42;88751.00;24.00;1005.52;128;70;0.99;1;33.19;35.42
2025-10-13 11:01:46;41.42;89033.00;24.00;1005.51;127;69;0.98;1;33.19;35.42
2025-10-13 11:01:47;41.43;88939.00;24.00;1005.51;127;69;0.98;1;33.19;35.43
2025-10-13 11:01:48;41.45;88751.00;24.00;1005.51;127;69;0.98;1;33.19;35.45
2025-10-13 11:01:49;41.45;88099.00;24.00;1005.48;129;70;1.00;1;33.19;35.45
2025-10-13 11:01:50;41.46;88564.00;24.00;1005.52;129;70;1.00;1;33.19;35.46
2025-10-13 11:01:51;41.48;88564.00;24.00;1005.51;129;70;1.00;1;33.19;35.48
2025-10-13 11:01:52;41.48;89317.00;24.00;1005.51;128;70;0.99;1;33.19;35.48
2025-10-13 11:01:53;41.50;88657.00;24.00;1005.48;128;70;0.99;1;33.19;35.50
2025-10-13 11:01:54;41.50;88470.00;24.00;1005.51;128;70;0.99;1;33.19;35.50
2025-10-13 11:01:55;41.51;88377.00;24.00;1005.48;129;70;0.99;1;33.19;35.51
2025-10-13 11:01:56;41.52;88007.00;24.00;1005.51;129;70;0.99;1;33.19;35.52
2025-10-13 11:01:57;41.54;88285.00;24.00;1005.48;129;70;0.99;1;33.18;35.54
2025-10-13 11:01:58;41.55;88657.00;24.00;1005.51;127;69;0.98;1;33.18;35.55
2025-10-13 11:01:59;41.56;89127.00;24.00;1005.48;127;69;0.98;1;33.18;35.56
2025-10-13 11:02:00;41.57;88007.00;24.00;1005.52;127;69;0.98;1;33.18;35.57
2025-10-13 11:02:01;41.57;88377.00;24.00;1005.51;128;70;0.99;1;33.18;35.57
2025-10-13 11:02:02;41.58;88377.00;23.00;1005.54;128;70;0.99;1;31.80;35.58
2025-10-13 11:02:03;41.59;88099.00;24.00;1005.52;128;70;0.99;1;33.18;35.59
2025-10-13 11:02:04;41.60;89222.00;24.00;1005.52;126;69;0.97;1;33.18;35.60
2025-10-13 11:02:05;41.61;88751.00;23.00;1005.51;126;69;0.97;1;31.80;35.61
2025-10-13 11:02:06;41.63;88751.00;23.00;1005.52;126;69;0.97;1;31.80;35.63
2025-10-13 11:02:07;41.63;89222.00;23.00;1005.51;129;70;0.99;1;31.80;35.63
2025-10-13 11:02:08;41.65;88007.00;23.00;1005.52;129;70;0.99;1;31.79;35.65
2025-10-13 11:02:09;41.66;88564.00;23.00;1005.51;129;70;0.99;1;31.79;35.66
2025-10-13 11:02:10;41.67;88099.00;23.00;1005.51;127;69;0.98;1;31.79;35.67
2025-10-13 11:02:11;41.68;88939.00;23.00;1005.51;127;69;0.98;1;31.79;35.68
2025-10-13 11:02:12;41.68;88657.00;23.00;1005.48;127;69;0.98;1;31.79;35.68
2025-10-13 11:02:13;41.69;88285.00;23.00;1005.51;129;70;0.99;1;31.79;35.69
2025-10-13 11:02:14;41.70;88564.00;23.00;1005.51;129;70;0.99;1;31.79;35.70
2025-10-13 11:02:15;41.71;88657.00;23.00;1005.51;129;70;0.99;1;31.79;35.71
2025-10-13 11:02:16;41.72;89127.00;23.00;1005.51;132;71;1.01;1;31.79;35.72
2025-10-13 11:02:17;41.73;88285.00;23.00;1005.48;132;71;1.01;1;31.79;35.73
2025-10-13 11:02:18;41.73;88657.00;23.00;1005.51;132;71;1.01;1;31.79;35.73
2025-10-13 11:02:19;41.74;88007.00;23.00;1005.48;131;71;1.01;1;31.79;35.74
2025-10-13 11:02:20;41.75;88285.00;23.00;1005.51;131;71;1.01;1;31.79;35.75
2025-10-13 11:02:21;41.77;87915.00;23.00;1005.47;131;71;1.01;1;31.78;35.77
2025-10-13 11:02:22;41.77;88285.00;23.00;1005.48;135;73;1.03;1;31.78;35.77
2025-10-13 11:02:23;41.79;88751.00;23.00;1005.48;135;73;1.03;1;31.78;35.79
2025-10-13 11:02:24;41.80;87915.00;23.00;1005.52;135;73;1.03;1;31.78;35.80
2025-10-13 11:02:25;41.80;88939.00;23.00;1005.52;135;73;1.03;1;31.78;35.80
2025-10-13 11:02:26;41.81;88470.00;23.00;1005.52;135;73;1.03;1;31.78;35.81
2025-10-13 11:02:27;41.83;88564.00;23.00;1005.52;135;73;1.03;1;31.78;35.83
2025-10-13 11:02:28;41.83;88564.00;23.00;1005.52;135;73;1.03;1;31.78;35.83
2025-10-13 11:02:29;41.84;88751.00;23.00;1005.51;135;73;1.03;1;31.78;35.84
2025-10-13 11:02:30;41.85;87823.00;23.00;1005.52;135;73;1.03;1;31.78;35.85
2025-10-13 11:02:31;41.86;88192.00;23.00;1005.51;138;74;1.05;1;31.78;35.86
2025-10-13 11:02:32;41.87;88007.00;23.00;1005.54;138;74;1.05;1;31.78;35.87
2025-10-13 11:02:33;41.88;88285.00;23.00;1005.51;138;74;1.05;1;31.78;35.88
2025-10-13 11:02:34;41.89;88377.00;23.00;1005.48;138;74;1.05;1;31.78;35.89
2025-10-13 11:02:35;41.90;88751.00;23.00;1005.52;138;74;1.05;1;31.78;35.90
2025-10-13 11:02:36;41.91;88751.00;23.00;1005.51;138;74;1.05;1;31.77;35.91
2025-10-13 11:02:37;41.91;87915.00;23.00;1005.51;139;75;1.06;1;31.77;35.91
2025-10-13 11:02:38;41.93;88377.00;23.00;1005.51;139;75;1.06;1;31.77;35.93
2025-10-13 11:02:39;41.94;88099.00;23.00;1005.51;139;75;1.06;1;31.77;35.94
2025-10-13 11:02:40;41.94;88285.00;23.00;1005.48;140;75;1.07;1;31.77;35.94
2025-10-13 11:02:41;41.95;88470.00;23.00;1005.47;140;75;1.07;1;31.77;35.95
2025-10-13 11:02:42;41.96;88377.00;23.00;1005.48;140;75;1.07;1;31.77;35.96
2025-10-13 11:02:43;41.97;88564.00;23.00;1005.47;138;74;1.05;1;31.77;35.97
2025-10-13 11:02:44;41.98;87367.00;23.00;1005.47;138;74;1.05;1;31.77;35.98
2025-10-13 11:02:45;41.99;87458.00;23.00;1005.44;138;74;1.05;1;31.77;35.99
2025-10-13 11:02:46;41.99;88845.00;23.00;1005.44;137;74;1.05;1;31.77;35.99
2025-10-13 11:02:47;42.00;88377.00;23.00;1005.47;137;74;1.05;1;31.77;36.00
2025-10-13 11:02:48;42.01;88007.00;23.00;1005.47;137;74;1.05;1;31.77;36.01
2025-10-13 11:02:49;42.02;88007.00;23.00;1005.51;134;72;1.03;1;31.77;36.02
2025-10-13 11:02:50;42.03;87915.00;23.00;1005.48;134;72;1.03;1;31.77;36.03
2025-10-13 11:02:51;42.04;88099.00;23.00;1005.51;134;72;1.03;1;31.77;36.04
2025-10-13 11:02:52;42.05;88007.00;23.00;1005.48;139;75;1.06;1;31.76;36.05
2025-10-13 11:02:53;42.06;88099.00;23.00;1005.51;139;75;1.06;1;31.76;36.06
