timestamp;temperature;gas;humidity;barometer;IAQ;IAQ_S;VOCS;accuracy
2025-09-22 15:49:45;29.58;79515.00;36.00;999.08;185;111;1.83;1
2025-09-22 15:49:46;29.59;79066.00;36.00;999.09;190;113;1.89;1
2025-09-22 15:49:47;29.60;78110.00;36.00;999.08;190;113;1.89;1
2025-09-22 15:49:48;29.61;79215.00;36.00;999.09;190;113;1.89;1
2025-09-22 15:49:49;29.62;79515.00;36.00;999.08;188;112;1.86;1
2025-09-22 15:49:50;29.63;79590.00;36.00;999.08;188;112;1.86;1
2025-09-22 15:49:51;29.64;79289.00;36.00;999.06;188;112;1.86;1
2025-09-22 15:49:52;29.64;79364.00;36.00;999.03;185;110;1.83;1
2025-09-22 15:49:53;29.66;78769.00;36.00;999.08;185;110;1.83;1
2025-09-22 15:49:54;29.68;78843.00;36.00;999.03;185;110;1.83;1
2025-09-22 15:49:55;29.68;79515.00;36.00;999.03;186;111;1.84;1
2025-09-22 15:49:56;29.65;79289.00;36.00;999.08;186;111;1.84;1
2025-09-22 15:49:57;29.60;79741.00;36.00;999.06;186;111;1.84;1
2025-09-22 15:49:58;29.59;78991.00;36.00;999.08;185;110;1.82;1
2025-09-22 15:49:59;29.59;78917.00;36.00;999.06;185;110;1.82;1
2025-09-22 15:50:00;29.59;77534.00;36.00;999.06;185;110;1.82;1
2025-09-22 15:50:01;29.60;78183.00;37.00;999.06;190;113;1.90;1
2025-09-22 15:50:02;29.62;78843.00;37.00;999.08;190;113;1.90;1
2025-09-22 15:50:03;29.63;78110.00;37.00;999.06;190;113;1.90;1
2025-09-22 15:50:04;29.62;78110.00;37.00;999.03;190;113;1.91;1
2025-09-22 15:50:05;29.62;77966.00;37.00;999.06;190;113;1.91;1
2025-09-22 15:50:06;29.65;78769.00;37.00;999.06;190;113;1.91;1
2025-09-22 15:50:07;29.65;78256.00;37.00;999.06;195;116;1.98;1
2025-09-22 15:50:08;29.65;78402.00;37.00;999.08;195;116;1.98;1
2025-09-22 15:50:09;29.66;76755.00;37.00;999.06;195;116;1.98;1
2025-09-22 15:50:10;29.66;76966.00;37.00;999.06;192;114;1.93;1
2025-09-22 15:50:11;29.69;78110.00;37.00;999.06;192;114;1.93;1
2025-09-22 15:50:12;29.72;78183.00;37.00;999.03;192;114;1.93;1
2025-09-22 15:50:13;29.73;77966.00;37.00;999.03;193;114;1.94;1
2025-09-22 15:50:14;29.75;78038.00;37.00;999.03;193;114;1.94;1
2025-09-22 15:50:15;29.77;77178.00;37.00;999.06;193;114;1.94;1
2025-09-22 15:50:16;29.77;77463.00;37.00;999.03;195;115;1.97;1
2025-09-22 15:50:17;29.79;77677.00;37.00;999.06;195;115;1.97;1
2025-09-22 15:50:18;29.80;77391.00;37.00;999.03;195;115;1.97;1
2025-09-22 15:50:19;29.82;77249.00;37.00;999.03;194;115;1.97;1
2025-09-22 15:50:20;29.84;77893.00;37.00;999.06;194;115;1.97;1
2025-09-22 15:50:21;29.84;78256.00;37.00;999.08;194;115;1.97;1
2025-09-22 15:50:22;29.85;77320.00;37.00;999.08;195;116;1.98;1
2025-09-22 15:50:23;29.84;77320.00;37.00;999.03;195;116;1.98;1
2025-09-22 15:50:24;29.78;77249.00;37.00;999.02;195;116;1.98;1
2025-09-22 15:50:25;29.78;77037.00;37.00;999.02;197;117;2.01;1
2025-09-22 15:50:26;29.80;76129.00;37.00;999.03;197;117;2.01;1
2025-09-22 15:50:27;29.82;73725.00;37.00;999.03;197;117;2.01;1
2025-09-22 15:50:28;29.83;71529.00;37.00;999.06;210;124;2.24;1
2025-09-22 15:50:29;29.85;70156.00;37.00;999.06;210;124;2.24;1
2025-09-22 15:50:30;29.87;69403.00;38.00;999.06;210;124;2.24;1
2025-09-22 15:50:31;29.89;68220.00;38.00;999.08;241;140;2.87;1
2025-09-22 15:50:32;29.90;67616.00;38.00;999.06;241;140;2.87;1
2025-09-22 15:50:33;29.91;66440.00;38.00;999.08;241;140;2.87;1
2025-09-22 15:50:34;29.92;65919.00;38.00;999.06;269;156;3.65;1
2025-09-22 15:50:35;29.93;65001.00;38.00;999.08;269;156;3.65;1
2025-09-22 15:50:36;29.95;64207.00;38.00;999.08;269;156;3.65;1
2025-09-22 15:50:37;29.96;63720.00;38.00;999.08;299;173;4.70;1
2025-09-22 15:50:38;29.97;62349.00;38.00;999.08;299;173;4.70;1
2025-09-22 15:50:39;29.99;62675.00;38.00;999.12;299;173;4.70;1
2025-09-22 15:50:40;29.99;62956.00;38.00;999.09;323;187;5.81;1
2025-09-22 15:50:41;29.99;62862.00;38.00;999.08;323;187;5.81;1
2025-09-22 15:50:42;30.01;62862.00;38.00;999.09;323;187;5.81;1
2025-09-22 15:50:43;30.02;62909.00;38.00;999.09;337;195;6.61;1
2025-09-22 15:50:44;30.03;62628.00;38.00;999.09;337;195;6.61;1
2025-09-22 15:50:45;30.05;63336.00;38.00;999.09;337;195;6.61;1
2025-09-22 15:50:46;30.06;62956.00;38.00;999.12;346;201;7.18;1
2025-09-22 15:50:47;30.07;63768.00;38.00;999.12;346;201;7.18;1
2025-09-22 15:50:48;30.09;63288.00;38.00;999.12;346;201;7.18;1
2025-09-22 15:50:49;30.09;64011.00;38.00;999.09;345;202;7.28;1
2025-09-22 15:50:50;30.10;63431.00;38.00;999.09;345;202;7.28;1
2025-09-22 15:50:51;30.11;63527.00;38.00;999.09;345;202;7.28;1
2025-09-22 15:50:52;30.12;63624.00;38.00;999.09;345;202;7.28;1
2025-09-22 15:50:53;30.13;63336.00;38.00;999.08;346;203;7.41;1
2025-09-22 15:50:54;30.14;63098.00;38.00;999.09;346;203;7.41;1
2025-09-22 15:50:55;30.16;63288.00;38.00;999.08;346;203;7.41;1
2025-09-22 15:50:56;30.16;62442.00;38.00;999.09;347;204;7.57;1
2025-09-22 15:50:57;30.17;62535.00;38.00;999.08;347;204;7.57;1
2025-09-22 15:50:58;30.18;61981.00;38.00;999.06;347;204;7.57;1
2025-09-22 15:50:59;30.19;61438.00;38.00;999.06;352;208;8.04;1
2025-09-22 15:51:00;30.20;61483.00;38.00;999.03;352;208;8.04;1
2025-09-22 15:51:01;30.21;60771.00;38.00;999.06;352;208;8.04;1
2025-09-22 15:51:02;30.21;60815.00;38.00;999.08;360;214;8.75;1
2025-09-22 15:51:03;30.23;60948.00;38.00;999.06;360;214;8.75;1
2025-09-22 15:51:04;30.24;60771.00;38.00;999.03;360;214;8.75;1
2025-09-22 15:51:05;30.24;60076.00;38.00;999.06;365;217;9.23;1
2025-09-22 15:51:06;30.25;60509.00;38.00;999.03;365;217;9.23;1
2025-09-22 15:51:07;30.27;60249.00;38.00;999.03;365;217;9.23;1
2025-09-22 15:51:08;30.27;60076.00;38.00;999.03;369;221;9.73;2
2025-09-22 15:51:09;30.28;59523.00;38.00;999.02;369;221;9.73;2
2025-09-22 15:51:10;30.29;59355.00;38.00;999.03;369;221;9.73;2
2025-09-22 15:51:11;30.29;59355.00;38.00;999.03;375;225;10.42;2
2025-09-22 15:51:12;30.29;58897.00;38.00;999.02;375;225;10.42;2
2025-09-22 15:51:13;30.29;59523.00;38.00;999.03;375;225;10.42;2
2025-09-22 15:51:14;30.29;58939.00;38.00;999.03;378;228;10.81;2
2025-09-22 15:51:15;30.28;58980.00;38.00;999.03;378;228;10.81;2
2025-09-22 15:51:16;30.29;58569.00;38.00;999.02;378;228;10.81;2
2025-09-22 15:51:17;30.30;59105.00;38.00;998.99;383;232;11.49;2
2025-09-22 15:51:18;30.30;59022.00;38.00;999.03;383;232;11.49;2
2025-09-22 15:51:19;30.32;58897.00;38.00;999.02;383;232;11.49;2
2025-09-22 15:51:20;30.33;58856.00;38.00;999.03;383;233;11.70;2
2025-09-22 15:51:21;30.33;58774.00;38.00;999.02;383;233;11.70;2
2025-09-22 15:51:22;30.34;58610.00;38.00;999.02;383;233;11.70;2
2025-09-22 15:51:23;30.34;58939.00;38.00;999.03;384;235;12.02;2
2025-09-22 15:51:24;30.35;58774.00;38.00;999.02;384;235;12.02;2
2025-09-22 15:51:25;30.35;58528.00;38.00;999.02;384;235;12.02;2
2025-09-22 15:51:26;30.36;58774.00;38.00;999.03;384;236;12.21;2
2025-09-22 15:51:27;30.37;58733.00;38.00;999.03;384;236;12.21;2
2025-09-22 15:51:28;30.38;58569.00;38.00;999.02;384;236;12.21;2
2025-09-22 15:51:29;30.38;58610.00;38.00;999.02;384;236;12.32;2
2025-09-22 15:51:30;30.38;58569.00;37.00;998.99;384;236;12.32;2
2025-09-22 15:51:31;30.39;58366.00;37.00;999.03;384;236;12.32;2
2025-09-22 15:51:32;30.40;58610.00;38.00;999.02;383;237;12.50;2
2025-09-22 15:51:33;30.40;58528.00;37.00;999.02;383;237;12.50;2
2025-09-22 15:51:34;30.41;58939.00;37.00;999.03;383;237;12.50;2
2025-09-22 15:51:35;30.41;58488.00;37.00;999.03;380;237;12.37;2
2025-09-22 15:51:36;30.42;58569.00;37.00;999.09;380;237;12.37;2
2025-09-22 15:51:37;30.43;58244.00;37.00;999.09;380;237;12.37;2
2025-09-22 15:51:38;30.43;58651.00;37.00;999.08;378;237;12.32;2
2025-09-22 15:51:39;30.44;58610.00;37.00;999.08;378;237;12.32;2
2025-09-22 15:51:40;30.44;58325.00;37.00;999.09;378;237;12.32;2
2025-09-22 15:51:41;30.45;58447.00;37.00;999.09;378;238;12.52;2
2025-09-22 15:51:42;30.46;58447.00;37.00;999.09;378;238;12.52;2
2025-09-22 15:51:43;30.46;58325.00;37.00;999.09;378;238;12.52;2
2025-09-22 15:51:44;30.46;58406.00;37.00;999.12;376;237;12.50;2
2025-09-22 15:51:45;30.47;58939.00;37.00;999.09;376;237;12.50;2
2025-09-22 15:51:46;30.48;58244.00;37.00;999.09;376;237;12.50;2
2025-09-22 15:51:47;30.48;58204.00;37.00;999.08;376;238;12.65;2
2025-09-22 15:51:48;30.49;58204.00;37.00;999.09;376;238;12.65;2
2025-09-22 15:51:49;30.49;58164.00;37.00;999.08;376;238;12.65;2
2025-09-22 15:51:50;30.49;57963.00;37.00;999.08;376;239;12.87;2
2025-09-22 15:51:51;30.50;58204.00;37.00;999.06;376;239;12.87;2
2025-09-22 15:51:52;30.51;57963.00;37.00;999.06;376;239;12.87;2
2025-09-22 15:51:53;30.51;58204.00;37.00;999.06;376;240;13.03;2
2025-09-22 15:51:54;30.51;57963.00;37.00;999.06;376;240;13.03;2
2025-09-22 15:51:55;30.52;57487.00;37.00;999.06;376;240;13.03;2
2025-09-22 15:51:56;30.53;57645.00;37.00;999.06;374;240;13.08;2
2025-09-22 15:51:57;30.53;57724.00;37.00;999.06;374;240;13.08;2
2025-09-22 15:51:58;30.54;57923.00;37.00;999.03;374;240;13.08;2
2025-09-22 15:51:59;30.54;57448.00;37.00;999.06;375;242;13.37;2
2025-09-22 15:52:00;30.54;57883.00;37.00;999.06;375;242;13.37;2
2025-09-22 15:52:01;30.56;57331.00;37.00;999.06;375;242;13.37;2
2025-09-22 15:52:02;30.56;57448.00;37.00;999.06;376;244;13.71;2
2025-09-22 15:52:03;30.57;57058.00;37.00;999.06;376;244;13.71;2
2025-09-22 15:52:04;30.57;57175.00;37.00;999.08;376;244;13.71;2
2025-09-22 15:52:05;30.56;56904.00;37.00;999.03;379;247;14.35;2
2025-09-22 15:52:06;30.57;56827.00;37.00;999.08;379;247;14.35;2
2025-09-22 15:52:07;30.58;56904.00;37.00;999.06;379;247;14.35;2
2025-09-22 15:52:08;30.58;57019.00;37.00;999.03;379;248;14.57;2
2025-09-22 15:52:09;30.58;56635.00;37.00;999.06;379;248;14.57;2
2025-09-22 15:52:10;30.59;56559.00;37.00;999.06;379;248;14.57;2
2025-09-22 15:52:11;30.59;56827.00;37.00;999.03;380;249;14.87;2
2025-09-22 15:52:12;30.60;56597.00;37.00;999.03;380;249;14.87;2
2025-09-22 15:52:13;30.60;56712.00;37.00;999.03;380;249;14.87;2
2025-09-22 15:52:14;30.61;56865.00;37.00;999.03;382;251;15.38;2
2025-09-22 15:52:15;30.61;56788.00;37.00;999.03;382;251;15.38;2
2025-09-22 15:52:16;30.62;56407.00;37.00;999.02;382;251;15.38;2
2025-09-22 15:52:17;30.62;56068.00;37.00;999.02;380;251;15.37;2
2025-09-22 15:52:18;30.62;56827.00;37.00;998.99;380;251;15.37;2
2025-09-22 15:52:19;30.63;56106.00;37.00;999.02;380;251;15.37;2
2025-09-22 15:52:20;30.63;56332.00;37.00;999.03;380;252;15.62;2
2025-09-22 15:52:21;30.63;57097.00;37.00;999.02;380;252;15.62;2
2025-09-22 15:52:22;30.64;56635.00;37.00;999.02;380;252;15.62;2
2025-09-22 15:52:23;30.65;56031.00;37.00;998.99;380;253;15.92;2
2025-09-22 15:52:24;30.65;56068.00;37.00;998.99;380;253;15.92;2
2025-09-22 15:52:25;30.65;55994.00;37.00;999.03;380;253;15.92;2
2025-09-22 15:52:26;30.66;56559.00;37.00;999.03;377;252;15.68;2
2025-09-22 15:52:27;30.66;56635.00;37.00;999.03;377;252;15.68;2
2025-09-22 15:52:28;30.66;56143.00;37.00;999.03;377;252;15.68;2
2025-09-22 15:52:29;30.66;56181.00;37.00;999.02;378;254;16.05;2
2025-09-22 15:52:30;30.67;56218.00;37.00;999.03;378;254;16.05;2
2025-09-22 15:52:31;30.67;56181.00;37.00;999.03;378;254;16.05;2
2025-09-22 15:52:32;30.68;56597.00;37.00;999.03;376;254;16.09;2
2025-09-22 15:52:33;30.68;56521.00;37.00;999.02;376;254;16.09;2
2025-09-22 15:52:34;30.68;56827.00;37.00;999.02;376;254;16.09;2
2025-09-22 15:52:35;30.68;55956.00;37.00;998.99;373;253;15.84;2
2025-09-22 15:52:36;30.68;56559.00;37.00;998.99;373;253;15.84;2
2025-09-22 15:52:37;30.69;56597.00;37.00;999.02;373;253;15.84;2
2025-09-22 15:52:38;30.70;56218.00;37.00;998.99;372;253;15.85;2
2025-09-22 15:52:39;30.70;56181.00;37.00;998.99;372;253;15.85;2
2025-09-22 15:52:40;30.70;56143.00;37.00;998.99;372;253;15.85;2
2025-09-22 15:52:41;30.71;55994.00;37.00;998.99;371;254;15.99;2
2025-09-22 15:52:42;30.71;55919.00;37.00;998.99;371;254;15.99;2
2025-09-22 15:52:43;30.71;56521.00;37.00;998.99;371;254;15.99;2
2025-09-22 15:52:44;30.72;56218.00;37.00;998.99;368;252;15.69;2
2025-09-22 15:52:45;30.72;56256.00;37.00;998.99;368;252;15.69;2
2025-09-22 15:52:46;30.72;56521.00;37.00;998.99;368;252;15.69;2
2025-09-22 15:52:47;30.73;56483.00;37.00;999.02;367;253;15.82;2
2025-09-22 15:52:48;30.73;56106.00;37.00;998.99;367;253;15.82;2
2025-09-22 15:52:49;30.73;56521.00;37.00;998.99;367;253;15.82;2
2025-09-22 15:52:50;30.73;56673.00;37.00;998.99;363;252;15.46;2
2025-09-22 15:52:51;30.74;56181.00;37.00;999.02;363;252;15.46;2
2025-09-22 15:52:52;30.73;56635.00;37.00;998.99;363;252;15.46;2
2025-09-22 15:52:53;30.74;56597.00;37.00;998.99;360;251;15.26;2
2025-09-22 15:52:54;30.74;56218.00;37.00;998.98;360;251;15.26;2
2025-09-22 15:52:55;30.75;56712.00;37.00;998.99;360;251;15.26;2
2025-09-22 15:52:56;30.76;56483.00;37.00;998.99;360;251;15.36;2
2025-09-22 15:52:57;30.76;56483.00;37.00;998.99;360;251;15.36;2
2025-09-22 15:52:58;30.76;56445.00;37.00;998.99;360;251;15.36;2
2025-09-22 15:52:59;30.77;56597.00;37.00;998.98;359;252;15.47;2
2025-09-22 15:53:00;30.77;56597.00;37.00;998.99;359;252;15.47;2
2025-09-22 15:53:01;30.77;56369.00;37.00;998.99;359;252;15.47;2
2025-09-22 15:53:02;30.77;56445.00;37.00;998.99;356;251;15.30;2
2025-09-22 15:53:03;30.78;56369.00;37.00;998.98;356;251;15.30;2
2025-09-22 15:53:04;30.78;56181.00;37.00;998.99;356;251;15.30;2
2025-09-22 15:53:05;30.78;56445.00;37.00;998.98;354;250;15.17;2
2025-09-22 15:53:06;30.78;56521.00;37.00;998.98;354;250;15.17;2
2025-09-22 15:53:07;30.79;56106.00;37.00;999.02;354;250;15.17;2
2025-09-22 15:53:08;30.79;55956.00;37.00;999.02;351;249;14.97;2
2025-09-22 15:53:09;30.79;56369.00;37.00;999.02;351;249;14.97;2
2025-09-22 15:53:10;30.80;56635.00;37.00;999.02;351;249;14.97;2
2025-09-22 15:53:11;30.79;56407.00;37.00;998.99;350;249;14.94;2
2025-09-22 15:53:12;30.79;56597.00;37.00;998.99;350;249;14.94;2
2025-09-22 15:53:13;30.80;55956.00;37.00;998.99;350;249;14.94;2
2025-09-22 15:53:14;30.80;56597.00;37.00;998.99;347;249;14.78;2
2025-09-22 15:53:15;30.81;55882.00;37.00;998.99;347;249;14.78;2
2025-09-22 15:53:16;30.81;56332.00;37.00;998.98;347;249;14.78;2
2025-09-22 15:53:17;30.81;56483.00;37.00;998.98;346;248;14.73;2
2025-09-22 15:53:18;30.81;56407.00;37.00;998.95;346;248;14.73;2
2025-09-22 15:53:19;30.81;56712.00;37.00;998.98;346;248;14.73;2
2025-09-22 15:53:20;30.82;56445.00;37.00;998.95;346;248;14.73;2
2025-09-22 15:53:21;30.82;56332.00;37.00;998.98;344;248;14.70;2
2025-09-22 15:53:22;30.83;56218.00;37.00;998.95;344;248;14.70;2
2025-09-22 15:53:23;30.83;56597.00;37.00;998.98;344;248;14.70;2
2025-09-22 15:53:24;30.83;56483.00;37.00;998.98;342;248;14.57;2
2025-09-22 15:53:25;30.82;56483.00;37.00;998.99;342;248;14.57;2
2025-09-22 15:53:26;30.83;56106.00;37.00;998.99;342;248;14.57;2
2025-09-22 15:53:27;30.83;56256.00;37.00;998.98;342;249;14.77;2
2025-09-22 15:53:28;30.83;56597.00;37.00;998.99;342;249;14.77;2
2025-09-22 15:53:29;30.84;56597.00;37.00;998.98;342;249;14.77;2
2025-09-22 15:53:30;30.84;56521.00;37.00;998.99;339;248;14.59;2
2025-09-22 15:53:31;30.84;56483.00;37.00;998.99;339;248;14.59;2
2025-09-22 15:53:32;30.84;56181.00;37.00;998.98;339;248;14.59;2
2025-09-22 15:53:33;30.84;56559.00;37.00;998.98;339;248;14.71;2
2025-09-22 15:53:34;30.84;56559.00;37.00;999.02;339;248;14.71;2
2025-09-22 15:53:35;30.85;56521.00;37.00;998.98;339;248;14.71;2
2025-09-22 15:53:36;30.85;56483.00;37.00;999.02;337;248;14.57;2
2025-09-22 15:53:37;30.85;56904.00;37.00;998.99;337;248;14.57;2
2025-09-22 15:53:38;30.85;56597.00;37.00;998.99;337;248;14.57;2
2025-09-22 15:53:39;30.85;56143.00;37.00;998.98;334;247;14.41;2
2025-09-22 15:53:40;30.85;56827.00;37.00;998.99;334;247;14.41;2
2025-09-22 15:53:41;30.86;56750.00;37.00;998.98;334;247;14.41;2
2025-09-22 15:53:42;30.86;56521.00;37.00;998.98;332;246;14.20;2
2025-09-22 15:53:43;30.86;56827.00;37.00;999.03;332;246;14.20;2
2025-09-22 15:53:44;30.87;56521.00;37.00;999.02;332;246;14.20;2
2025-09-22 15:53:45;30.86;56827.00;37.00;999.02;330;246;14.18;2
2025-09-22 15:53:46;30.87;56483.00;37.00;999.02;330;246;14.18;2
2025-09-22 15:53:47;30.87;56483.00;37.00;999.02;330;246;14.18;2
2025-09-22 15:53:48;30.87;56521.00;37.00;999.02;329;246;14.18;2
2025-09-22 15:53:49;30.88;56750.00;37.00;999.02;329;246;14.18;2
2025-09-22 15:53:50;30.88;56635.00;37.00;998.99;329;246;14.18;2
2025-09-22 15:53:51;30.88;56865.00;37.00;999.02;327;245;14.08;2
2025-09-22 15:53:52;30.88;56827.00;37.00;998.99;327;245;14.08;2
2025-09-22 15:53:53;30.88;56942.00;37.00;998.98;327;245;14.08;2
2025-09-22 15:53:54;30.88;56942.00;37.00;998.99;324;244;13.81;2
2025-09-22 15:53:55;30.88;56750.00;37.00;998.99;324;244;13.81;2
2025-09-22 15:53:56;30.88;56712.00;37.00;999.02;324;244;13.81;2
2025-09-22 15:53:57;30.89;56712.00;37.00;999.02;322;243;13.65;2
2025-09-22 15:53:58;30.89;56750.00;37.00;999.02;322;243;13.65;2
2025-09-22 15:53:59;30.89;56143.00;37.00;999.02;322;243;13.65;2
2025-09-22 15:54:00;30.89;56750.00;37.00;999.02;323;245;13.96;2
2025-09-22 15:54:01;30.89;56904.00;37.00;999.02;323;245;13.96;2
2025-09-22 15:54:02;30.89;56827.00;37.00;999.02;323;245;13.96;2
2025-09-22 15:54:03;30.90;57175.00;37.00;998.99;320;244;13.77;2
2025-09-22 15:54:04;30.90;56750.00;37.00;998.99;320;244;13.77;2
2025-09-22 15:54:05;30.90;56904.00;37.00;998.99;320;244;13.77;2
2025-09-22 15:54:06;30.90;56559.00;37.00;998.99;318;243;13.61;2
2025-09-22 15:54:07;30.90;56597.00;37.00;998.98;318;243;13.61;2
2025-09-22 15:54:08;30.90;56942.00;37.00;998.98;318;243;13.61;2
2025-09-22 15:54:09;30.91;57252.00;37.00;998.98;316;242;13.40;2
2025-09-22 15:54:10;30.91;57136.00;37.00;998.98;316;242;13.40;2
2025-09-22 15:54:11;30.91;57019.00;37.00;998.99;316;242;13.40;2
2025-09-22 15:54:12;30.91;56712.00;37.00;998.99;314;241;13.25;2
2025-09-22 15:54:13;30.91;57292.00;37.00;998.99;314;241;13.25;2
2025-09-22 15:54:14;30.91;56827.00;37.00;998.99;314;241;13.25;2
2025-09-22 15:54:15;30.91;57175.00;37.00;998.98;312;241;13.25;2
2025-09-22 15:54:16;30.92;57175.00;37.00;998.99;312;241;13.25;2
2025-09-22 15:54:17;30.91;57019.00;37.00;998.99;312;241;13.25;2
2025-09-22 15:54:18;30.92;56750.00;37.00;998.98;309;240;12.94;2
2025-09-22 15:54:19;30.92;57214.00;37.00;998.98;309;240;12.94;2
2025-09-22 15:54:20;30.92;57448.00;37.00;998.98;309;240;12.94;2
2025-09-22 15:54:21;30.92;57331.00;37.00;998.98;309;240;13.07;2
2025-09-22 15:54:22;30.92;57448.00;37.00;998.98;309;240;13.07;2
2025-09-22 15:54:23;30.92;57136.00;37.00;998.98;309;240;13.07;2
2025-09-22 15:54:24;30.93;57487.00;37.00;998.98;307;240;12.93;2
2025-09-22 15:54:25;30.92;57448.00;37.00;998.98;307;240;12.93;2
2025-09-22 15:54:26;30.92;57292.00;37.00;998.95;307;240;12.93;2
2025-09-22 15:54:27;30.93;57566.00;37.00;998.98;304;238;12.60;2
2025-09-22 15:54:28;30.93;57214.00;37.00;998.98;304;238;12.60;2
2025-09-22 15:54:29;30.93;57645.00;37.00;998.95;304;238;12.60;2
2025-09-22 15:54:30;30.93;57487.00;37.00;998.95;301;237;12.40;2
2025-09-22 15:54:31;30.93;57175.00;37.00;998.98;301;237;12.40;2
2025-09-22 15:54:32;30.93;57724.00;37.00;998.98;301;237;12.40;2
2025-09-22 15:54:33;30.93;57724.00;37.00;998.98;298;235;12.11;2
2025-09-22 15:54:34;30.93;57645.00;37.00;998.98;298;235;12.11;2
2025-09-22 15:54:35;30.94;57804.00;37.00;998.95;298;235;12.11;2
2025-09-22 15:54:36;30.94;57566.00;37.00;998.95;297;236;12.17;2
2025-09-22 15:54:37;30.94;57487.00;37.00;998.95;297;236;12.17;2
2025-09-22 15:54:38;30.94;57136.00;37.00;998.98;297;236;12.17;2
2025-09-22 15:54:39;30.94;58043.00;37.00;998.98;296;235;12.11;2
2025-09-22 15:54:40;30.94;57883.00;37.00;998.95;296;235;12.11;2
2025-09-22 15:54:41;30.94;57804.00;37.00;998.95;296;235;12.11;2
2025-09-22 15:54:42;30.94;57963.00;37.00;998.95;293;234;11.87;2
2025-09-22 15:54:43;30.94;57844.00;37.00;998.98;293;234;11.87;2
2025-09-22 15:54:44;30.95;57685.00;37.00;998.98;293;234;11.87;2
2025-09-22 15:54:45;30.95;57923.00;37.00;998.95;291;233;11.72;2
2025-09-22 15:54:46;30.94;57844.00;37.00;998.95;291;233;11.72;2
2025-09-22 15:54:47;30.95;58325.00;37.00;998.95;291;233;11.72;2
2025-09-22 15:54:48;30.95;58406.00;37.00;998.95;287;231;11.31;2
2025-09-22 15:54:49;30.94;57804.00;37.00;998.95;287;231;11.31;2
2025-09-22 15:54:50;30.95;57923.00;37.00;998.98;287;231;11.31;2
2025-09-22 15:54:51;30.95;58124.00;37.00;998.99;286;230;11.24;2
2025-09-22 15:54:52;30.94;58124.00;37.00;998.94;286;230;11.24;2
2025-09-22 15:54:53;30.95;58285.00;37.00;998.95;286;230;11.24;2
2025-09-22 15:54:54;30.95;57724.00;37.00;998.98;284;230;11.12;2
2025-09-22 15:54:55;30.95;58244.00;37.00;998.98;284;230;11.12;2
2025-09-22 15:54:56;30.95;58083.00;37.00;998.98;284;230;11.12;2
2025-09-22 15:54:57;30.95;58285.00;37.00;998.95;282;229;11.05;2
2025-09-22 15:54:58;30.96;57448.00;37.00;998.98;282;229;11.05;2
2025-09-22 15:54:59;30.95;57844.00;37.00;998.98;282;229;11.05;2
2025-09-22 15:55:00;30.96;57844.00;37.00;998.98;281;229;11.00;2
2025-09-22 15:55:01;30.96;58083.00;37.00;998.98;281;229;11.00;2
2025-09-22 15:55:02;30.95;57487.00;37.00;998.98;281;229;11.00;2
2025-09-22 15:55:03;30.96;58043.00;37.00;998.98;281;229;11.07;2
2025-09-22 15:55:04;30.96;58083.00;37.00;998.98;281;229;11.07;2
2025-09-22 15:55:05;30.96;57844.00;37.00;998.98;281;229;11.07;2
2025-09-22 15:55:06;30.96;57963.00;37.00;998.98;280;229;11.06;2
2025-09-22 15:55:07;30.96;58447.00;37.00;998.98;280;229;11.06;2
2025-09-22 15:55:08;30.96;57963.00;37.00;998.98;280;229;11.06;2
2025-09-22 15:55:09;30.95;57566.00;37.00;998.98;280;231;11.30;2
2025-09-22 15:55:10;30.96;58003.00;37.00;998.98;280;231;11.30;2
2025-09-22 15:55:11;30.97;58124.00;37.00;999.02;280;231;11.30;2
2025-09-22 15:55:12;30.97;58285.00;37.00;999.02;278;230;11.09;2
2025-09-22 15:55:13;30.97;57883.00;37.00;999.02;278;230;11.09;2
2025-09-22 15:55:14;30.97;58285.00;37.00;998.99;278;230;11.09;2
2025-09-22 15:55:15;30.97;57844.00;37.00;998.99;278;230;11.20;2
2025-09-22 15:55:16;30.96;57804.00;37.00;998.95;278;230;11.20;2
2025-09-22 15:55:17;30.97;57844.00;37.00;998.99;278;230;11.20;2
2025-09-22 15:55:18;30.97;58003.00;37.00;998.99;276;230;11.11;2
2025-09-22 15:55:19;30.97;57963.00;37.00;998.98;276;230;11.11;2
2025-09-22 15:55:20;30.97;57883.00;37.00;998.99;276;230;11.11;2
2025-09-22 15:55:21;30.96;57844.00;37.00;998.94;275;229;11.00;2
2025-09-22 15:55:22;30.97;57963.00;37.00;998.99;275;229;11.00;2
2025-09-22 15:55:23;30.97;58124.00;37.00;998.99;275;229;11.00;2
2025-09-22 15:55:24;30.97;58003.00;37.00;998.99;273;229;10.98;2
2025-09-22 15:55:25;30.97;57963.00;37.00;998.98;273;229;10.98;2
2025-09-22 15:55:26;30.97;58003.00;37.00;998.99;273;229;10.98;2
2025-09-22 15:55:27;30.98;58083.00;37.00;998.98;272;229;10.93;2
2025-09-22 15:55:28;30.97;58406.00;37.00;998.98;272;229;10.93;2
2025-09-22 15:55:29;30.97;58083.00;37.00;998.98;272;229;10.93;2
2025-09-22 15:55:30;30.97;57923.00;37.00;998.98;271;229;10.94;2
2025-09-22 15:55:31;30.98;58124.00;37.00;998.98;271;229;10.94;2
2025-09-22 15:55:32;30.98;58043.00;37.00;998.98;271;229;10.94;2
2025-09-22 15:55:33;30.97;57844.00;37.00;998.98;270;229;10.92;2
2025-09-22 15:55:34;30.98;57963.00;37.00;998.98;270;229;10.92;2
2025-09-22 15:55:35;30.98;57883.00;37.00;998.98;270;229;10.92;2
2025-09-22 15:55:36;30.98;58003.00;37.00;998.98;271;230;11.09;2
2025-09-22 15:55:37;30.98;58003.00;37.00;998.98;271;230;11.09;2
2025-09-22 15:55:38;30.97;58003.00;37.00;998.98;271;230;11.09;2
2025-09-22 15:55:39;30.98;58406.00;37.00;998.98;269;228;10.91;2
2025-09-22 15:55:40;30.98;58285.00;37.00;998.98;269;228;10.91;2
2025-09-22 15:55:41;30.98;58406.00;37.00;998.98;269;228;10.91;2
2025-09-22 15:55:42;30.98;58774.00;37.00;998.98;265;226;10.54;2
2025-09-22 15:55:43;30.98;58204.00;36.00;998.98;265;226;10.54;2
2025-09-22 15:55:44;30.98;58569.00;36.00;998.98;265;226;10.54;2
2025-09-22 15:55:45;30.98;58488.00;37.00;998.98;263;225;10.41;2
2025-09-22 15:55:46;30.97;58488.00;37.00;998.98;263;225;10.41;2
2025-09-22 15:55:47;30.98;58124.00;37.00;998.99;263;225;10.41;2
2025-09-22 15:55:48;30.99;58204.00;37.00;998.99;262;226;10.44;2
2025-09-22 15:55:49;30.99;58692.00;36.00;998.98;262;226;10.44;2
2025-09-22 15:55:50;30.98;59146.00;36.00;998.98;262;226;10.44;2
2025-09-22 15:55:51;30.99;58406.00;36.00;998.98;262;226;10.44;2
2025-09-22 15:55:52;30.98;58447.00;36.00;999.02;262;226;10.44;2
2025-09-22 15:55:53;30.99;58528.00;36.00;999.02;262;226;10.44;2
2025-09-22 15:55:54;30.99;58897.00;36.00;998.99;262;226;10.44;2
2025-09-22 15:55:55;30.99;58244.00;36.00;998.99;259;224;10.25;2
2025-09-22 15:55:56;30.99;58774.00;36.00;998.99;259;224;10.25;2
2025-09-22 15:55:57;30.99;59022.00;36.00;998.99;259;224;10.25;2
2025-09-22 15:55:58;30.99;58528.00;36.00;999.02;257;223;10.09;2
2025-09-22 15:55:59;30.99;58285.00;36.00;998.99;257;223;10.09;2
2025-09-22 15:56:00;30.99;58856.00;36.00;998.99;257;223;10.09;2
2025-09-22 15:56:01;30.99;59313.00;36.00;998.99;256;223;10.06;2
2025-09-22 15:56:02;30.99;59063.00;36.00;999.02;256;223;10.06;2
2025-09-22 15:56:03;30.99;59063.00;36.00;998.99;256;223;10.06;2
2025-09-22 15:56:04;30.99;58980.00;36.00;999.02;255;223;9.97;2
2025-09-22 15:56:05;30.99;59313.00;36.00;999.02;255;223;9.97;2
2025-09-22 15:56:06;30.99;58939.00;36.00;999.02;255;223;9.97;2
2025-09-22 15:56:07;30.99;59355.00;36.00;998.99;254;223;9.97;2
2025-09-22 15:56:08;31.00;59230.00;36.00;998.99;254;223;9.97;2
2025-09-22 15:56:09;31.00;59271.00;36.00;998.99;254;223;9.97;2
2025-09-22 15:56:10;30.99;59565.00;36.00;998.99;252;222;9.85;2
2025-09-22 15:56:11;30.99;59188.00;36.00;998.99;252;222;9.85;2
2025-09-22 15:56:12;30.99;59188.00;36.00;998.99;252;222;9.85;2
2025-09-22 15:56:13;30.99;59355.00;36.00;998.99;251;221;9.81;2
2025-09-22 15:56:14;31.00;59313.00;36.00;998.99;251;221;9.81;2
2025-09-22 15:56:15;31.00;59439.00;36.00;998.99;251;221;9.81;2
2025-09-22 15:56:16;31.00;59692.00;36.00;998.98;250;221;9.70;2
2025-09-22 15:56:17;31.00;59481.00;36.00;998.99;250;221;9.70;2
2025-09-22 15:56:18;31.00;59397.00;36.00;998.98;250;221;9.70;2
2025-09-22 15:56:19;31.00;59397.00;36.00;998.98;249;220;9.65;2
2025-09-22 15:56:20;31.00;59439.00;36.00;998.98;249;220;9.65;2
2025-09-22 15:56:21;31.00;59397.00;36.00;998.98;249;220;9.65;2
