timestamp;temperature;gas;humidity;barometer;IAQ;IAQ_S;VOCS;accuracy
2025-09-22 15:24:09;27.45;95291.00;36.00;998.83;130;70;1.00;1
2025-09-22 15:24:10;27.45;94754.00;36.00;998.83;130;70;1.00;1
2025-09-22 15:24:11;27.45;95076.00;36.00;998.84;130;70;1.00;1
2025-09-22 15:24:12;27.44;94968.00;36.00;998.84;130;70;1.00;1
2025-09-22 15:24:13;27.45;95076.00;36.00;998.83;130;70;1.00;1
2025-09-22 15:24:14;27.45;94861.00;36.00;998.83;127;69;0.98;1
2025-09-22 15:24:15;27.45;94861.00;36.00;998.83;127;69;0.98;1
2025-09-22 15:24:16;27.46;95076.00;36.00;998.84;127;69;0.98;1
2025-09-22 15:24:17;27.46;94861.00;36.00;998.83;126;69;0.98;1
2025-09-22 15:24:18;27.47;94223.00;36.00;998.84;126;69;0.98;1
2025-09-22 15:24:19;27.47;94861.00;36.00;998.83;126;69;0.98;1
2025-09-22 15:24:20;27.47;94223.00;36.00;998.81;130;70;1.00;1
2025-09-22 15:24:21;27.48;94012.00;36.00;998.83;130;70;1.00;1
2025-09-22 15:24:22;27.48;94223.00;37.00;998.83;130;70;1.00;1
2025-09-22 15:24:23;27.48;94118.00;36.00;998.83;133;72;1.02;1
2025-09-22 15:24:24;27.49;94012.00;36.00;998.83;133;72;1.02;1
2025-09-22 15:24:25;27.49;94223.00;36.00;998.81;133;72;1.02;1
2025-09-22 15:24:26;27.49;93907.00;37.00;998.83;132;72;1.02;1
2025-09-22 15:24:27;27.49;93907.00;37.00;998.83;132;72;1.02;1
2025-09-22 15:24:28;27.49;94754.00;37.00;998.83;132;72;1.02;1
2025-09-22 15:24:29;27.50;93178.00;37.00;998.83;135;73;1.03;1
2025-09-22 15:24:30;27.50;94118.00;37.00;998.84;135;73;1.03;1
2025-09-22 15:24:31;27.50;93698.00;37.00;998.83;135;73;1.03;1
2025-09-22 15:24:32;27.50;94541.00;37.00;998.83;130;71;1.00;1
2025-09-22 15:24:33;27.50;93385.00;37.00;998.83;130;71;1.00;1
2025-09-22 15:24:34;27.51;94012.00;37.00;998.83;130;71;1.00;1
2025-09-22 15:24:35;27.51;93593.00;37.00;998.84;130;71;1.00;1
2025-09-22 15:24:36;27.51;93698.00;37.00;998.83;131;71;1.00;1
2025-09-22 15:24:37;27.52;93282.00;37.00;998.84;131;71;1.00;1
2025-09-22 15:24:38;27.52;94012.00;37.00;998.83;131;71;1.00;1
2025-09-22 15:24:39;27.52;93907.00;37.00;998.83;129;70;0.99;1
2025-09-22 15:24:40;27.53;93178.00;37.00;998.83;129;70;0.99;1
2025-09-22 15:24:41;27.53;93802.00;37.00;998.83;129;70;0.99;1
2025-09-22 15:24:42;27.52;92665.00;37.00;998.83;128;70;0.98;1
2025-09-22 15:24:43;27.53;93385.00;37.00;998.84;128;70;0.98;1
2025-09-22 15:24:44;27.54;92665.00;37.00;998.84;128;70;0.98;1
2025-09-22 15:24:45;27.54;92972.00;37.00;998.83;131;71;1.01;1
2025-09-22 15:24:46;27.54;93178.00;37.00;998.83;131;71;1.01;1
2025-09-22 15:24:47;27.55;93282.00;37.00;998.83;131;71;1.01;1
2025-09-22 15:24:48;27.55;93178.00;37.00;998.83;131;71;1.00;1
2025-09-22 15:24:49;27.56;93075.00;37.00;998.84;131;71;1.00;1
2025-09-22 15:24:50;27.56;92767.00;37.00;998.84;131;71;1.00;1
2025-09-22 15:24:51;27.57;92461.00;37.00;998.83;132;72;1.01;1
2025-09-22 15:24:52;27.57;92563.00;37.00;998.83;132;72;1.01;1
2025-09-22 15:24:53;27.57;92461.00;37.00;998.84;132;72;1.01;1
2025-09-22 15:24:54;27.58;92359.00;37.00;998.83;134;72;1.02;1
2025-09-22 15:24:55;27.58;93075.00;37.00;998.83;134;72;1.02;1
2025-09-22 15:24:56;27.58;92056.00;37.00;998.83;134;72;1.02;1
2025-09-22 15:24:57;27.59;91855.00;37.00;998.83;136;73;1.04;1
2025-09-22 15:24:58;27.59;92258.00;37.00;998.88;136;73;1.04;1
2025-09-22 15:24:59;27.60;92972.00;37.00;998.87;136;73;1.04;1
2025-09-22 15:25:00;27.60;92870.00;37.00;998.87;134;72;1.03;1
2025-09-22 15:25:01;27.60;92157.00;37.00;998.84;134;72;1.03;1
2025-09-22 15:25:02;27.61;91955.00;37.00;998.88;134;72;1.03;1
2025-09-22 15:25:03;27.62;91654.00;37.00;998.87;136;73;1.04;1
2025-09-22 15:25:04;27.62;91554.00;37.00;998.87;136;73;1.04;1
2025-09-22 15:25:05;27.63;91955.00;37.00;998.87;136;73;1.04;1
2025-09-22 15:25:06;27.63;92563.00;37.00;998.84;137;74;1.05;1
2025-09-22 15:25:07;27.63;91654.00;37.00;998.87;137;74;1.05;1
2025-09-22 15:25:08;27.64;91654.00;37.00;998.87;137;74;1.05;1
2025-09-22 15:25:09;27.64;92157.00;37.00;998.87;139;75;1.06;1
2025-09-22 15:25:10;27.65;91455.00;37.00;998.84;139;75;1.06;1
2025-09-22 15:25:11;27.65;92258.00;37.00;998.84;139;75;1.06;1
2025-09-22 15:25:12;27.66;91955.00;37.00;998.87;138;74;1.05;1
2025-09-22 15:25:13;27.66;91654.00;37.00;998.84;138;74;1.05;1
2025-09-22 15:25:14;27.67;92359.00;37.00;998.84;138;74;1.05;1
2025-09-22 15:25:15;27.67;91654.00;37.00;998.84;136;73;1.04;1
2025-09-22 15:25:16;27.67;92056.00;37.00;998.87;136;73;1.04;1
2025-09-22 15:25:17;27.68;91654.00;37.00;998.87;136;73;1.04;1
2025-09-22 15:25:18;27.67;91355.00;37.00;998.83;137;74;1.05;1
2025-09-22 15:25:19;27.65;90862.00;37.00;998.87;137;74;1.05;1
2025-09-22 15:25:20;27.66;90568.00;37.00;998.87;137;74;1.05;1
2025-09-22 15:25:21;27.66;90276.00;37.00;998.87;142;76;1.08;1
2025-09-22 15:25:22;27.66;90179.00;37.00;998.84;142;76;1.08;1
2025-09-22 15:25:23;27.66;89507.00;37.00;998.83;142;76;1.08;1
2025-09-22 15:25:24;27.64;88845.00;37.00;998.88;149;79;1.14;1
2025-09-22 15:25:25;27.63;85850.00;37.00;998.87;149;79;1.14;1
2025-09-22 15:25:26;27.65;84215.00;38.00;998.83;149;79;1.14;1
2025-09-22 15:25:27;27.66;82805.00;38.00;998.84;178;92;1.37;1
2025-09-22 15:25:28;27.67;81758.00;38.00;998.87;178;92;1.37;1
2025-09-22 15:25:29;27.68;79590.00;38.00;998.84;178;92;1.37;1
2025-09-22 15:25:30;27.68;79741.00;38.00;998.83;214;107;1.74;1
2025-09-22 15:25:31;27.69;79817.00;38.00;998.83;214;107;1.74;1
2025-09-22 15:25:32;27.72;80582.00;38.00;998.84;214;107;1.74;1
2025-09-22 15:25:33;27.73;79665.00;38.00;998.81;236;117;2.01;1
2025-09-22 15:25:34;27.74;80197.00;38.00;998.83;236;117;2.01;1
2025-09-22 15:25:35;27.75;80582.00;38.00;998.78;236;117;2.01;1
2025-09-22 15:25:36;27.76;80659.00;38.00;998.81;250;124;2.24;1
2025-09-22 15:25:37;27.77;79289.00;38.00;998.81;250;124;2.24;1
2025-09-22 15:25:38;27.78;79364.00;38.00;998.78;250;124;2.24;1
2025-09-22 15:25:39;27.79;78917.00;38.00;998.81;261;130;2.44;1
2025-09-22 15:25:40;27.80;78622.00;38.00;998.78;261;130;2.44;1
2025-09-22 15:25:41;27.80;78843.00;38.00;998.74;261;130;2.44;1
2025-09-22 15:25:42;27.82;78256.00;38.00;998.81;274;136;2.70;1
2025-09-22 15:25:43;27.83;78038.00;38.00;998.83;274;136;2.70;1
2025-09-22 15:25:44;27.84;77677.00;38.00;998.81;274;136;2.70;1
2025-09-22 15:25:45;27.85;77249.00;38.00;998.83;283;141;2.91;1
2025-09-22 15:25:46;27.86;77821.00;38.00;998.81;283;141;2.91;1
2025-09-22 15:25:47;27.87;77534.00;38.00;998.81;283;141;2.91;1
2025-09-22 15:25:48;27.87;76896.00;38.00;998.81;288;144;3.05;1
2025-09-22 15:25:49;27.87;77178.00;38.00;998.81;288;144;3.05;1
2025-09-22 15:25:50;27.88;77178.00;38.00;998.78;288;144;3.05;1
2025-09-22 15:25:51;27.89;77249.00;38.00;998.81;291;146;3.15;1
2025-09-22 15:25:52;27.91;77107.00;38.00;998.83;291;146;3.15;1
2025-09-22 15:25:53;27.91;77107.00;38.00;998.78;291;146;3.15;1
2025-09-22 15:25:54;27.91;76966.00;38.00;998.77;294;148;3.24;1
2025-09-22 15:25:55;27.92;77249.00;38.00;998.78;294;148;3.24;1
2025-09-22 15:25:56;27.94;77178.00;38.00;998.81;294;148;3.24;1
2025-09-22 15:25:57;27.95;76755.00;38.00;998.78;295;150;3.31;1
2025-09-22 15:25:58;27.96;76966.00;38.00;998.81;295;150;3.31;1
2025-09-22 15:25:59;27.96;76755.00;38.00;998.81;295;150;3.31;1
2025-09-22 15:26:00;27.97;76685.00;38.00;998.78;294;150;3.34;1
2025-09-22 15:26:01;27.97;76406.00;38.00;998.81;294;150;3.34;1
2025-09-22 15:26:02;27.98;76755.00;38.00;998.81;294;150;3.34;1
2025-09-22 15:26:03;27.99;76476.00;38.00;998.81;294;151;3.38;1
2025-09-22 15:26:04;28.00;76198.00;38.00;998.81;294;151;3.38;1
2025-09-22 15:26:05;28.01;76268.00;38.00;998.83;294;151;3.38;1
2025-09-22 15:26:06;28.01;76198.00;38.00;998.78;294;152;3.41;1
2025-09-22 15:26:07;28.01;76198.00;38.00;998.78;294;152;3.41;1
2025-09-22 15:26:08;28.02;76268.00;39.00;998.78;294;152;3.41;1
2025-09-22 15:26:09;28.03;76685.00;38.00;998.83;293;152;3.43;1
2025-09-22 15:26:10;28.04;76060.00;39.00;998.83;293;152;3.43;1
2025-09-22 15:26:11;28.04;76545.00;39.00;998.81;293;152;3.43;1
2025-09-22 15:26:12;28.05;76337.00;39.00;998.81;292;152;3.45;1
2025-09-22 15:26:13;28.05;75992.00;39.00;998.81;292;152;3.45;1
2025-09-22 15:26:14;28.06;75855.00;39.00;998.81;292;152;3.45;1
2025-09-22 15:26:15;28.07;75923.00;39.00;998.81;291;153;3.46;1
2025-09-22 15:26:16;28.07;75176.00;39.00;998.83;291;153;3.46;1
2025-09-22 15:26:17;28.08;75855.00;39.00;998.81;291;153;3.46;1
2025-09-22 15:26:18;28.08;75582.00;39.00;998.81;289;152;3.44;1
2025-09-22 15:26:19;28.09;75992.00;39.00;998.78;289;152;3.44;1
2025-09-22 15:26:20;28.09;75378.00;39.00;998.81;289;152;3.44;1
2025-09-22 15:26:21;28.10;75923.00;39.00;998.81;289;153;3.49;1
2025-09-22 15:26:22;28.11;75514.00;39.00;998.81;289;153;3.49;1
2025-09-22 15:26:23;28.11;75446.00;39.00;998.81;289;153;3.49;1
2025-09-22 15:26:24;28.12;75243.00;39.00;998.81;289;154;3.52;1
2025-09-22 15:26:25;28.13;75446.00;39.00;998.81;289;154;3.52;1
2025-09-22 15:26:26;28.13;75243.00;39.00;998.81;289;154;3.52;1
2025-09-22 15:26:27;28.14;75378.00;39.00;998.81;286;153;3.51;1
2025-09-22 15:26:28;28.15;75378.00;39.00;998.81;286;153;3.51;1
2025-09-22 15:26:29;28.15;75042.00;39.00;998.83;286;153;3.51;1
2025-09-22 15:26:30;28.16;75855.00;39.00;998.81;284;153;3.50;1
2025-09-22 15:26:31;28.16;75243.00;39.00;998.81;284;153;3.50;1
2025-09-22 15:26:32;28.17;75176.00;39.00;998.83;284;153;3.50;1
2025-09-22 15:26:33;28.17;75718.00;39.00;998.78;282;153;3.47;1
2025-09-22 15:26:34;28.18;75650.00;39.00;998.81;282;153;3.47;1
2025-09-22 15:26:35;28.18;75718.00;39.00;998.81;282;153;3.47;1
2025-09-22 15:26:36;28.19;75923.00;39.00;998.78;277;151;3.39;1
2025-09-22 15:26:37;28.19;75446.00;39.00;998.81;277;151;3.39;1
2025-09-22 15:26:38;28.20;75378.00;39.00;998.81;277;151;3.39;1
2025-09-22 15:26:39;28.21;75176.00;39.00;998.83;276;151;3.39;1
2025-09-22 15:26:40;28.21;75311.00;39.00;998.83;276;151;3.39;1
2025-09-22 15:26:41;28.21;74841.00;39.00;998.81;276;151;3.39;1
2025-09-22 15:26:42;28.22;74975.00;39.00;998.81;274;151;3.39;1
2025-09-22 15:26:43;28.23;75650.00;39.00;998.78;274;151;3.39;1
2025-09-22 15:26:44;28.23;75378.00;39.00;998.81;274;151;3.39;1
2025-09-22 15:26:45;28.24;74775.00;39.00;998.78;273;151;3.40;1
2025-09-22 15:26:46;28.25;75311.00;39.00;998.78;273;151;3.40;1
2025-09-22 15:26:47;28.24;74975.00;39.00;998.78;273;151;3.40;1
2025-09-22 15:26:48;28.25;74775.00;39.00;998.83;272;151;3.40;1
2025-09-22 15:26:49;28.26;74642.00;39.00;998.83;272;151;3.40;1
2025-09-22 15:26:50;28.27;75176.00;39.00;998.84;272;151;3.40;1
2025-09-22 15:26:51;28.27;74975.00;39.00;998.84;272;151;3.40;1
2025-09-22 15:26:52;28.27;74908.00;39.00;998.83;269;151;3.36;1
2025-09-22 15:26:53;28.28;74775.00;39.00;998.83;269;151;3.36;1
2025-09-22 15:26:54;28.29;74642.00;39.00;998.83;269;151;3.36;1
2025-09-22 15:26:55;28.30;74775.00;39.00;998.83;267;151;3.36;1
2025-09-22 15:26:56;28.30;74975.00;39.00;998.81;267;151;3.36;1
2025-09-22 15:26:57;28.30;75109.00;39.00;998.83;267;151;3.36;1
2025-09-22 15:26:58;28.31;74576.00;38.00;998.83;264;149;3.30;1
2025-09-22 15:26:59;28.32;75378.00;39.00;998.81;264;149;3.30;1
2025-09-22 15:27:00;28.33;74841.00;39.00;998.81;264;149;3.30;1
2025-09-22 15:27:01;28.33;74775.00;39.00;998.81;262;149;3.28;1
2025-09-22 15:27:02;28.34;75176.00;39.00;998.81;262;149;3.28;1
2025-09-22 15:27:03;28.34;75109.00;39.00;998.78;262;149;3.28;1
2025-09-22 15:27:04;28.35;74576.00;38.00;998.81;258;148;3.22;1
2025-09-22 15:27:05;28.35;74908.00;39.00;998.81;258;148;3.22;1
2025-09-22 15:27:06;28.36;74378.00;38.00;998.78;258;148;3.22;1
2025-09-22 15:27:07;28.36;74775.00;39.00;998.78;259;149;3.27;1
2025-09-22 15:27:08;28.37;75446.00;39.00;998.78;259;149;3.27;1
2025-09-22 15:27:09;28.38;75109.00;38.00;998.78;259;149;3.27;1
2025-09-22 15:27:10;28.38;75311.00;38.00;998.77;256;148;3.23;1
2025-09-22 15:27:11;28.39;74246.00;38.00;998.77;256;148;3.23;1
2025-09-22 15:27:12;28.40;74975.00;39.00;998.77;256;148;3.23;1
2025-09-22 15:27:13;28.40;74775.00;38.00;998.74;253;147;3.19;1
2025-09-22 15:27:14;28.40;75176.00;38.00;998.77;253;147;3.19;1
2025-09-22 15:27:15;28.41;74908.00;38.00;998.77;253;147;3.19;1
2025-09-22 15:27:16;28.41;75109.00;38.00;998.77;251;147;3.18;1
2025-09-22 15:27:17;28.42;75378.00;38.00;998.77;251;147;3.18;1
2025-09-22 15:27:18;28.43;74908.00;38.00;998.77;251;147;3.18;1
2025-09-22 15:27:19;28.43;75042.00;38.00;998.77;250;147;3.18;1
2025-09-22 15:27:20;28.44;75311.00;38.00;998.77;250;147;3.18;1
2025-09-22 15:27:21;28.44;75176.00;38.00;998.74;250;147;3.18;1
2025-09-22 15:27:22;28.45;74775.00;38.00;998.77;249;146;3.14;1
2025-09-22 15:27:23;28.46;74975.00;38.00;998.77;249;146;3.14;1
2025-09-22 15:27:24;28.46;75109.00;38.00;998.74;249;146;3.14;1
2025-09-22 15:27:25;28.47;74908.00;38.00;998.81;248;146;3.12;1
2025-09-22 15:27:26;28.48;75718.00;38.00;998.81;248;146;3.12;1
2025-09-22 15:27:27;28.48;74775.00;38.00;998.81;248;146;3.12;1
2025-09-22 15:27:28;28.47;74975.00;38.00;998.78;248;146;3.13;1
2025-09-22 15:27:29;28.49;75042.00;38.00;998.78;248;146;3.13;1
2025-09-22 15:27:30;28.50;75311.00;38.00;998.78;248;146;3.13;1
2025-09-22 15:27:31;28.51;75176.00;38.00;998.78;248;146;3.13;1
2025-09-22 15:27:32;28.51;75042.00;38.00;998.81;248;146;3.13;1
2025-09-22 15:27:33;28.51;74708.00;38.00;998.81;248;146;3.13;1
2025-09-22 15:27:34;28.52;74908.00;38.00;998.78;248;146;3.13;1
2025-09-22 15:27:35;28.52;74975.00;38.00;998.78;248;146;3.13;1
2025-09-22 15:27:36;28.53;75042.00;38.00;998.78;248;146;3.13;1
2025-09-22 15:27:37;28.53;74908.00;38.00;998.78;247;145;3.09;1
2025-09-22 15:27:38;28.54;74642.00;38.00;998.77;247;145;3.09;1
2025-09-22 15:27:39;28.55;74378.00;38.00;998.77;247;145;3.09;1
2025-09-22 15:27:40;28.54;75176.00;38.00;998.78;248;146;3.13;1
2025-09-22 15:27:41;28.55;74975.00;38.00;998.77;248;146;3.13;1
2025-09-22 15:27:42;28.56;74708.00;38.00;998.77;248;146;3.13;1
2025-09-22 15:27:43;28.57;74975.00;38.00;998.78;248;146;3.13;1
2025-09-22 15:27:44;28.57;75109.00;38.00;998.77;248;146;3.13;1
2025-09-22 15:27:45;28.58;75446.00;38.00;998.77;248;146;3.13;1
2025-09-22 15:27:46;28.59;74312.00;38.00;998.78;245;144;3.05;1
2025-09-22 15:27:47;28.60;75378.00;38.00;998.78;245;144;3.05;1
2025-09-22 15:27:48;28.60;75243.00;38.00;998.77;245;144;3.05;1
2025-09-22 15:27:49;28.61;75378.00;38.00;998.78;243;143;3.00;1
2025-09-22 15:27:50;28.61;74642.00;38.00;998.78;243;143;3.00;1
2025-09-22 15:27:51;28.62;74975.00;38.00;998.78;243;143;3.00;1
2025-09-22 15:27:52;28.63;74975.00;38.00;998.77;242;143;2.97;1
2025-09-22 15:27:53;28.63;74775.00;38.00;998.78;242;143;2.97;1
2025-09-22 15:27:54;28.64;75109.00;38.00;998.77;242;143;2.97;1
2025-09-22 15:27:55;28.64;74576.00;38.00;998.77;241;142;2.95;1
2025-09-22 15:27:56;28.64;74775.00;38.00;998.78;241;142;2.95;1
2025-09-22 15:27:57;28.65;75042.00;38.00;998.78;241;142;2.95;1
2025-09-22 15:27:58;28.65;74775.00;38.00;998.77;241;142;2.94;1
2025-09-22 15:27:59;28.66;74444.00;38.00;998.78;241;142;2.94;1
2025-09-22 15:28:00;28.67;75378.00;38.00;998.78;241;142;2.94;1
2025-09-22 15:28:01;28.68;74841.00;38.00;998.78;239;141;2.91;1
2025-09-22 15:28:02;28.68;74444.00;38.00;998.78;239;141;2.91;1
2025-09-22 15:28:03;28.69;75311.00;38.00;998.83;239;141;2.91;1
2025-09-22 15:28:04;28.69;75650.00;38.00;998.81;240;142;2.93;1
2025-09-22 15:28:05;28.70;75446.00;38.00;998.81;240;142;2.93;1
2025-09-22 15:28:06;28.70;76198.00;38.00;998.81;240;142;2.93;1
2025-09-22 15:28:07;28.71;74510.00;38.00;998.78;240;142;2.93;1
2025-09-22 15:28:08;28.71;74576.00;38.00;998.81;240;142;2.93;1
2025-09-22 15:28:09;28.72;74775.00;38.00;998.81;240;142;2.93;1
2025-09-22 15:28:10;28.72;75923.00;38.00;998.78;241;142;2.94;1
2025-09-22 15:28:11;28.73;75243.00;38.00;998.81;241;142;2.94;1
2025-09-22 15:28:12;28.73;74708.00;38.00;998.78;241;142;2.94;1
2025-09-22 15:28:13;28.74;75311.00;38.00;998.78;241;142;2.95;1
2025-09-22 15:28:14;28.75;74841.00;38.00;998.77;241;142;2.95;1
2025-09-22 15:28:15;28.76;75243.00;38.00;998.81;241;142;2.95;1
2025-09-22 15:28:16;28.76;76268.00;38.00;998.78;242;142;2.96;1
2025-09-22 15:28:17;28.76;75786.00;38.00;998.83;242;142;2.96;1
2025-09-22 15:28:18;28.78;74908.00;38.00;998.81;242;142;2.96;1
2025-09-22 15:28:19;28.78;74775.00;38.00;998.78;241;142;2.94;1
2025-09-22 15:28:20;28.78;75176.00;38.00;998.78;241;142;2.94;1
2025-09-22 15:28:21;28.79;74576.00;38.00;998.78;241;142;2.94;1
2025-09-22 15:28:22;28.79;74708.00;38.00;998.81;241;142;2.94;1
2025-09-22 15:28:23;28.80;75446.00;38.00;998.78;241;142;2.94;1
2025-09-22 15:28:24;28.80;75042.00;38.00;998.78;241;142;2.94;1
2025-09-22 15:28:25;28.81;75176.00;38.00;998.78;239;141;2.90;1
2025-09-22 15:28:26;28.82;75176.00;38.00;998.78;239;141;2.90;1
2025-09-22 15:28:27;28.82;75923.00;38.00;998.77;239;141;2.90;1
2025-09-22 15:28:28;28.82;75243.00;38.00;998.78;239;141;2.91;1
2025-09-22 15:28:29;28.83;74841.00;38.00;998.81;239;141;2.91;1
2025-09-22 15:28:30;28.83;75109.00;38.00;998.81;239;141;2.91;1
2025-09-22 15:28:31;28.84;75650.00;38.00;998.78;240;141;2.91;1
2025-09-22 15:28:32;28.84;74775.00;38.00;998.78;240;141;2.91;1
2025-09-22 15:28:33;28.85;74908.00;38.00;998.81;240;141;2.91;1
2025-09-22 15:28:34;28.86;75176.00;38.00;998.78;240;141;2.92;1
2025-09-22 15:28:35;28.86;74975.00;38.00;998.78;240;141;2.92;1
2025-09-22 15:28:36;28.86;75582.00;38.00;998.78;240;141;2.92;1
2025-09-22 15:28:37;28.86;75176.00;38.00;998.78;237;140;2.86;1
2025-09-22 15:28:38;28.87;75243.00;38.00;998.81;237;140;2.86;1
2025-09-22 15:28:39;28.88;75042.00;38.00;998.78;237;140;2.86;1
2025-09-22 15:28:40;28.88;75042.00;38.00;998.78;235;139;2.80;1
2025-09-22 15:28:41;28.89;75378.00;38.00;998.81;235;139;2.80;1
2025-09-22 15:28:42;28.89;74444.00;38.00;998.81;235;139;2.80;1
2025-09-22 15:28:43;28.90;74975.00;38.00;998.81;232;137;2.73;1
2025-09-22 15:28:44;28.91;76896.00;38.00;998.84;232;137;2.73;1
2025-09-22 15:28:45;28.92;75514.00;38.00;998.84;232;137;2.73;1
2025-09-22 15:28:46;28.91;74642.00;38.00;998.83;233;138;2.77;1
2025-09-22 15:28:47;28.92;74908.00;38.00;998.83;233;138;2.77;1
2025-09-22 15:28:48;28.92;75582.00;38.00;998.83;233;138;2.77;1
2025-09-22 15:28:49;28.93;74975.00;38.00;998.81;233;138;2.75;1
2025-09-22 15:28:50;28.93;75243.00;38.00;998.83;233;138;2.75;1
2025-09-22 15:28:51;28.94;75786.00;38.00;998.83;233;138;2.75;1
2025-09-22 15:28:52;28.94;74510.00;38.00;998.83;231;136;2.71;1
2025-09-22 15:28:53;28.95;74642.00;38.00;998.84;231;136;2.71;1
2025-09-22 15:28:54;28.95;74246.00;38.00;998.83;231;136;2.71;1
2025-09-22 15:28:55;28.96;75378.00;38.00;998.81;230;136;2.70;1
2025-09-22 15:28:56;28.96;74576.00;38.00;998.83;230;136;2.70;1
2025-09-22 15:28:57;28.97;74908.00;38.00;998.83;230;136;2.70;1
2025-09-22 15:28:58;28.98;75446.00;38.00;998.83;228;135;2.65;1
2025-09-22 15:28:59;28.98;75514.00;38.00;998.81;228;135;2.65;1
2025-09-22 15:29:00;28.98;76129.00;38.00;998.81;228;135;2.65;1
2025-09-22 15:29:01;28.98;74841.00;38.00;998.78;229;136;2.67;1
2025-09-22 15:29:02;28.98;74775.00;38.00;998.81;229;136;2.67;1
2025-09-22 15:29:03;28.99;75378.00;38.00;998.83;229;136;2.67;1
2025-09-22 15:29:04;29.00;75243.00;38.00;998.81;228;135;2.65;1
2025-09-22 15:29:05;29.00;75176.00;38.00;998.81;228;135;2.65;1
2025-09-22 15:29:06;29.01;74510.00;38.00;998.83;228;135;2.65;1
2025-09-22 15:29:07;29.01;74908.00;38.00;998.83;228;135;2.66;1
2025-09-22 15:29:08;29.02;76337.00;38.00;998.81;228;135;2.66;1
2025-09-22 15:29:09;29.02;76545.00;38.00;998.81;228;135;2.66;1
2025-09-22 15:29:10;29.02;74975.00;38.00;998.78;228;135;2.66;1
2025-09-22 15:29:11;29.02;74246.00;38.00;998.83;228;135;2.65;1
2025-09-22 15:29:12;29.03;75855.00;38.00;998.81;228;135;2.65;1
2025-09-22 15:29:13;29.04;75243.00;38.00;998.81;228;135;2.65;1
2025-09-22 15:29:14;29.03;75855.00;38.00;998.78;227;134;2.62;1
2025-09-22 15:29:15;29.04;75378.00;38.00;998.81;227;134;2.62;1
2025-09-22 15:29:16;29.05;75855.00;38.00;998.81;227;134;2.62;1
2025-09-22 15:29:17;29.05;74908.00;38.00;998.81;223;132;2.55;1
2025-09-22 15:29:18;29.06;75992.00;38.00;998.78;223;132;2.55;1
2025-09-22 15:29:19;29.06;75514.00;38.00;998.78;223;132;2.55;1
2025-09-22 15:29:20;29.06;74708.00;38.00;998.83;222;132;2.52;1
2025-09-22 15:29:21;29.07;75855.00;38.00;998.81;222;132;2.52;1
2025-09-22 15:29:22;29.08;74576.00;38.00;998.78;222;132;2.52;1
2025-09-22 15:29:23;29.08;76545.00;38.00;998.83;225;133;2.58;1
2025-09-22 15:29:24;29.07;75042.00;37.00;998.83;225;133;2.58;1
2025-09-22 15:29:25;29.03;75514.00;37.00;998.83;225;133;2.58;1
2025-09-22 15:29:26;28.98;74841.00;38.00;998.84;224;133;2.55;1
2025-09-22 15:29:27;28.94;75923.00;37.00;998.83;224;133;2.55;1
2025-09-22 15:29:28;28.81;75176.00;38.00;998.84;224;133;2.55;1
2025-09-22 15:29:29;28.75;75514.00;38.00;998.88;224;133;2.56;1
2025-09-22 15:29:30;28.66;75378.00;38.00;998.83;224;133;2.56;1
2025-09-22 15:29:31;28.62;75176.00;38.00;998.84;224;133;2.56;1
2025-09-22 15:29:32;28.64;75446.00;38.00;998.83;224;133;2.57;1
2025-09-22 15:29:33;28.67;76198.00;38.00;998.84;224;133;2.57;1
2025-09-22 15:29:34;28.68;75855.00;38.00;998.87;224;133;2.57;1
2025-09-22 15:29:35;28.70;75992.00;38.00;998.87;222;132;2.52;1
2025-09-22 15:29:36;28.71;75650.00;38.00;998.87;222;132;2.52;1
2025-09-22 15:29:37;28.72;75446.00;38.00;998.83;222;132;2.52;1
2025-09-22 15:29:38;28.73;75992.00;38.00;998.87;222;132;2.52;1
2025-09-22 15:29:39;28.74;75855.00;38.00;998.87;222;132;2.52;1
2025-09-22 15:29:40;28.75;76198.00;38.00;998.84;222;132;2.52;1
2025-09-22 15:29:41;28.76;75446.00;38.00;998.87;222;131;2.51;1
2025-09-22 15:29:42;28.78;75992.00;38.00;998.87;222;131;2.51;1
2025-09-22 15:29:43;28.78;75992.00;38.00;998.84;222;131;2.51;1
2025-09-22 15:29:44;28.79;75855.00;38.00;998.87;220;130;2.47;1
2025-09-22 15:29:45;28.79;75923.00;38.00;998.87;220;130;2.47;1
2025-09-22 15:29:46;28.79;76825.00;38.00;998.88;220;130;2.47;1
2025-09-22 15:29:47;28.80;75446.00;38.00;998.84;219;130;2.46;1
2025-09-22 15:29:48;28.81;76129.00;38.00;998.87;219;130;2.46;1
2025-09-22 15:29:49;28.82;75176.00;38.00;998.87;219;130;2.46;1
2025-09-22 15:29:50;28.83;77107.00;38.00;998.87;221;131;2.50;1
2025-09-22 15:29:51;28.84;75992.00;38.00;998.87;221;131;2.50;1
2025-09-22 15:29:52;28.86;75446.00;38.00;998.84;221;131;2.50;1
2025-09-22 15:29:53;28.86;76060.00;38.00;998.87;220;130;2.47;1
2025-09-22 15:29:54;28.87;76406.00;38.00;998.87;220;130;2.47;1
2025-09-22 15:29:55;28.88;76268.00;38.00;998.84;220;130;2.47;1
2025-09-22 15:29:56;28.88;75446.00;38.00;998.87;217;129;2.41;1
2025-09-22 15:29:57;28.90;75718.00;38.00;998.84;217;129;2.41;1
2025-09-22 15:29:58;28.91;76476.00;38.00;998.90;217;129;2.41;1
2025-09-22 15:29:59;28.92;75923.00;38.00;998.87;215;128;2.37;1
2025-09-22 15:30:00;28.93;75992.00;38.00;998.88;215;128;2.37;1
2025-09-22 15:30:01;28.93;76198.00;38.00;998.87;215;128;2.37;1
2025-09-22 15:30:02;28.94;76198.00;38.00;998.88;214;127;2.35;1
2025-09-22 15:30:03;28.96;75446.00;38.00;998.88;214;127;2.35;1
2025-09-22 15:30:04;28.97;76545.00;38.00;998.87;214;127;2.35;1
2025-09-22 15:30:05;28.97;75786.00;38.00;998.90;210;125;2.27;1
2025-09-22 15:30:06;28.98;75718.00;38.00;998.87;210;125;2.27;1
2025-09-22 15:30:07;28.99;75923.00;38.00;998.88;210;125;2.27;1
2025-09-22 15:30:08;28.99;76685.00;38.00;998.87;211;125;2.30;1
2025-09-22 15:30:09;29.00;76268.00;38.00;998.87;211;125;2.30;1
2025-09-22 15:30:10;29.01;75311.00;38.00;998.88;211;125;2.30;1
2025-09-22 15:30:11;29.02;75718.00;38.00;998.88;208;124;2.25;1
2025-09-22 15:30:12;29.03;76685.00;38.00;998.88;208;124;2.25;1
2025-09-22 15:30:13;29.03;75855.00;38.00;998.87;208;124;2.25;1
2025-09-22 15:30:14;29.04;76896.00;38.00;998.87;205;122;2.19;1
2025-09-22 15:30:15;29.05;76198.00;38.00;998.88;205;122;2.19;1
2025-09-22 15:30:16;29.06;75992.00;38.00;998.87;205;122;2.19;1
2025-09-22 15:30:17;29.06;76406.00;38.00;998.87;209;124;2.25;1
2025-09-22 15:30:18;29.07;77037.00;38.00;998.88;209;124;2.25;1
2025-09-22 15:30:19;29.08;76545.00;38.00;998.87;209;124;2.25;1
2025-09-22 15:30:20;29.08;75855.00;38.00;998.88;208;124;2.24;1
2025-09-22 15:30:21;29.10;75514.00;38.00;998.87;208;124;2.24;1
2025-09-22 15:30:22;29.10;76198.00;38.00;998.87;208;124;2.24;1
2025-09-22 15:30:23;29.11;76060.00;38.00;998.88;209;124;2.26;1
2025-09-22 15:30:24;29.12;77107.00;38.00;998.87;209;124;2.26;1
2025-09-22 15:30:25;29.13;75923.00;37.00;998.90;209;124;2.26;1
2025-09-22 15:30:26;29.13;76545.00;37.00;998.88;213;127;2.34;1
2025-09-22 15:30:27;29.14;75923.00;37.00;998.88;213;127;2.34;1
2025-09-22 15:30:28;29.15;76198.00;37.00;998.88;213;127;2.34;1
2025-09-22 15:30:29;29.15;76198.00;37.00;998.90;212;126;2.31;1
2025-09-22 15:30:30;29.16;76129.00;37.00;998.90;212;126;2.31;1
2025-09-22 15:30:31;29.17;75923.00;37.00;998.90;212;126;2.31;1
2025-09-22 15:30:32;29.17;76615.00;37.00;998.90;208;124;2.24;1
2025-09-22 15:30:33;29.18;76198.00;37.00;998.88;208;124;2.24;1
2025-09-22 15:30:34;29.19;75650.00;37.00;998.90;208;124;2.24;1
2025-09-22 15:30:35;29.19;76755.00;37.00;998.90;209;124;2.26;1
2025-09-22 15:30:36;29.19;76198.00;37.00;998.88;209;124;2.26;1
2025-09-22 15:30:37;29.21;77821.00;37.00;998.90;209;124;2.26;1
2025-09-22 15:30:38;29.21;75923.00;37.00;998.90;210;125;2.29;1
2025-09-22 15:30:39;29.22;76545.00;37.00;998.88;210;125;2.29;1
2025-09-22 15:30:40;29.23;77821.00;37.00;998.90;210;125;2.29;1
2025-09-22 15:30:41;29.24;75446.00;37.00;998.88;208;124;2.24;1
2025-09-22 15:30:42;29.24;76755.00;37.00;998.88;208;124;2.24;1
2025-09-22 15:30:43;29.25;75378.00;37.00;998.90;208;124;2.24;1
2025-09-22 15:30:44;29.25;76406.00;37.00;998.88;210;125;2.29;1
2025-09-22 15:30:45;29.27;76198.00;37.00;998.87;210;125;2.29;1
2025-09-22 15:30:46;29.27;75582.00;37.00;998.90;210;125;2.29;1
2025-09-22 15:30:47;29.27;76966.00;37.00;998.88;208;124;2.23;1
2025-09-22 15:30:48;29.28;76268.00;37.00;998.90;208;124;2.23;1
2025-09-22 15:30:49;29.29;76406.00;37.00;998.90;208;124;2.23;1
2025-09-22 15:30:50;29.29;76129.00;37.00;998.88;210;125;2.28;1
2025-09-22 15:30:51;29.30;77037.00;37.00;998.90;210;125;2.28;1
2025-09-22 15:30:52;29.30;76966.00;37.00;998.90;210;125;2.28;1
2025-09-22 15:30:53;29.31;77391.00;37.00;998.90;211;126;2.30;1
2025-09-22 15:30:54;29.32;75923.00;37.00;998.88;211;126;2.30;1
2025-09-22 15:30:55;29.32;75109.00;37.00;998.91;211;126;2.30;1
2025-09-22 15:30:56;29.33;75311.00;37.00;998.91;214;127;2.35;1
2025-09-22 15:30:57;29.34;77178.00;37.00;998.90;214;127;2.35;1
2025-09-22 15:30:58;29.34;76129.00;37.00;998.88;214;127;2.35;1
2025-09-22 15:30:59;29.35;76685.00;37.00;998.94;211;125;2.30;1
2025-09-22 15:31:00;29.36;76615.00;37.00;998.94;211;125;2.30;1
2025-09-22 15:31:01;29.35;75992.00;37.00;998.94;211;125;2.30;1
2025-09-22 15:31:02;29.36;76615.00;37.00;998.91;208;124;2.24;1
2025-09-22 15:31:03;29.36;76685.00;37.00;998.94;208;124;2.24;1
2025-09-22 15:31:04;29.37;76685.00;37.00;998.94;208;124;2.24;1
2025-09-22 15:31:05;29.38;76685.00;37.00;998.91;207;123;2.22;1
2025-09-22 15:31:06;29.38;76406.00;37.00;998.90;207;123;2.22;1
2025-09-22 15:31:07;29.39;75042.00;37.00;998.91;207;123;2.22;1
2025-09-22 15:31:08;29.40;75378.00;37.00;998.94;207;124;2.23;1
2025-09-22 15:31:09;29.40;77391.00;37.00;998.94;207;124;2.23;1
2025-09-22 15:31:10;29.41;75718.00;37.00;998.94;207;124;2.23;1
2025-09-22 15:31:11;29.41;76337.00;37.00;998.94;207;124;2.23;1
2025-09-22 15:31:12;29.42;75446.00;37.00;998.94;207;124;2.23;1
2025-09-22 15:31:13;29.43;75109.00;37.00;998.95;207;124;2.23;1
2025-09-22 15:31:14;29.44;76755.00;37.00;998.94;206;123;2.21;1
2025-09-22 15:31:15;29.44;77037.00;37.00;998.94;206;123;2.21;1
2025-09-22 15:31:16;29.44;77107.00;37.00;998.94;206;123;2.21;1
2025-09-22 15:31:17;29.45;76685.00;37.00;998.95;207;123;2.22;1
2025-09-22 15:31:18;29.46;76337.00;37.00;998.94;207;123;2.22;1
2025-09-22 15:31:19;29.46;76406.00;37.00;998.94;207;123;2.22;1
2025-09-22 15:31:20;29.47;75582.00;37.00;998.95;210;125;2.28;1
2025-09-22 15:31:21;29.48;76406.00;37.00;998.94;210;125;2.28;1
2025-09-22 15:31:22;29.48;74841.00;37.00;998.94;210;125;2.28;1
2025-09-22 15:31:23;29.48;76896.00;37.00;998.94;207;123;2.22;1
2025-09-22 15:31:24;29.48;76896.00;37.00;998.91;207;123;2.22;1
2025-09-22 15:31:25;29.48;76545.00;37.00;998.94;207;123;2.22;1
2025-09-22 15:31:26;29.50;76268.00;37.00;998.94;207;123;2.22;1
2025-09-22 15:31:27;29.50;74975.00;37.00;998.94;207;123;2.22;1
2025-09-22 15:31:28;29.50;76198.00;37.00;998.91;207;123;2.22;1
2025-09-22 15:31:29;29.51;76615.00;37.00;998.94;206;123;2.19;1
2025-09-22 15:31:30;29.51;76476.00;37.00;998.94;206;123;2.19;1
2025-09-22 15:31:31;29.52;74708.00;37.00;998.94;206;123;2.19;1
2025-09-22 15:31:32;29.52;76198.00;37.00;998.91;206;123;2.19;1
2025-09-22 15:31:33;29.52;76268.00;37.00;998.94;206;123;2.20;1
2025-09-22 15:31:34;29.53;75923.00;37.00;998.94;206;123;2.20;1
2025-09-22 15:31:35;29.54;76476.00;37.00;998.94;206;123;2.20;1
2025-09-22 15:31:36;29.54;75650.00;37.00;998.91;205;122;2.19;1
2025-09-22 15:31:37;29.54;75718.00;37.00;998.95;205;122;2.19;1
2025-09-22 15:31:38;29.55;76268.00;37.00;998.94;205;122;2.19;1
2025-09-22 15:31:39;29.55;74775.00;37.00;998.94;206;122;2.19;1
2025-09-22 15:31:40;29.55;76268.00;37.00;998.98;206;122;2.19;1
2025-09-22 15:31:41;29.56;76685.00;37.00;998.98;206;122;2.19;1
2025-09-22 15:31:42;29.57;75176.00;37.00;998.98;204;122;2.17;1
2025-09-22 15:31:43;29.58;75992.00;37.00;998.95;204;122;2.17;1
2025-09-22 15:31:44;29.58;76685.00;37.00;998.95;204;122;2.17;1
2025-09-22 15:31:45;29.58;75243.00;37.00;998.95;203;121;2.14;1
2025-09-22 15:31:46;29.59;76545.00;37.00;998.95;203;121;2.14;1
2025-09-22 15:31:47;29.59;76615.00;37.00;998.98;203;121;2.14;1
2025-09-22 15:31:48;29.59;76476.00;37.00;998.98;202;121;2.13;1
2025-09-22 15:31:49;29.60;76129.00;37.00;998.95;202;121;2.13;1
2025-09-22 15:31:50;29.61;76129.00;37.00;998.95;202;121;2.13;1
2025-09-22 15:31:51;29.61;76685.00;37.00;998.95;203;121;2.15;1
2025-09-22 15:31:52;29.61;76966.00;37.00;998.95;203;121;2.15;1
2025-09-22 15:31:53;29.62;75378.00;37.00;998.95;203;121;2.15;1
2025-09-22 15:31:54;29.62;76545.00;37.00;998.95;207;123;2.22;1
2025-09-22 15:31:55;29.63;74908.00;37.00;998.98;207;123;2.22;1
2025-09-22 15:31:56;29.63;75582.00;37.00;998.98;207;123;2.22;1
2025-09-22 15:31:57;29.63;76615.00;37.00;998.98;209;124;2.25;1
2025-09-22 15:31:58;29.64;76268.00;37.00;998.95;209;124;2.25;1
2025-09-22 15:31:59;29.64;76129.00;37.00;998.95;209;124;2.25;1
2025-09-22 15:32:00;29.64;77107.00;37.00;998.95;207;124;2.23;1
2025-09-22 15:32:01;29.65;76268.00;37.00;998.98;207;124;2.23;1
2025-09-22 15:32:02;29.65;76337.00;37.00;998.95;207;124;2.23;1
2025-09-22 15:32:03;29.65;75786.00;37.00;998.98;205;122;2.18;1
2025-09-22 15:32:04;29.66;75514.00;37.00;998.95;205;122;2.18;1
2025-09-22 15:32:05;29.67;75992.00;37.00;998.95;205;122;2.18;1
2025-09-22 15:32:06;29.67;76615.00;37.00;998.98;205;122;2.19;1
2025-09-22 15:32:07;29.67;76198.00;37.00;998.99;205;122;2.19;1
2025-09-22 15:32:08;29.67;76545.00;37.00;998.98;205;122;2.19;1
2025-09-22 15:32:09;29.68;76545.00;37.00;998.95;203;121;2.15;1
2025-09-22 15:32:10;29.68;76406.00;37.00;998.99;203;121;2.15;1
2025-09-22 15:32:11;29.69;75042.00;37.00;998.99;203;121;2.15;1
2025-09-22 15:32:12;29.69;76615.00;37.00;998.98;202;121;2.13;1
2025-09-22 15:32:13;29.69;76545.00;37.00;998.98;202;121;2.13;1
2025-09-22 15:32:14;29.70;76337.00;37.00;998.98;202;121;2.13;1
2025-09-22 15:32:15;29.69;75042.00;37.00;998.98;202;121;2.13;1
2025-09-22 15:32:16;29.70;76337.00;37.00;998.99;202;121;2.13;1
2025-09-22 15:32:17;29.70;76337.00;37.00;998.99;202;121;2.13;1
2025-09-22 15:32:18;29.71;77037.00;37.00;998.99;202;120;2.12;1
2025-09-22 15:32:19;29.72;76129.00;37.00;998.99;202;120;2.12;1
2025-09-22 15:32:20;29.72;75718.00;37.00;998.98;202;120;2.12;1
2025-09-22 15:32:21;29.72;75923.00;36.00;998.98;203;121;2.15;1
2025-09-22 15:32:22;29.72;76337.00;37.00;998.98;203;121;2.15;1
2025-09-22 15:32:23;29.73;76406.00;37.00;998.99;203;121;2.15;1
2025-09-22 15:32:24;29.74;76476.00;36.00;998.99;202;120;2.13;1
2025-09-22 15:32:25;29.73;75582.00;36.00;998.98;202;120;2.13;1
2025-09-22 15:32:26;29.74;76685.00;36.00;998.98;202;120;2.13;1
2025-09-22 15:32:27;29.74;76268.00;36.00;998.95;201;120;2.12;1
2025-09-22 15:32:28;29.74;76406.00;36.00;998.99;201;120;2.12;1
2025-09-22 15:32:29;29.75;75446.00;36.00;998.99;201;120;2.12;1
2025-09-22 15:32:30;29.75;75855.00;36.00;998.99;205;122;2.18;1
2025-09-22 15:32:31;29.76;76755.00;36.00;998.99;205;122;2.18;1
2025-09-22 15:32:32;29.76;75992.00;36.00;998.98;205;122;2.18;1
2025-09-22 15:32:33;29.76;76685.00;36.00;998.95;206;122;2.19;1
2025-09-22 15:32:34;29.76;76060.00;36.00;998.95;206;122;2.19;1
2025-09-22 15:32:35;29.77;76406.00;36.00;998.98;206;122;2.19;1
2025-09-22 15:32:36;29.77;75923.00;36.00;998.98;204;122;2.17;1
2025-09-22 15:32:37;29.78;76198.00;36.00;998.98;204;122;2.17;1
2025-09-22 15:32:38;29.78;76268.00;36.00;998.98;204;122;2.17;1
2025-09-22 15:32:39;29.78;75855.00;36.00;999.02;206;123;2.20;1
2025-09-22 15:32:40;29.79;76198.00;36.00;999.02;206;123;2.20;1
2025-09-22 15:32:41;29.79;76198.00;36.00;999.02;206;123;2.20;1
2025-09-22 15:32:42;29.80;75992.00;36.00;999.02;209;124;2.25;1
2025-09-22 15:32:43;29.80;76060.00;36.00;999.02;209;124;2.25;1
2025-09-22 15:32:44;29.80;75923.00;36.00;999.02;209;124;2.25;1
2025-09-22 15:32:45;29.81;76060.00;36.00;999.03;208;124;2.23;1
2025-09-22 15:32:46;29.81;76545.00;36.00;999.02;208;124;2.23;1
2025-09-22 15:32:47;29.81;76060.00;36.00;999.03;208;124;2.23;1
2025-09-22 15:32:48;29.81;76337.00;36.00;999.02;206;123;2.20;1
2025-09-22 15:32:49;29.81;75786.00;36.00;999.02;206;123;2.20;1
2025-09-22 15:32:50;29.82;76060.00;36.00;999.02;206;123;2.20;1
2025-09-22 15:32:51;29.82;76337.00;36.00;998.99;206;123;2.21;1
2025-09-22 15:32:52;29.82;76268.00;36.00;998.98;206;123;2.21;1
2025-09-22 15:32:53;29.83;76545.00;36.00;998.99;206;123;2.21;1
2025-09-22 15:32:54;29.83;76129.00;36.00;998.99;203;121;2.15;1
2025-09-22 15:32:55;29.83;75992.00;36.00;998.98;203;121;2.15;1
2025-09-22 15:32:56;29.83;76060.00;36.00;998.95;203;121;2.15;1
2025-09-22 15:32:57;29.83;76268.00;36.00;998.94;204;122;2.17;1
2025-09-22 15:32:58;29.84;76268.00;36.00;998.94;204;122;2.17;1
2025-09-22 15:32:59;29.85;76406.00;36.00;998.95;204;122;2.17;1
2025-09-22 15:33:00;29.85;76825.00;36.00;998.94;204;121;2.16;1
2025-09-22 15:33:01;29.85;75786.00;36.00;998.94;204;121;2.16;1
2025-09-22 15:33:02;29.86;76406.00;36.00;998.91;204;121;2.16;1
2025-09-22 15:33:03;29.86;75650.00;36.00;998.91;204;122;2.16;1
2025-09-22 15:33:04;29.86;76337.00;36.00;998.91;204;122;2.16;1
2025-09-22 15:33:05;29.87;76685.00;36.00;998.94;204;122;2.16;1
2025-09-22 15:33:06;29.87;76268.00;36.00;998.94;205;122;2.18;1
2025-09-22 15:33:07;29.88;76476.00;36.00;998.94;205;122;2.18;1
2025-09-22 15:33:08;29.87;76545.00;36.00;998.91;205;122;2.18;1
2025-09-22 15:33:09;29.88;76060.00;36.00;998.91;205;122;2.18;1
2025-09-22 15:33:10;29.88;75923.00;36.00;998.91;205;122;2.18;1
2025-09-22 15:33:11;29.88;76198.00;36.00;998.91;205;122;2.18;1
2025-09-22 15:33:12;29.89;75446.00;36.00;998.94;207;123;2.21;1
2025-09-22 15:33:13;29.89;76060.00;36.00;998.94;207;123;2.21;1
2025-09-22 15:33:14;29.89;76129.00;36.00;998.94;207;123;2.21;1
2025-09-22 15:33:15;29.90;76896.00;36.00;998.91;208;124;2.23;1
2025-09-22 15:33:16;29.90;76545.00;36.00;998.91;208;124;2.23;1
2025-09-22 15:33:17;29.91;75650.00;36.00;998.94;208;124;2.23;1
2025-09-22 15:33:18;29.91;76406.00;36.00;998.94;209;124;2.26;1
2025-09-22 15:33:19;29.91;75718.00;36.00;998.94;209;124;2.26;1
2025-09-22 15:33:20;29.91;76825.00;36.00;998.94;209;124;2.26;1
2025-09-22 15:33:21;29.92;75992.00;36.00;998.91;209;124;2.25;1
2025-09-22 15:33:22;29.92;75786.00;36.00;998.91;209;124;2.25;1
2025-09-22 15:33:23;29.93;75992.00;36.00;998.94;209;124;2.25;1
2025-09-22 15:33:24;29.94;76268.00;36.00;998.95;208;124;2.23;1
2025-09-22 15:33:25;29.93;76129.00;36.00;998.95;208;124;2.23;1
2025-09-22 15:33:26;29.93;75923.00;36.00;998.95;208;124;2.23;1
2025-09-22 15:33:27;29.94;76198.00;36.00;998.94;208;124;2.23;1
2025-09-22 15:33:28;29.94;75923.00;36.00;998.94;208;124;2.23;1
2025-09-22 15:33:29;29.95;75786.00;36.00;998.94;208;124;2.23;1
2025-09-22 15:33:30;29.95;76406.00;36.00;998.94;207;123;2.22;1
2025-09-22 15:33:31;29.95;76268.00;36.00;998.94;207;123;2.22;1
2025-09-22 15:33:32;29.95;75992.00;36.00;998.90;207;123;2.22;1
2025-09-22 15:33:33;29.95;76060.00;36.00;998.90;208;124;2.23;1
2025-09-22 15:33:34;29.95;76198.00;36.00;998.90;208;124;2.23;1
2025-09-22 15:33:35;29.96;76060.00;36.00;998.90;208;124;2.23;1
2025-09-22 15:33:36;29.96;76337.00;36.00;998.94;207;123;2.21;1
2025-09-22 15:33:37;29.97;75786.00;36.00;998.94;207;123;2.21;1
2025-09-22 15:33:38;29.97;75718.00;36.00;998.94;207;123;2.21;1
2025-09-22 15:33:39;29.96;76406.00;36.00;998.91;207;123;2.21;1
2025-09-22 15:33:40;29.96;76198.00;36.00;998.91;207;123;2.21;1
2025-09-22 15:33:41;29.97;76060.00;36.00;998.94;207;123;2.21;1
2025-09-22 15:33:42;29.97;76129.00;36.00;998.91;207;123;2.22;1
2025-09-22 15:33:43;29.98;75923.00;36.00;998.91;207;123;2.22;1
2025-09-22 15:33:44;29.99;75923.00;36.00;998.98;207;123;2.22;1
2025-09-22 15:33:45;29.98;77037.00;36.00;998.91;209;124;2.25;1
2025-09-22 15:33:46;29.99;76476.00;36.00;998.95;209;124;2.25;1
2025-09-22 15:33:47;30.00;75992.00;36.00;998.95;209;124;2.25;1
2025-09-22 15:33:48;30.00;75855.00;36.00;998.95;209;124;2.25;1
2025-09-22 15:33:49;30.00;75650.00;36.00;998.94;209;124;2.25;1
2025-09-22 15:33:50;30.00;75786.00;36.00;998.94;209;124;2.25;1
2025-09-22 15:33:51;30.00;75923.00;36.00;998.94;209;124;2.25;1
2025-09-22 15:33:52;30.01;76198.00;36.00;998.91;209;124;2.25;1
2025-09-22 15:33:53;30.01;76129.00;36.00;998.95;209;124;2.25;1
2025-09-22 15:33:54;30.01;75992.00;36.00;998.95;208;124;2.24;1
2025-09-22 15:33:55;30.01;75923.00;36.00;998.95;208;124;2.24;1
2025-09-22 15:33:56;30.02;75992.00;36.00;998.95;208;124;2.24;1
2025-09-22 15:33:57;30.02;75992.00;36.00;998.95;208;124;2.24;1
2025-09-22 15:33:58;30.02;76337.00;36.00;998.95;208;124;2.24;1
2025-09-22 15:33:59;30.02;76060.00;36.00;998.99;208;124;2.24;1
2025-09-22 15:34:00;30.02;75992.00;36.00;998.99;208;124;2.24;1
2025-09-22 15:34:01;30.03;76615.00;36.00;998.98;208;124;2.23;1
2025-09-22 15:34:02;30.03;76129.00;36.00;998.99;208;124;2.23;1
2025-09-22 15:34:03;30.03;76337.00;36.00;998.99;208;124;2.23;1
2025-09-22 15:34:04;30.03;75992.00;36.00;998.99;206;123;2.20;1
2025-09-22 15:34:05;30.04;75650.00;36.00;998.99;206;123;2.20;1
2025-09-22 15:34:06;30.04;75855.00;36.00;998.99;206;123;2.20;1
2025-09-22 15:34:07;30.04;76476.00;36.00;999.02;207;123;2.22;1
2025-09-22 15:34:08;30.05;76406.00;36.00;998.99;207;123;2.22;1
2025-09-22 15:34:09;30.04;76129.00;36.00;999.02;207;123;2.22;1
2025-09-22 15:34:10;30.05;75855.00;36.00;999.02;206;123;2.20;1
2025-09-22 15:34:11;30.05;76198.00;36.00;999.02;206;123;2.20;1
2025-09-22 15:34:12;30.06;76685.00;36.00;999.02;206;123;2.20;1
2025-09-22 15:34:13;30.06;75718.00;36.00;999.03;204;121;2.16;1
2025-09-22 15:34:14;30.07;75378.00;36.00;999.06;204;121;2.16;1
2025-09-22 15:34:15;30.07;76545.00;36.00;999.03;204;121;2.16;1
2025-09-22 15:34:16;30.06;75992.00;36.00;999.03;203;121;2.14;1
2025-09-22 15:34:17;30.07;76545.00;36.00;999.03;203;121;2.14;1
2025-09-22 15:34:18;30.07;76476.00;36.00;999.02;203;121;2.14;1
2025-09-22 15:34:19;30.07;75923.00;36.00;999.02;202;120;2.12;1
2025-09-22 15:34:20;30.08;76685.00;36.00;999.02;202;120;2.12;1
2025-09-22 15:34:21;30.08;76198.00;36.00;999.02;202;120;2.12;1
2025-09-22 15:34:22;30.09;75855.00;36.00;999.03;202;121;2.13;1
2025-09-22 15:34:23;30.08;75992.00;36.00;999.03;202;121;2.13;1
2025-09-22 15:34:24;30.09;76129.00;36.00;999.02;202;121;2.13;1
2025-09-22 15:34:25;30.09;76825.00;36.00;999.02;203;121;2.14;1
2025-09-22 15:34:26;30.09;76060.00;36.00;999.03;203;121;2.14;1
2025-09-22 15:34:27;30.10;75992.00;36.00;999.03;203;121;2.14;1
2025-09-22 15:34:28;30.11;76198.00;36.00;999.02;204;121;2.16;1
2025-09-22 15:34:29;30.10;76406.00;36.00;999.06;204;121;2.16;1
2025-09-22 15:34:30;30.11;76755.00;36.00;999.06;204;121;2.16;1
2025-09-22 15:34:31;30.11;76198.00;36.00;999.06;202;121;2.13;1
2025-09-22 15:34:32;30.11;76060.00;36.00;999.06;202;121;2.13;1
2025-09-22 15:34:33;30.11;75243.00;36.00;999.06;202;121;2.13;1
2025-09-22 15:34:34;30.11;76337.00;36.00;999.06;206;123;2.20;1
2025-09-22 15:34:35;30.12;75514.00;36.00;999.03;206;123;2.20;1
2025-09-22 15:34:36;30.12;76129.00;36.00;999.03;206;123;2.20;1
2025-09-22 15:34:37;30.12;75992.00;36.00;999.03;204;122;2.16;1
2025-09-22 15:34:38;30.13;76406.00;36.00;999.08;204;122;2.16;1
2025-09-22 15:34:39;30.13;75514.00;36.00;999.06;204;122;2.16;1
2025-09-22 15:34:40;30.13;76129.00;36.00;999.06;205;122;2.18;1
2025-09-22 15:34:41;30.13;76615.00;36.00;999.03;205;122;2.18;1
2025-09-22 15:34:42;30.14;76476.00;36.00;999.02;205;122;2.18;1
2025-09-22 15:34:43;30.14;76198.00;36.00;998.99;203;121;2.15;1
2025-09-22 15:34:44;30.14;76337.00;36.00;998.99;203;121;2.15;1
2025-09-22 15:34:45;30.14;76545.00;36.00;998.98;203;121;2.15;1
2025-09-22 15:34:46;30.14;76129.00;36.00;998.95;202;120;2.12;1
2025-09-22 15:34:47;30.15;76337.00;36.00;998.98;202;120;2.12;1
2025-09-22 15:34:48;30.15;76129.00;36.00;998.98;202;120;2.12;1
2025-09-22 15:34:49;30.16;77037.00;36.00;998.95;202;120;2.13;1
2025-09-22 15:34:50;30.16;75923.00;36.00;998.95;202;120;2.13;1
2025-09-22 15:34:51;30.16;75855.00;36.00;998.95;202;120;2.13;1
2025-09-22 15:34:52;30.17;76198.00;36.00;998.98;201;120;2.10;1
2025-09-22 15:34:53;30.17;76129.00;36.00;998.98;201;120;2.10;1
2025-09-22 15:34:54;30.17;76615.00;36.00;998.98;201;120;2.10;1
2025-09-22 15:34:55;30.17;75992.00;36.00;998.99;199;119;2.07;1
2025-09-22 15:34:56;30.17;76198.00;36.00;998.99;199;119;2.07;1
2025-09-22 15:34:57;30.17;76406.00;36.00;999.02;199;119;2.07;1
2025-09-22 15:34:58;30.17;76268.00;36.00;999.02;199;119;2.07;1
2025-09-22 15:34:59;30.18;76268.00;36.00;999.02;199;119;2.07;1
2025-09-22 15:35:00;30.18;76337.00;36.00;998.99;199;119;2.07;1
2025-09-22 15:35:01;30.18;76337.00;36.00;998.98;198;118;2.06;1
2025-09-22 15:35:02;30.19;76615.00;36.00;998.95;198;118;2.06;1
2025-09-22 15:35:03;30.18;75650.00;36.00;998.91;198;118;2.06;1
2025-09-22 15:35:04;30.18;76545.00;36.00;998.90;201;120;2.11;1
2025-09-22 15:35:05;30.19;75923.00;36.00;998.94;201;120;2.11;1
2025-09-22 15:35:06;30.19;75992.00;36.00;998.94;201;120;2.11;1
2025-09-22 15:35:07;30.20;77107.00;36.00;998.95;200;120;2.10;1
2025-09-22 15:35:08;30.20;75923.00;36.00;998.95;200;120;2.10;1
2025-09-22 15:35:09;30.20;76615.00;36.00;998.94;200;120;2.10;1
2025-09-22 15:35:10;30.20;76129.00;36.00;998.94;200;119;2.09;1
2025-09-22 15:35:11;30.20;76129.00;36.00;998.94;200;119;2.09;1
2025-09-22 15:35:12;30.21;76337.00;36.00;998.98;200;119;2.09;1
2025-09-22 15:35:13;30.21;76545.00;36.00;998.98;201;120;2.10;1
2025-09-22 15:35:14;30.21;75923.00;36.00;998.98;201;120;2.10;1
2025-09-22 15:35:15;30.22;76476.00;36.00;998.98;201;120;2.10;1
2025-09-22 15:35:16;30.21;75718.00;36.00;998.98;199;119;2.08;1
2025-09-22 15:35:17;30.22;75855.00;36.00;998.98;199;119;2.08;1
2025-09-22 15:35:18;30.22;76476.00;36.00;998.98;199;119;2.08;1
2025-09-22 15:35:19;30.22;76476.00;36.00;998.98;199;119;2.08;1
2025-09-22 15:35:20;30.23;76545.00;36.00;998.98;199;119;2.08;1
2025-09-22 15:35:21;30.23;76545.00;36.00;998.98;199;119;2.08;1
2025-09-22 15:35:22;30.23;76476.00;36.00;998.95;201;120;2.11;1
2025-09-22 15:35:23;30.23;76268.00;35.00;998.90;201;120;2.11;1
2025-09-22 15:35:24;30.24;75923.00;35.00;998.88;201;120;2.11;1
2025-09-22 15:35:25;30.24;76685.00;35.00;998.87;201;120;2.11;1
2025-09-22 15:35:26;30.24;76198.00;36.00;998.87;201;120;2.11;1
2025-09-22 15:35:27;30.24;76268.00;35.00;998.87;201;120;2.11;1
2025-09-22 15:35:28;30.23;76337.00;35.00;998.87;202;121;2.13;1
2025-09-22 15:35:29;30.25;76406.00;35.00;998.88;202;121;2.13;1
2025-09-22 15:35:30;30.26;76198.00;35.00;998.88;202;121;2.13;1
2025-09-22 15:35:31;30.25;76545.00;35.00;998.88;201;120;2.10;1
2025-09-22 15:35:32;30.26;76476.00;35.00;998.88;201;120;2.10;1
2025-09-22 15:35:33;30.26;76198.00;35.00;998.87;201;120;2.10;1
2025-09-22 15:35:34;30.26;76198.00;35.00;998.87;201;120;2.10;1
2025-09-22 15:35:35;30.26;76198.00;35.00;998.88;201;120;2.10;1
2025-09-22 15:35:36;30.26;76615.00;35.00;998.87;201;120;2.10;1
2025-09-22 15:35:37;30.26;76825.00;35.00;998.90;201;120;2.10;1
2025-09-22 15:35:38;30.27;76337.00;35.00;998.90;201;120;2.10;1
2025-09-22 15:35:39;30.27;76060.00;35.00;998.90;201;120;2.10;1
2025-09-22 15:35:40;30.26;76337.00;35.00;998.88;202;120;2.12;1
2025-09-22 15:35:41;30.27;76615.00;35.00;998.91;202;120;2.12;1
2025-09-22 15:35:42;30.28;76337.00;35.00;998.91;202;120;2.12;1
2025-09-22 15:35:43;30.27;76337.00;35.00;998.94;202;120;2.13;1
2025-09-22 15:35:44;30.28;76337.00;35.00;998.94;202;120;2.13;1
2025-09-22 15:35:45;30.28;76129.00;35.00;998.94;202;120;2.13;1
2025-09-22 15:35:46;30.28;77391.00;35.00;998.91;202;120;2.12;1
2025-09-22 15:35:47;30.28;75923.00;35.00;998.91;202;120;2.12;1
2025-09-22 15:35:48;30.29;76268.00;35.00;998.95;202;120;2.12;1
2025-09-22 15:35:49;30.28;76615.00;35.00;998.94;201;120;2.11;1
2025-09-22 15:35:50;30.29;76406.00;35.00;998.95;201;120;2.11;1
2025-09-22 15:35:51;30.29;76129.00;35.00;998.95;201;120;2.11;1
2025-09-22 15:35:52;30.28;76545.00;35.00;998.94;202;120;2.12;1
2025-09-22 15:35:53;30.29;75718.00;35.00;998.95;202;120;2.12;1
2025-09-22 15:35:54;30.30;76198.00;35.00;998.95;202;120;2.12;1
2025-09-22 15:35:55;30.29;76685.00;35.00;998.95;203;121;2.14;1
2025-09-22 15:35:56;30.30;76476.00;35.00;998.94;203;121;2.14;1
2025-09-22 15:35:57;30.30;76406.00;35.00;998.95;203;121;2.14;1
2025-09-22 15:35:58;30.30;76129.00;35.00;998.95;201;120;2.11;1
2025-09-22 15:35:59;30.30;76129.00;35.00;998.95;201;120;2.11;1
2025-09-22 15:36:00;30.30;76476.00;35.00;998.95;201;120;2.11;1
2025-09-22 15:36:01;30.31;76825.00;35.00;998.99;200;119;2.09;1
2025-09-22 15:36:02;30.31;76545.00;35.00;998.98;200;119;2.09;1
2025-09-22 15:36:03;30.31;76476.00;35.00;998.98;200;119;2.09;1
2025-09-22 15:36:04;30.30;76615.00;35.00;998.95;203;121;2.14;1
2025-09-22 15:36:05;30.31;76406.00;35.00;998.99;203;121;2.14;1
2025-09-22 15:36:06;30.31;76476.00;35.00;998.99;203;121;2.14;1
2025-09-22 15:36:07;30.32;76337.00;35.00;998.99;206;122;2.19;1
2025-09-22 15:36:08;30.32;76337.00;35.00;998.99;206;122;2.19;1
2025-09-22 15:36:09;30.32;76476.00;35.00;998.98;206;122;2.19;1
2025-09-22 15:36:10;30.32;76615.00;35.00;998.98;205;122;2.18;1
2025-09-22 15:36:11;30.33;76406.00;35.00;999.02;205;122;2.18;1
2025-09-22 15:36:12;30.33;76406.00;35.00;998.99;205;122;2.18;1
2025-09-22 15:36:13;30.33;75923.00;35.00;998.99;207;123;2.21;1
2025-09-22 15:36:14;30.33;76545.00;35.00;998.99;207;123;2.21;1
2025-09-22 15:36:15;30.33;75786.00;35.00;998.99;207;123;2.21;1
2025-09-22 15:36:16;30.32;76406.00;35.00;998.95;207;123;2.21;1
2025-09-22 15:36:17;30.33;76198.00;35.00;998.99;207;123;2.21;1
2025-09-22 15:36:18;30.34;76268.00;35.00;998.98;207;123;2.21;1
2025-09-22 15:36:19;30.34;76198.00;35.00;998.98;207;123;2.21;1
2025-09-22 15:36:20;30.34;76268.00;35.00;998.95;207;123;2.21;1
2025-09-22 15:36:21;30.34;76337.00;35.00;998.99;207;123;2.21;1
2025-09-22 15:36:22;30.35;76406.00;35.00;998.99;206;122;2.19;1
2025-09-22 15:36:23;30.35;76406.00;35.00;998.99;206;122;2.19;1
2025-09-22 15:36:24;30.35;77107.00;35.00;998.98;206;122;2.19;1
2025-09-22 15:36:25;30.34;76476.00;35.00;998.99;205;122;2.18;1
2025-09-22 15:36:26;30.35;76476.00;35.00;998.98;205;122;2.18;1
2025-09-22 15:36:27;30.35;76966.00;35.00;998.98;205;122;2.18;1
2025-09-22 15:36:28;30.36;76337.00;35.00;998.98;205;122;2.18;1
2025-09-22 15:36:29;30.35;76406.00;35.00;998.95;205;122;2.18;1
2025-09-22 15:36:30;30.36;76337.00;35.00;998.98;205;122;2.18;1
2025-09-22 15:36:31;30.36;77249.00;35.00;998.98;205;122;2.18;1
2025-09-22 15:36:32;30.37;76685.00;35.00;998.95;202;120;2.12;1
2025-09-22 15:36:33;30.36;76476.00;35.00;998.99;202;120;2.12;1
2025-09-22 15:36:34;30.37;77463.00;35.00;998.99;202;120;2.12;1
2025-09-22 15:36:35;30.37;76406.00;35.00;998.99;199;119;2.07;1
2025-09-22 15:36:36;30.37;76406.00;35.00;998.99;199;119;2.07;1
2025-09-22 15:36:37;30.37;76129.00;35.00;998.99;199;119;2.07;1
2025-09-22 15:36:38;30.38;76615.00;35.00;998.98;202;120;2.12;1
2025-09-22 15:36:39;30.38;76685.00;35.00;998.99;202;120;2.12;1
2025-09-22 15:36:40;30.37;76406.00;35.00;998.99;202;120;2.12;1
2025-09-22 15:36:41;30.37;76198.00;35.00;998.98;203;121;2.13;1
2025-09-22 15:36:42;30.38;76129.00;35.00;998.98;203;121;2.13;1
2025-09-22 15:36:43;30.38;76198.00;35.00;998.99;203;121;2.13;1
2025-09-22 15:36:44;30.38;76268.00;35.00;998.99;204;121;2.16;1
2025-09-22 15:36:45;30.38;76966.00;35.00;998.98;204;121;2.16;1
2025-09-22 15:36:46;30.39;76966.00;35.00;999.02;204;121;2.16;1
2025-09-22 15:36:47;30.39;76268.00;35.00;999.02;202;120;2.13;1
2025-09-22 15:36:48;30.39;76198.00;35.00;999.02;202;120;2.13;1
2025-09-22 15:36:49;30.39;76268.00;35.00;999.02;202;120;2.13;1
2025-09-22 15:36:50;30.40;76615.00;35.00;999.02;204;121;2.15;1
2025-09-22 15:36:51;30.40;76198.00;35.00;999.02;204;121;2.15;1
2025-09-22 15:36:52;30.40;76755.00;35.00;999.02;204;121;2.15;1
2025-09-22 15:36:53;30.39;76406.00;35.00;999.02;203;121;2.13;1
2025-09-22 15:36:54;30.40;75855.00;35.00;998.99;203;121;2.13;1
2025-09-22 15:36:55;30.40;76337.00;35.00;998.99;203;121;2.13;1
2025-09-22 15:36:56;30.41;76476.00;35.00;999.03;204;121;2.15;1
2025-09-22 15:36:57;30.41;77320.00;35.00;999.03;204;121;2.15;1
2025-09-22 15:36:58;30.41;76755.00;35.00;999.03;204;121;2.15;1
2025-09-22 15:36:59;30.41;76129.00;35.00;999.03;203;121;2.14;1
2025-09-22 15:37:00;30.41;76545.00;35.00;999.03;203;121;2.14;1
2025-09-22 15:37:01;30.41;76476.00;35.00;999.03;203;121;2.14;1
2025-09-22 15:37:02;30.42;76129.00;35.00;999.03;203;121;2.13;1
2025-09-22 15:37:03;30.41;76129.00;35.00;999.02;203;121;2.13;1
2025-09-22 15:37:04;30.42;76406.00;35.00;999.02;203;121;2.13;1
2025-09-22 15:37:05;30.41;76545.00;35.00;999.02;203;121;2.14;1
2025-09-22 15:37:06;30.42;76966.00;35.00;999.02;203;121;2.14;1
2025-09-22 15:37:07;30.42;76966.00;35.00;998.99;203;121;2.14;1
2025-09-22 15:37:08;30.42;76615.00;35.00;998.99;204;121;2.15;1
2025-09-22 15:37:09;30.42;76337.00;35.00;999.03;204;121;2.15;1
2025-09-22 15:37:10;30.43;76198.00;35.00;999.03;204;121;2.15;1
2025-09-22 15:37:11;30.43;76615.00;35.00;999.03;205;122;2.17;1
2025-09-22 15:37:12;30.43;76268.00;35.00;999.02;205;122;2.17;1
2025-09-22 15:37:13;30.43;76545.00;35.00;999.02;205;122;2.17;1
2025-09-22 15:37:14;30.43;76685.00;35.00;998.99;205;122;2.17;1
2025-09-22 15:37:15;30.44;76337.00;35.00;998.99;205;122;2.17;1
2025-09-22 15:37:16;30.44;77107.00;35.00;998.99;205;122;2.17;1
2025-09-22 15:37:17;30.43;76755.00;35.00;998.98;202;120;2.12;1
2025-09-22 15:37:18;30.44;76825.00;35.00;998.95;202;120;2.12;1
2025-09-22 15:37:19;30.44;76545.00;35.00;998.95;202;120;2.12;1
2025-09-22 15:37:20;30.44;76545.00;35.00;998.94;204;121;2.15;1
2025-09-22 15:37:21;30.45;76615.00;35.00;998.95;204;121;2.15;1
2025-09-22 15:37:22;30.45;76406.00;35.00;998.98;204;121;2.15;1
2025-09-22 15:37:23;30.45;76545.00;35.00;998.98;204;121;2.16;1
2025-09-22 15:37:24;30.45;76406.00;35.00;998.98;204;121;2.16;1
2025-09-22 15:37:25;30.45;77391.00;35.00;998.98;204;121;2.16;1
2025-09-22 15:37:26;30.45;75992.00;35.00;998.98;204;121;2.15;1
2025-09-22 15:37:27;30.45;76476.00;35.00;998.99;204;121;2.15;1
2025-09-22 15:37:28;30.46;76476.00;35.00;998.99;204;121;2.15;1
2025-09-22 15:37:29;30.45;77107.00;35.00;998.99;204;121;2.15;1
2025-09-22 15:37:30;30.45;76685.00;35.00;998.99;204;121;2.15;1
2025-09-22 15:37:31;30.46;76825.00;35.00;999.02;204;121;2.15;1
2025-09-22 15:37:32;30.46;76476.00;35.00;999.02;204;121;2.16;1
2025-09-22 15:37:33;30.47;76825.00;35.00;998.99;204;121;2.16;1
2025-09-22 15:37:34;30.47;77249.00;35.00;998.99;204;121;2.16;1
2025-09-22 15:37:35;30.47;76545.00;35.00;998.99;203;121;2.14;1
2025-09-22 15:37:36;30.47;76755.00;35.00;998.95;203;121;2.14;1
2025-09-22 15:37:37;30.47;76268.00;35.00;998.94;203;121;2.14;1
2025-09-22 15:37:38;30.47;76198.00;35.00;998.94;204;121;2.15;1
2025-09-22 15:37:39;30.47;76615.00;35.00;998.91;204;121;2.15;1
2025-09-22 15:37:40;30.47;77037.00;35.00;998.94;204;121;2.15;1
2025-09-22 15:37:41;30.47;75992.00;35.00;998.91;204;121;2.15;1
2025-09-22 15:37:42;30.47;76129.00;35.00;998.94;204;121;2.15;1
2025-09-22 15:37:43;30.48;76825.00;35.00;998.94;204;121;2.15;1
2025-09-22 15:37:44;30.48;76406.00;35.00;998.95;201;119;2.10;1
2025-09-22 15:37:45;30.48;76476.00;35.00;998.95;201;119;2.10;1
2025-09-22 15:37:46;30.48;76685.00;35.00;998.95;201;119;2.10;1
2025-09-22 15:37:47;30.48;77249.00;35.00;998.95;202;120;2.11;1
2025-09-22 15:37:48;30.48;77037.00;35.00;998.95;202;120;2.11;1
2025-09-22 15:37:49;30.48;76337.00;35.00;998.98;202;120;2.11;1
2025-09-22 15:37:50;30.49;76476.00;35.00;998.98;202;120;2.12;1
2025-09-22 15:37:51;30.49;76685.00;35.00;998.98;202;120;2.12;1
2025-09-22 15:37:52;30.50;77107.00;35.00;998.98;202;120;2.12;1
2025-09-22 15:37:53;30.49;76545.00;35.00;998.98;203;121;2.14;1
2025-09-22 15:37:54;30.49;76268.00;35.00;998.98;203;121;2.14;1
2025-09-22 15:37:55;30.50;77107.00;35.00;998.98;203;121;2.14;1
2025-09-22 15:37:56;30.49;76337.00;35.00;998.95;204;121;2.14;1
2025-09-22 15:37:57;30.50;76198.00;35.00;998.98;204;121;2.14;1
2025-09-22 15:37:58;30.50;76476.00;35.00;998.95;204;121;2.14;1
2025-09-22 15:37:59;30.50;76755.00;35.00;998.94;201;120;2.10;1
2025-09-22 15:38:00;30.51;76685.00;35.00;998.95;201;120;2.10;1
2025-09-22 15:38:01;30.51;76545.00;35.00;998.98;201;120;2.10;1
2025-09-22 15:38:02;30.51;76406.00;35.00;998.98;201;120;2.10;1
2025-09-22 15:38:03;30.51;76755.00;35.00;998.98;201;120;2.10;1
2025-09-22 15:38:04;30.51;76755.00;35.00;998.98;201;120;2.10;1
2025-09-22 15:38:05;30.51;76406.00;35.00;998.94;202;120;2.11;1
2025-09-22 15:38:06;30.51;76198.00;35.00;998.98;202;120;2.11;1
2025-09-22 15:38:07;30.52;76825.00;35.00;998.98;202;120;2.11;1
2025-09-22 15:38:08;30.52;76966.00;35.00;998.98;202;120;2.11;1
2025-09-22 15:38:09;30.52;77037.00;35.00;998.98;202;120;2.11;1
2025-09-22 15:38:10;30.52;76406.00;35.00;998.98;202;120;2.11;1
2025-09-22 15:38:11;30.52;76476.00;35.00;998.98;202;120;2.11;1
2025-09-22 15:38:12;30.52;76406.00;35.00;998.98;202;120;2.11;1
2025-09-22 15:38:13;30.52;77320.00;35.00;998.98;202;120;2.11;1
2025-09-22 15:38:14;30.52;76198.00;35.00;998.95;203;121;2.13;1
2025-09-22 15:38:15;30.53;77178.00;35.00;998.95;203;121;2.13;1
2025-09-22 15:38:16;30.53;76060.00;35.00;998.95;203;121;2.13;1
2025-09-22 15:38:17;30.53;76268.00;35.00;998.99;203;121;2.14;1
2025-09-22 15:38:18;30.53;76685.00;35.00;998.98;203;121;2.14;1
2025-09-22 15:38:19;30.53;76685.00;35.00;998.95;203;121;2.14;1
2025-09-22 15:38:20;30.53;77249.00;35.00;998.95;201;120;2.10;1
2025-09-22 15:38:21;30.54;76825.00;35.00;998.95;201;120;2.10;1
2025-09-22 15:38:22;30.54;76268.00;35.00;998.95;201;120;2.10;1
2025-09-22 15:38:23;30.54;76545.00;35.00;998.98;202;120;2.12;1
2025-09-22 15:38:24;30.54;76406.00;35.00;998.98;202;120;2.12;1
2025-09-22 15:38:25;30.54;77391.00;35.00;998.98;202;120;2.12;1
2025-09-22 15:38:26;30.54;77320.00;35.00;998.98;199;118;2.06;1
2025-09-22 15:38:27;30.54;77391.00;35.00;998.98;199;118;2.06;1
2025-09-22 15:38:28;30.55;77249.00;35.00;999.02;199;118;2.06;1
2025-09-22 15:38:29;30.55;76966.00;35.00;998.99;198;118;2.04;1
2025-09-22 15:38:30;30.55;77037.00;35.00;999.02;198;118;2.04;1
2025-09-22 15:38:31;30.55;76615.00;35.00;999.02;198;118;2.04;1
2025-09-22 15:38:32;30.55;77178.00;35.00;999.02;199;118;2.06;1
2025-09-22 15:38:33;30.55;77107.00;35.00;999.02;199;118;2.06;1
2025-09-22 15:38:34;30.55;77107.00;35.00;999.03;199;118;2.06;1
2025-09-22 15:38:35;30.56;76685.00;35.00;999.02;197;117;2.03;1
2025-09-22 15:38:36;30.56;77107.00;35.00;999.03;197;117;2.03;1
2025-09-22 15:38:37;30.57;76685.00;35.00;999.06;197;117;2.03;1
2025-09-22 15:38:38;30.56;77107.00;35.00;999.02;196;117;2.01;1
2025-09-22 15:38:39;30.56;76337.00;35.00;999.02;196;117;2.01;1
2025-09-22 15:38:40;30.57;76406.00;35.00;999.06;196;117;2.01;1
2025-09-22 15:38:41;30.56;76198.00;35.00;999.02;198;118;2.06;1
2025-09-22 15:38:42;30.57;76545.00;35.00;999.06;198;118;2.06;1
2025-09-22 15:38:43;30.57;76825.00;35.00;999.06;198;118;2.06;1
2025-09-22 15:38:44;30.57;76615.00;35.00;999.03;197;117;2.03;1
2025-09-22 15:38:45;30.57;77107.00;35.00;999.03;197;117;2.03;1
2025-09-22 15:38:46;30.57;77178.00;35.00;999.03;197;117;2.03;1
2025-09-22 15:38:47;30.57;76755.00;35.00;999.03;197;117;2.03;1
2025-09-22 15:38:48;30.58;76545.00;35.00;999.03;197;117;2.03;1
2025-09-22 15:38:49;30.58;77534.00;35.00;999.02;197;117;2.03;1
2025-09-22 15:38:50;30.58;76685.00;35.00;999.03;197;117;2.03;1
2025-09-22 15:38:51;30.58;77249.00;35.00;999.02;197;117;2.03;1
2025-09-22 15:38:52;30.58;77178.00;35.00;999.02;197;117;2.03;1
2025-09-22 15:38:53;30.58;76825.00;35.00;999.02;197;117;2.03;1
2025-09-22 15:38:54;30.58;76545.00;35.00;999.03;197;117;2.03;1
2025-09-22 15:38:55;30.59;76896.00;35.00;998.99;197;117;2.03;1
2025-09-22 15:38:56;30.58;76545.00;35.00;999.03;197;117;2.03;1
2025-09-22 15:38:57;30.59;76406.00;35.00;999.03;197;118;2.04;1
2025-09-22 15:38:58;30.59;76406.00;35.00;999.02;197;118;2.04;1
2025-09-22 15:38:59;30.59;76966.00;35.00;999.02;197;118;2.04;1
2025-09-22 15:39:00;30.59;76615.00;35.00;999.02;196;117;2.02;1
2025-09-22 15:39:01;30.59;76685.00;35.00;999.03;196;117;2.02;1
2025-09-22 15:39:02;30.58;76685.00;35.00;999.02;196;117;2.02;1
2025-09-22 15:39:03;30.56;77037.00;35.00;999.02;197;117;2.02;1
2025-09-22 15:39:04;30.57;77320.00;35.00;999.02;197;117;2.02;1
2025-09-22 15:39:05;30.57;76896.00;35.00;999.02;197;117;2.02;1
2025-09-22 15:39:06;30.58;76896.00;35.00;998.98;196;117;2.01;1
2025-09-22 15:39:07;30.58;76896.00;35.00;999.02;196;117;2.01;1
2025-09-22 15:39:08;30.59;76615.00;35.00;999.02;196;117;2.01;1
2025-09-22 15:39:09;30.59;76755.00;35.00;998.99;197;117;2.02;1
2025-09-22 15:39:10;30.58;76545.00;35.00;999.02;197;117;2.02;1
2025-09-22 15:39:11;30.59;76615.00;35.00;998.99;197;117;2.02;1
2025-09-22 15:39:12;30.59;77249.00;35.00;998.99;197;117;2.03;1
2025-09-22 15:39:13;30.59;77463.00;35.00;998.95;197;117;2.03;1
2025-09-22 15:39:14;30.59;76685.00;35.00;998.98;197;117;2.03;1
2025-09-22 15:39:15;30.59;76896.00;35.00;998.98;197;117;2.03;1
2025-09-22 15:39:16;30.60;77320.00;35.00;998.98;197;117;2.03;1
2025-09-22 15:39:17;30.59;77037.00;35.00;998.98;197;117;2.03;1
2025-09-22 15:39:18;30.60;76685.00;35.00;998.99;195;117;2.00;1
2025-09-22 15:39:19;30.60;76545.00;35.00;998.99;195;117;2.00;1
2025-09-22 15:39:20;30.60;76476.00;35.00;998.99;195;117;2.00;1
2025-09-22 15:39:21;30.61;76545.00;35.00;998.99;197;117;2.02;1
2025-09-22 15:39:22;30.61;77249.00;35.00;998.99;197;117;2.02;1
2025-09-22 15:39:23;30.61;76545.00;35.00;998.99;197;117;2.02;1
2025-09-22 15:39:24;30.62;77320.00;35.00;998.95;197;117;2.03;1
2025-09-22 15:39:25;30.62;76755.00;35.00;998.95;197;117;2.03;1
2025-09-22 15:39:26;30.62;76615.00;35.00;998.95;197;117;2.03;1
2025-09-22 15:39:27;30.62;77249.00;35.00;998.95;198;118;2.05;1
2025-09-22 15:39:28;30.62;76685.00;35.00;998.98;198;118;2.05;1
2025-09-22 15:39:29;30.63;77107.00;35.00;998.98;198;118;2.05;1
2025-09-22 15:39:30;30.63;76896.00;35.00;998.95;196;117;2.01;1
2025-09-22 15:39:31;30.63;76825.00;35.00;998.95;196;117;2.01;1
2025-09-22 15:39:32;30.55;78183.00;35.00;998.95;196;117;2.01;1
2025-09-22 15:39:33;30.53;77606.00;35.00;998.94;195;117;2.00;1
2025-09-22 15:39:34;30.52;77606.00;35.00;998.95;195;117;2.00;1
2025-09-22 15:39:35;30.48;77749.00;35.00;998.94;195;117;2.00;1
2025-09-22 15:39:36;30.47;77534.00;35.00;998.95;192;115;1.95;1
2025-09-22 15:39:37;30.47;78183.00;35.00;998.95;192;115;1.95;1
2025-09-22 15:39:38;30.47;77893.00;34.00;998.95;192;115;1.95;1
2025-09-22 15:39:39;30.47;77463.00;34.00;998.94;191;114;1.93;1
2025-09-22 15:39:40;30.48;77391.00;34.00;998.94;191;114;1.93;1
2025-09-22 15:39:41;30.51;77966.00;35.00;998.91;191;114;1.93;1
2025-09-22 15:39:42;30.51;78038.00;35.00;998.91;188;113;1.89;1
2025-09-22 15:39:43;30.49;78110.00;34.00;998.91;188;113;1.89;1
2025-09-22 15:39:44;30.49;77966.00;34.00;998.91;188;113;1.89;1
2025-09-22 15:39:45;30.50;78475.00;34.00;998.91;187;112;1.86;1
2025-09-22 15:39:46;30.49;78548.00;34.00;998.90;187;112;1.86;1
