timestamp;temperature;gas;humidity;barometer;IAQ;IAQ_S;VOCS;accuracy
2025-09-22 13:26:16;28.65;98722.00;35.00;999.23;49;54;0.78;3
2025-09-22 13:26:17;28.66;98780.00;35.00;999.21;49;54;0.78;3
2025-09-22 13:26:18;28.66;99188.00;35.00;999.21;49;54;0.78;3
2025-09-22 13:26:19;28.66;98607.00;35.00;999.20;49;54;0.78;3
2025-09-22 13:26:20;28.66;99482.00;35.00;999.20;49;54;0.78;3
2025-09-22 13:26:21;28.68;99659.00;35.00;999.21;49;54;0.78;3
2025-09-22 13:26:22;28.67;98491.00;35.00;999.21;50;55;0.79;3
2025-09-22 13:26:23;28.68;99305.00;35.00;999.20;50;55;0.79;3
2025-09-22 13:26:24;28.69;98376.00;35.00;999.23;50;55;0.79;3
2025-09-22 13:26:25;28.69;100373.00;35.00;999.21;51;56;0.80;3
2025-09-22 13:26:26;28.71;98376.00;35.00;999.21;51;56;0.80;3
2025-09-22 13:26:27;28.71;99188.00;35.00;999.23;51;56;0.80;3
2025-09-22 13:26:28;28.72;97803.00;35.00;999.23;51;56;0.80;3
2025-09-22 13:26:29;28.72;98032.00;35.00;999.21;51;56;0.80;3
2025-09-22 13:26:30;28.73;99071.00;35.00;999.21;51;56;0.80;3
2025-09-22 13:26:31;28.74;98089.00;35.00;999.21;51;56;0.80;3
2025-09-22 13:26:32;28.74;97747.00;35.00;999.20;51;56;0.80;3
2025-09-22 13:26:33;28.75;99013.00;35.00;999.21;51;56;0.80;3
2025-09-22 13:26:34;28.75;98607.00;35.00;999.21;51;56;0.80;3
2025-09-22 13:26:35;28.76;97576.00;35.00;999.20;51;56;0.80;3
2025-09-22 13:26:36;28.78;98722.00;35.00;999.21;51;56;0.80;3
2025-09-22 13:26:37;28.78;98318.00;35.00;999.20;52;57;0.82;3
2025-09-22 13:26:38;28.79;98146.00;35.00;999.21;52;57;0.82;3
2025-09-22 13:26:39;28.79;98664.00;35.00;999.20;52;57;0.82;3
2025-09-22 13:26:40;28.80;98376.00;35.00;999.20;53;59;0.83;3
2025-09-22 13:26:41;28.80;98955.00;35.00;999.20;53;59;0.83;3
2025-09-22 13:26:42;28.82;98664.00;35.00;999.20;53;59;0.83;3
2025-09-22 13:26:43;28.82;99777.00;35.00;999.21;53;58;0.83;3
2025-09-22 13:26:44;28.83;98664.00;35.00;999.16;53;58;0.83;3
2025-09-22 13:26:45;28.83;99541.00;35.00;999.17;53;58;0.83;3
2025-09-22 13:26:46;28.84;97407.00;35.00;999.17;53;59;0.83;3
2025-09-22 13:26:47;28.84;98491.00;35.00;999.16;53;59;0.83;3
2025-09-22 13:26:48;28.85;97350.00;35.00;999.20;53;59;0.83;3
2025-09-22 13:26:49;28.85;97294.00;35.00;999.17;53;59;0.83;3
2025-09-22 13:26:50;28.85;98261.00;35.00;999.20;53;59;0.83;3
2025-09-22 13:26:51;28.85;97576.00;35.00;999.20;53;59;0.83;3
2025-09-22 13:26:52;28.86;98203.00;35.00;999.20;51;56;0.80;3
2025-09-22 13:26:53;28.86;96846.00;35.00;999.20;51;56;0.80;3
2025-09-22 13:26:54;28.86;97576.00;35.00;999.17;51;56;0.80;3
2025-09-22 13:26:55;28.87;97407.00;35.00;999.20;53;58;0.83;3
2025-09-22 13:26:56;28.88;97576.00;35.00;999.20;53;58;0.83;3
2025-09-22 13:26:57;28.88;99364.00;35.00;999.20;53;58;0.83;3
2025-09-22 13:26:58;28.89;98664.00;35.00;999.17;54;60;0.85;3
2025-09-22 13:26:59;28.89;97803.00;35.00;999.20;54;60;0.85;3
2025-09-22 13:27:00;28.89;98376.00;35.00;999.20;54;60;0.85;3
2025-09-22 13:27:01;28.90;97407.00;35.00;999.20;53;59;0.84;3
2025-09-22 13:27:02;28.91;96846.00;35.00;999.23;53;59;0.84;3
2025-09-22 13:27:03;28.91;98089.00;35.00;999.21;53;59;0.84;3
2025-09-22 13:27:04;28.92;96016.00;35.00;999.21;55;61;0.86;3
2025-09-22 13:27:05;28.92;97238.00;35.00;999.21;55;61;0.86;3
2025-09-22 13:27:06;28.93;96126.00;35.00;999.20;55;61;0.86;3
2025-09-22 13:27:07;28.93;95417.00;35.00;999.21;58;64;0.91;3
2025-09-22 13:27:08;28.94;94399.00;35.00;999.20;58;64;0.91;3
2025-09-22 13:27:09;28.94;94861.00;35.00;999.20;58;64;0.91;3
2025-09-22 13:27:10;28.95;93767.00;35.00;999.21;60;67;0.95;3
2025-09-22 13:27:11;28.95;94012.00;35.00;999.20;60;67;0.95;3
2025-09-22 13:27:12;28.96;94452.00;35.00;999.20;60;67;0.95;3
2025-09-22 13:27:13;28.96;94754.00;35.00;999.20;63;71;1.01;3
2025-09-22 13:27:14;28.97;93282.00;35.00;999.20;63;71;1.01;3
2025-09-22 13:27:15;28.98;94968.00;36.00;999.20;63;71;1.01;3
2025-09-22 13:27:16;28.98;94754.00;36.00;999.17;66;75;1.06;3
2025-09-22 13:27:17;28.99;94012.00;36.00;999.21;66;75;1.06;3
2025-09-22 13:27:18;29.00;95183.00;36.00;999.20;66;75;1.06;3
2025-09-22 13:27:19;29.00;94329.00;36.00;999.17;66;75;1.06;3
2025-09-22 13:27:20;29.01;93489.00;36.00;999.21;66;75;1.06;3
2025-09-22 13:27:21;29.02;93907.00;36.00;999.20;66;75;1.06;3
2025-09-22 13:27:22;29.02;94329.00;36.00;999.17;65;73;1.04;3
2025-09-22 13:27:23;29.03;94118.00;36.00;999.20;65;73;1.04;3
2025-09-22 13:27:24;29.03;93802.00;36.00;999.20;65;73;1.04;3
2025-09-22 13:27:25;29.04;95508.00;36.00;999.20;63;71;1.01;3
2025-09-22 13:27:26;29.04;93802.00;36.00;999.20;63;71;1.01;3
2025-09-22 13:27:27;29.05;93802.00;36.00;999.21;63;71;1.01;3
2025-09-22 13:27:28;29.05;92870.00;36.00;999.21;66;74;1.06;3
2025-09-22 13:27:29;29.06;93698.00;36.00;999.20;66;74;1.06;3
2025-09-22 13:27:30;29.06;93593.00;36.00;999.21;66;74;1.06;3
2025-09-22 13:27:31;29.07;93489.00;36.00;999.21;67;75;1.07;3
2025-09-22 13:27:32;29.08;95508.00;36.00;999.20;67;75;1.07;3
2025-09-22 13:27:33;29.08;93282.00;36.00;999.23;67;75;1.07;3
2025-09-22 13:27:34;29.09;94012.00;36.00;999.21;67;75;1.07;3
2025-09-22 13:27:35;29.09;94647.00;36.00;999.21;66;75;1.06;3
2025-09-22 13:27:36;29.09;94647.00;36.00;999.21;66;75;1.06;3
2025-09-22 13:27:37;29.11;94223.00;36.00;999.21;66;75;1.06;3
2025-09-22 13:27:38;29.11;93075.00;36.00;999.23;66;74;1.05;3
2025-09-22 13:27:39;29.12;93282.00;36.00;999.21;66;74;1.05;3
2025-09-22 13:27:40;29.13;92563.00;36.00;999.20;66;74;1.05;3
2025-09-22 13:27:41;29.13;92258.00;36.00;999.26;67;76;1.08;3
2025-09-22 13:27:42;29.13;94541.00;36.00;999.26;67;76;1.08;3
2025-09-22 13:27:43;29.14;93178.00;36.00;999.23;67;76;1.08;3
2025-09-22 13:27:44;29.14;94012.00;36.00;999.23;67;76;1.08;3
2025-09-22 13:27:45;29.15;92258.00;36.00;999.26;67;76;1.08;3
2025-09-22 13:27:46;29.15;91654.00;36.00;999.23;67;76;1.08;3
2025-09-22 13:27:47;29.15;92359.00;36.00;999.23;70;79;1.13;3
2025-09-22 13:27:48;29.16;92258.00;36.00;999.26;70;79;1.13;3
2025-09-22 13:27:49;29.17;93698.00;36.00;999.23;70;79;1.13;3
2025-09-22 13:27:50;29.17;91855.00;36.00;999.23;68;77;1.10;3
2025-09-22 13:27:51;29.18;92359.00;36.00;999.21;68;77;1.10;3
2025-09-22 13:27:52;29.18;93075.00;36.00;999.23;68;77;1.10;3
2025-09-22 13:27:53;29.19;92563.00;36.00;999.23;68;76;1.09;3
2025-09-22 13:27:54;29.19;93385.00;36.00;999.23;68;76;1.09;3
2025-09-22 13:27:55;29.20;91355.00;36.00;999.21;68;76;1.09;3
2025-09-22 13:27:56;29.20;91355.00;36.00;999.23;70;79;1.13;3
2025-09-22 13:27:57;29.22;93489.00;36.00;999.21;70;79;1.13;3
2025-09-22 13:27:58;29.22;93593.00;36.00;999.21;70;79;1.13;3
2025-09-22 13:27:59;29.23;92258.00;36.00;999.20;68;77;1.09;3
2025-09-22 13:28:00;29.23;93489.00;36.00;999.21;68;77;1.09;3
2025-09-22 13:28:01;29.24;93907.00;36.00;999.20;68;77;1.09;3
2025-09-22 13:28:02;29.24;93178.00;36.00;999.20;66;74;1.06;3
2025-09-22 13:28:03;29.25;91955.00;36.00;999.21;66;74;1.06;3
2025-09-22 13:28:04;29.25;92563.00;36.00;999.20;66;74;1.06;3
2025-09-22 13:28:05;29.25;91355.00;36.00;999.21;68;77;1.09;3
2025-09-22 13:28:06;29.25;92461.00;36.00;999.20;68;77;1.09;3
2025-09-22 13:28:07;29.27;90276.00;36.00;999.20;68;77;1.09;3
2025-09-22 13:28:08;29.26;92258.00;36.00;999.20;71;80;1.16;3
2025-09-22 13:28:09;29.27;92359.00;36.00;999.20;71;80;1.16;3
2025-09-22 13:28:10;29.29;92359.00;36.00;999.20;71;80;1.16;3
2025-09-22 13:28:11;29.29;91654.00;36.00;999.20;70;79;1.13;3
2025-09-22 13:28:12;29.29;90665.00;36.00;999.20;70;79;1.13;3
2025-09-22 13:28:13;29.30;90568.00;36.00;999.17;70;79;1.13;3
2025-09-22 13:28:14;29.30;93178.00;36.00;999.20;71;81;1.17;3
2025-09-22 13:28:15;29.31;92056.00;36.00;999.20;71;81;1.17;3
2025-09-22 13:28:16;29.31;92767.00;36.00;999.20;71;81;1.17;3
2025-09-22 13:28:17;29.32;90960.00;36.00;999.20;71;81;1.16;3
2025-09-22 13:28:18;29.32;91058.00;36.00;999.17;71;81;1.16;3
2025-09-22 13:28:19;29.33;91955.00;36.00;999.20;71;81;1.16;3
2025-09-22 13:28:20;29.32;90960.00;36.00;999.20;70;79;1.14;3
2025-09-22 13:28:21;29.33;90862.00;36.00;999.20;70;79;1.14;3
2025-09-22 13:28:22;29.34;91256.00;36.00;999.17;70;79;1.14;3
2025-09-22 13:28:23;29.35;90960.00;36.00;999.23;72;82;1.18;3
2025-09-22 13:28:24;29.36;92056.00;36.00;999.21;72;82;1.18;3
2025-09-22 13:28:25;29.36;92461.00;36.00;999.20;72;82;1.18;3
2025-09-22 13:28:26;29.36;91157.00;36.00;999.20;70;79;1.14;3
2025-09-22 13:28:27;29.37;91754.00;36.00;999.21;70;79;1.14;3
2025-09-22 13:28:28;29.37;90763.00;36.00;999.21;70;79;1.14;3
2025-09-22 13:28:29;29.37;92258.00;36.00;999.20;69;78;1.12;3
2025-09-22 13:28:30;29.38;91955.00;36.00;999.20;69;78;1.12;3
2025-09-22 13:28:31;29.38;90373.00;36.00;999.20;69;78;1.12;3
2025-09-22 13:28:32;29.38;91955.00;36.00;999.17;71;80;1.15;3
2025-09-22 13:28:33;29.39;92157.00;36.00;999.20;71;80;1.15;3
2025-09-22 13:28:34;29.40;92563.00;36.00;999.20;71;80;1.15;3
2025-09-22 13:28:35;29.40;92056.00;36.00;999.17;70;79;1.14;3
2025-09-22 13:28:36;29.41;91355.00;36.00;999.20;70;79;1.14;3
2025-09-22 13:28:37;29.41;92258.00;36.00;999.20;70;79;1.14;3
2025-09-22 13:28:38;29.41;92258.00;36.00;999.20;70;79;1.13;3
2025-09-22 13:28:39;29.42;91256.00;36.00;999.23;70;79;1.13;3
2025-09-22 13:28:40;29.44;92461.00;36.00;999.20;70;79;1.13;3
2025-09-22 13:28:41;29.44;91157.00;36.00;999.21;69;78;1.12;3
2025-09-22 13:28:42;29.44;90082.00;36.00;999.20;69;78;1.12;3
2025-09-22 13:28:43;29.44;90862.00;36.00;999.21;69;78;1.12;3
2025-09-22 13:28:44;29.45;90665.00;36.00;999.21;69;78;1.13;3
2025-09-22 13:28:45;29.45;91455.00;36.00;999.20;69;78;1.13;3
2025-09-22 13:28:46;29.46;91554.00;36.00;999.20;69;78;1.13;3
2025-09-22 13:28:47;29.47;91157.00;36.00;999.21;70;79;1.14;3
2025-09-22 13:28:48;29.47;90179.00;36.00;999.20;70;79;1.14;3
2025-09-22 13:28:49;29.47;92461.00;36.00;999.20;70;79;1.14;3
2025-09-22 13:28:50;29.47;90665.00;36.00;999.20;69;78;1.12;3
2025-09-22 13:28:51;29.49;91754.00;36.00;999.20;69;78;1.12;3
2025-09-22 13:28:52;29.49;90862.00;36.00;999.21;69;78;1.12;3
2025-09-22 13:28:53;29.49;90082.00;36.00;999.21;70;79;1.14;3
2025-09-22 13:28:54;29.50;91754.00;36.00;999.20;70;79;1.14;3
2025-09-22 13:28:55;29.50;89507.00;36.00;999.20;70;79;1.14;3
2025-09-22 13:28:56;29.51;91455.00;36.00;999.20;69;78;1.12;3
2025-09-22 13:28:57;29.51;91256.00;36.00;999.21;69;78;1.12;3
2025-09-22 13:28:58;29.52;90082.00;36.00;999.21;69;78;1.12;3
2025-09-22 13:28:59;29.52;89602.00;36.00;999.20;68;77;1.10;3
2025-09-22 13:29:00;29.52;91554.00;36.00;999.20;68;77;1.10;3
2025-09-22 13:29:01;29.52;91058.00;36.00;999.20;68;77;1.10;3
2025-09-22 13:29:02;29.53;91355.00;36.00;999.21;69;78;1.12;3
2025-09-22 13:29:03;29.53;90665.00;36.00;999.20;69;78;1.12;3
2025-09-22 13:29:04;29.53;91355.00;36.00;999.20;69;78;1.12;3
2025-09-22 13:29:05;29.54;90960.00;36.00;999.20;68;77;1.09;3
2025-09-22 13:29:06;29.55;90179.00;36.00;999.17;68;77;1.09;3
2025-09-22 13:29:07;29.54;91554.00;36.00;999.17;68;77;1.09;3
2025-09-22 13:29:08;29.55;90960.00;36.00;999.21;68;77;1.10;3
2025-09-22 13:29:09;29.55;90960.00;36.00;999.21;68;77;1.10;3
2025-09-22 13:29:10;29.56;88939.00;36.00;999.17;68;77;1.10;3
2025-09-22 13:29:11;29.56;90470.00;36.00;999.20;68;77;1.09;3
2025-09-22 13:29:12;29.57;89507.00;36.00;999.26;68;77;1.09;3
2025-09-22 13:29:13;29.57;90862.00;36.00;999.23;68;77;1.09;3
2025-09-22 13:29:14;29.57;89412.00;36.00;999.23;67;75;1.07;3
2025-09-22 13:29:15;29.58;90082.00;36.00;999.23;67;75;1.07;3
2025-09-22 13:29:16;29.58;91256.00;36.00;999.23;67;75;1.07;3
2025-09-22 13:29:17;29.59;90373.00;36.00;999.23;68;76;1.09;3
2025-09-22 13:29:18;29.60;91157.00;36.00;999.23;68;76;1.09;3
2025-09-22 13:29:19;29.59;90276.00;36.00;999.23;68;76;1.09;3
2025-09-22 13:29:20;29.60;90665.00;36.00;999.23;69;77;1.11;3
2025-09-22 13:29:21;29.60;90665.00;36.00;999.23;69;77;1.11;3
2025-09-22 13:29:22;29.61;90082.00;36.00;999.26;69;77;1.11;3
2025-09-22 13:29:23;29.61;90373.00;36.00;999.21;68;77;1.10;3
2025-09-22 13:29:24;29.62;90960.00;36.00;999.26;68;77;1.10;3
2025-09-22 13:29:25;29.62;90082.00;36.00;999.23;68;77;1.10;3
2025-09-22 13:29:26;29.62;90960.00;36.00;999.21;68;76;1.09;3
2025-09-22 13:29:27;29.63;89412.00;36.00;999.21;68;76;1.09;3
2025-09-22 13:29:28;29.63;90568.00;36.00;999.23;68;76;1.09;3
2025-09-22 13:29:29;29.63;91256.00;36.00;999.26;67;75;1.07;3
2025-09-22 13:29:30;29.64;89698.00;36.00;999.23;67;75;1.07;3
2025-09-22 13:29:31;29.64;90179.00;36.00;999.23;67;75;1.07;3
2025-09-22 13:29:32;29.64;90568.00;36.00;999.21;68;76;1.09;3
2025-09-22 13:29:33;29.65;91455.00;36.00;999.26;68;76;1.09;3
2025-09-22 13:29:34;29.65;90960.00;36.00;999.26;68;76;1.09;3
2025-09-22 13:29:35;29.65;90373.00;36.00;999.23;70;79;1.14;3
2025-09-22 13:29:36;29.66;90082.00;36.00;999.23;70;79;1.14;3
2025-09-22 13:29:37;29.66;90470.00;36.00;999.21;70;79;1.14;3
2025-09-22 13:29:38;29.66;90665.00;36.00;999.21;69;78;1.12;3
2025-09-22 13:29:39;29.67;90373.00;36.00;999.23;69;78;1.12;3
2025-09-22 13:29:40;29.67;90665.00;36.00;999.23;69;78;1.12;3
2025-09-22 13:29:41;29.67;90568.00;36.00;999.21;68;77;1.10;3
2025-09-22 13:29:42;29.68;90082.00;36.00;999.23;68;77;1.10;3
2025-09-22 13:29:43;29.69;88939.00;36.00;999.26;68;77;1.10;3
2025-09-22 13:29:44;29.69;89794.00;36.00;999.26;67;76;1.08;3
2025-09-22 13:29:45;29.69;90082.00;36.00;999.23;67;76;1.08;3
2025-09-22 13:29:46;29.70;90276.00;36.00;999.23;67;76;1.08;3
2025-09-22 13:29:47;29.70;90373.00;36.00;999.23;68;77;1.10;3
2025-09-22 13:29:48;29.70;90082.00;36.00;999.23;68;77;1.10;3
2025-09-22 13:29:49;29.70;90082.00;36.00;999.21;68;77;1.10;3
2025-09-22 13:29:50;29.70;90179.00;36.00;999.21;68;77;1.10;3
2025-09-22 13:29:51;29.70;90179.00;36.00;999.26;68;77;1.10;3
2025-09-22 13:29:52;29.71;89890.00;36.00;999.23;68;77;1.10;3
2025-09-22 13:29:53;29.71;90373.00;36.00;999.23;67;76;1.09;3
2025-09-22 13:29:54;29.72;89890.00;36.00;999.23;67;76;1.09;3
2025-09-22 13:29:55;29.71;89794.00;36.00;999.23;67;76;1.09;3
2025-09-22 13:29:56;29.72;90082.00;36.00;999.21;67;76;1.08;3
2025-09-22 13:29:57;29.73;89794.00;36.00;999.26;67;76;1.08;3
2025-09-22 13:29:58;29.73;89698.00;36.00;999.23;67;76;1.08;3
2025-09-22 13:29:59;29.73;90082.00;36.00;999.23;67;76;1.08;3
2025-09-22 13:30:00;29.74;90082.00;36.00;999.23;67;76;1.08;3
2025-09-22 13:30:01;29.74;90960.00;36.00;999.21;67;76;1.08;3
2025-09-22 13:30:02;29.74;90179.00;36.00;999.20;67;76;1.08;3
2025-09-22 13:30:03;29.75;90179.00;36.00;999.23;67;76;1.08;3
2025-09-22 13:30:04;29.75;90276.00;36.00;999.23;67;76;1.08;3
2025-09-22 13:30:05;29.76;89986.00;36.00;999.21;67;76;1.08;3
2025-09-22 13:30:06;29.76;90373.00;36.00;999.26;67;76;1.08;3
2025-09-22 13:30:07;29.77;90179.00;36.00;999.23;67;76;1.08;3
2025-09-22 13:30:08;29.77;90763.00;36.00;999.23;67;76;1.08;3
2025-09-22 13:30:09;29.77;89890.00;36.00;999.21;66;74;1.05;3
2025-09-22 13:30:10;29.77;90276.00;36.00;999.21;66;74;1.05;3
2025-09-22 13:30:11;29.78;89794.00;36.00;999.21;66;74;1.05;3
2025-09-22 13:30:12;29.78;89794.00;36.00;999.21;66;75;1.06;3
2025-09-22 13:30:13;29.78;89602.00;36.00;999.26;66;75;1.06;3
2025-09-22 13:30:14;29.79;89602.00;36.00;999.26;66;75;1.06;3
2025-09-22 13:30:15;29.79;90373.00;36.00;999.23;67;75;1.08;3
2025-09-22 13:30:16;29.79;89222.00;36.00;999.26;67;75;1.08;3
2025-09-22 13:30:17;29.80;89698.00;36.00;999.23;67;75;1.08;3
2025-09-22 13:30:18;29.80;89890.00;36.00;999.23;67;76;1.08;3
2025-09-22 13:30:19;29.80;90179.00;36.00;999.26;67;76;1.08;3
2025-09-22 13:30:20;29.81;89986.00;35.00;999.23;67;76;1.08;3
2025-09-22 13:30:21;29.81;89317.00;35.00;999.23;67;76;1.08;3
2025-09-22 13:30:22;29.81;90082.00;35.00;999.23;67;76;1.08;3
2025-09-22 13:30:23;29.82;90373.00;36.00;999.21;67;76;1.08;3
2025-09-22 13:30:24;29.82;90373.00;36.00;999.21;66;75;1.06;3
2025-09-22 13:30:25;29.83;89794.00;35.00;999.23;66;75;1.06;3
2025-09-22 13:30:26;29.83;89698.00;36.00;999.23;66;75;1.06;3
2025-09-22 13:30:27;29.83;90665.00;36.00;999.23;67;75;1.07;3
2025-09-22 13:30:28;29.83;89317.00;35.00;999.23;67;75;1.07;3
2025-09-22 13:30:29;29.84;90276.00;35.00;999.23;67;75;1.07;3
2025-09-22 13:30:30;29.84;90179.00;36.00;999.23;66;75;1.06;3
2025-09-22 13:30:31;29.84;89986.00;35.00;999.23;66;75;1.06;3
2025-09-22 13:30:32;29.84;90373.00;35.00;999.21;66;75;1.06;3
2025-09-22 13:30:33;29.85;89794.00;35.00;999.23;67;76;1.08;3
2025-09-22 13:30:34;29.85;90568.00;35.00;999.23;67;76;1.08;3
2025-09-22 13:30:35;29.85;89602.00;35.00;999.23;67;76;1.08;3
2025-09-22 13:30:36;29.86;90082.00;35.00;999.23;68;76;1.09;3
2025-09-22 13:30:37;29.86;89794.00;35.00;999.21;68;76;1.09;3
2025-09-22 13:30:38;29.87;89986.00;35.00;999.21;68;76;1.09;3
2025-09-22 13:30:39;29.86;89986.00;35.00;999.23;68;77;1.10;3
2025-09-22 13:30:40;29.87;89890.00;35.00;999.21;68;77;1.10;3
2025-09-22 13:30:41;29.87;89698.00;35.00;999.21;68;77;1.10;3
2025-09-22 13:30:42;29.88;89698.00;35.00;999.21;68;77;1.10;3
2025-09-22 13:30:43;29.88;89890.00;35.00;999.21;68;77;1.10;3
2025-09-22 13:30:44;29.88;89794.00;35.00;999.21;68;77;1.10;3
2025-09-22 13:30:45;29.88;89698.00;35.00;999.20;69;77;1.11;3
2025-09-22 13:30:46;29.88;90082.00;35.00;999.20;69;77;1.11;3
2025-09-22 13:30:47;29.89;89890.00;35.00;999.23;69;77;1.11;3
2025-09-22 13:30:48;29.89;90276.00;35.00;999.21;68;77;1.10;3
2025-09-22 13:30:49;29.90;89507.00;35.00;999.21;68;77;1.10;3
2025-09-22 13:30:50;29.90;90763.00;35.00;999.23;68;77;1.10;3
2025-09-22 13:30:51;29.91;90373.00;35.00;999.21;68;77;1.10;3
2025-09-22 13:30:52;29.91;89698.00;35.00;999.21;68;77;1.10;3
2025-09-22 13:30:53;29.91;89794.00;35.00;999.21;68;77;1.10;3
2025-09-22 13:30:54;29.91;89507.00;35.00;999.21;68;77;1.10;3
2025-09-22 13:30:55;29.91;89127.00;35.00;999.20;68;77;1.10;3
2025-09-22 13:30:56;29.92;89698.00;35.00;999.20;68;77;1.10;3
2025-09-22 13:30:57;29.93;89986.00;35.00;999.21;69;77;1.11;3
2025-09-22 13:30:58;29.93;89602.00;35.00;999.21;69;77;1.11;3
2025-09-22 13:30:59;29.93;89698.00;35.00;999.21;69;77;1.11;3
2025-09-22 13:31:00;29.93;90179.00;35.00;999.21;69;77;1.11;3
2025-09-22 13:31:01;29.93;90568.00;35.00;999.20;69;77;1.11;3
2025-09-22 13:31:02;29.94;89507.00;35.00;999.20;69;77;1.11;3
2025-09-22 13:31:03;29.94;90276.00;35.00;999.20;69;78;1.11;3
2025-09-22 13:31:04;29.94;90373.00;35.00;999.17;69;78;1.11;3
2025-09-22 13:31:05;29.95;90179.00;35.00;999.21;69;78;1.11;3
2025-09-22 13:31:06;29.94;90082.00;35.00;999.20;69;78;1.11;3
2025-09-22 13:31:07;29.95;90276.00;35.00;999.20;69;78;1.11;3
2025-09-22 13:31:08;29.95;90179.00;35.00;999.20;69;78;1.11;3
2025-09-22 13:31:09;29.96;89794.00;35.00;999.20;68;77;1.10;3
2025-09-22 13:31:10;29.96;89602.00;35.00;999.17;68;77;1.10;3
2025-09-22 13:31:11;29.96;89794.00;35.00;999.17;68;77;1.10;3
2025-09-22 13:31:12;29.96;89507.00;35.00;999.16;69;78;1.11;3
2025-09-22 13:31:13;29.97;89986.00;35.00;999.20;69;78;1.11;3
2025-09-22 13:31:14;29.97;90276.00;35.00;999.17;69;78;1.11;3
2025-09-22 13:31:15;29.97;89317.00;35.00;999.17;69;78;1.12;3
2025-09-22 13:31:16;29.98;89698.00;35.00;999.20;69;78;1.12;3
2025-09-22 13:31:17;29.97;89890.00;35.00;999.17;69;78;1.12;3
2025-09-22 13:31:18;29.97;90373.00;35.00;999.16;69;77;1.10;3
2025-09-22 13:31:19;29.98;89698.00;35.00;999.17;69;77;1.10;3
2025-09-22 13:31:20;29.99;89890.00;35.00;999.23;69;77;1.10;3
2025-09-22 13:31:21;29.99;90179.00;35.00;999.23;69;78;1.11;3
2025-09-22 13:31:22;29.99;89412.00;35.00;999.23;69;78;1.11;3
2025-09-22 13:31:23;30.00;89507.00;35.00;999.21;69;78;1.11;3
2025-09-22 13:31:24;30.00;90470.00;35.00;999.21;68;77;1.10;3
2025-09-22 13:31:25;30.00;90373.00;35.00;999.23;68;77;1.10;3
2025-09-22 13:31:26;30.01;89794.00;35.00;999.20;68;77;1.10;3
2025-09-22 13:31:27;30.01;89602.00;35.00;999.21;68;77;1.10;3
2025-09-22 13:31:28;30.01;89890.00;35.00;999.23;68;77;1.10;3
2025-09-22 13:31:29;30.01;90276.00;35.00;999.21;68;77;1.10;3
2025-09-22 13:31:30;30.01;89507.00;35.00;999.21;69;77;1.11;3
2025-09-22 13:31:31;30.01;89222.00;35.00;999.21;69;77;1.11;3
2025-09-22 13:31:32;30.03;90373.00;35.00;999.23;69;77;1.11;3
2025-09-22 13:31:33;30.02;90276.00;35.00;999.20;69;78;1.12;3
2025-09-22 13:31:34;30.03;89698.00;35.00;999.21;69;78;1.12;3
2025-09-22 13:31:35;30.03;89986.00;35.00;999.21;69;78;1.12;3
2025-09-22 13:31:36;30.03;90276.00;35.00;999.20;68;77;1.10;3
2025-09-22 13:31:37;30.03;90665.00;35.00;999.21;68;77;1.10;3
2025-09-22 13:31:38;30.04;90276.00;35.00;999.20;68;77;1.10;3
2025-09-22 13:31:39;30.04;90763.00;35.00;999.20;69;77;1.11;3
2025-09-22 13:31:40;30.04;89033.00;35.00;999.20;69;77;1.11;3
2025-09-22 13:31:41;30.04;90470.00;35.00;999.20;69;77;1.11;3
2025-09-22 13:31:42;30.04;90276.00;35.00;999.17;69;78;1.11;3
2025-09-22 13:31:43;30.04;90470.00;35.00;999.21;69;78;1.11;3
2025-09-22 13:31:44;30.04;89507.00;35.00;999.21;69;78;1.11;3
2025-09-22 13:31:45;30.05;89602.00;35.00;999.20;68;77;1.10;3
2025-09-22 13:31:46;30.05;89986.00;35.00;999.21;68;77;1.10;3
2025-09-22 13:31:47;30.06;90373.00;35.00;999.21;68;77;1.10;3
2025-09-22 13:31:48;30.06;89412.00;35.00;999.20;68;77;1.10;3
2025-09-22 13:31:49;30.06;90179.00;35.00;999.20;68;77;1.10;3
2025-09-22 13:31:50;30.06;89986.00;35.00;999.20;68;77;1.10;3
2025-09-22 13:31:51;30.07;90276.00;35.00;999.21;68;76;1.09;3
2025-09-22 13:31:52;30.07;89127.00;35.00;999.21;68;76;1.09;3
2025-09-22 13:31:53;30.08;89986.00;35.00;999.20;68;76;1.09;3
2025-09-22 13:31:54;30.07;89794.00;35.00;999.20;68;76;1.09;3
2025-09-22 13:31:55;30.08;90276.00;35.00;999.20;68;76;1.09;3
2025-09-22 13:31:56;30.09;90470.00;35.00;999.23;68;76;1.09;3
2025-09-22 13:31:57;30.09;89412.00;35.00;999.21;68;77;1.10;3
2025-09-22 13:31:58;30.09;89986.00;35.00;999.21;68;77;1.10;3
2025-09-22 13:31:59;30.09;90568.00;35.00;999.21;68;77;1.10;3
2025-09-22 13:32:00;30.10;89127.00;35.00;999.21;68;76;1.09;3
2025-09-22 13:32:01;30.09;89507.00;35.00;999.21;68;76;1.09;3
2025-09-22 13:32:02;30.10;90373.00;35.00;999.21;68;76;1.09;3
2025-09-22 13:32:03;30.10;89317.00;35.00;999.21;68;77;1.10;3
2025-09-22 13:32:04;30.10;89698.00;35.00;999.21;68;77;1.10;3
2025-09-22 13:32:05;30.11;89698.00;35.00;999.21;68;77;1.10;3
2025-09-22 13:32:06;30.10;89317.00;35.00;999.17;68;76;1.09;3
2025-09-22 13:32:07;30.11;89602.00;35.00;999.20;68;76;1.09;3
2025-09-22 13:32:08;30.11;90179.00;35.00;999.21;68;76;1.09;3
2025-09-22 13:32:09;30.12;90179.00;35.00;999.21;68;77;1.10;3
2025-09-22 13:32:10;30.12;89794.00;35.00;999.21;68;77;1.10;3
2025-09-22 13:32:11;30.12;90568.00;35.00;999.20;68;77;1.10;3
2025-09-22 13:32:12;30.13;89986.00;35.00;999.23;68;77;1.09;3
2025-09-22 13:32:13;30.13;90179.00;35.00;999.20;68;77;1.09;3
2025-09-22 13:32:14;30.13;89317.00;35.00;999.20;68;77;1.09;3
2025-09-22 13:32:15;30.13;90179.00;35.00;999.23;67;76;1.08;3
2025-09-22 13:32:16;30.13;89890.00;35.00;999.21;67;76;1.08;3
2025-09-22 13:32:17;30.13;89602.00;35.00;999.21;67;76;1.08;3
2025-09-22 13:32:18;30.13;90276.00;35.00;999.21;67;75;1.07;3
2025-09-22 13:32:19;30.13;89602.00;35.00;999.21;67;75;1.07;3
2025-09-22 13:32:20;30.14;89986.00;35.00;999.20;67;75;1.07;3
2025-09-22 13:32:21;30.14;89890.00;35.00;999.20;67;75;1.07;3
2025-09-22 13:32:22;30.14;89794.00;35.00;999.20;67;75;1.07;3
2025-09-22 13:32:23;30.15;90179.00;35.00;999.21;67;75;1.07;3
2025-09-22 13:32:24;30.15;89602.00;35.00;999.21;67;76;1.08;3
2025-09-22 13:32:25;30.15;90470.00;35.00;999.21;67;76;1.08;3
2025-09-22 13:32:26;30.15;89602.00;35.00;999.20;67;76;1.08;3
2025-09-22 13:32:27;30.15;90373.00;35.00;999.20;67;76;1.08;3
2025-09-22 13:32:28;30.16;89890.00;35.00;999.20;66;75;1.06;3
2025-09-22 13:32:29;30.16;89794.00;35.00;999.20;66;75;1.06;3
2025-09-22 13:32:30;30.16;89507.00;35.00;999.20;66;75;1.06;3
2025-09-22 13:32:31;30.16;89986.00;35.00;999.20;67;76;1.08;3
2025-09-22 13:32:32;30.16;89794.00;35.00;999.21;67;76;1.08;3
2025-09-22 13:32:33;30.17;90179.00;35.00;999.21;67;76;1.08;3
2025-09-22 13:32:34;30.17;90082.00;35.00;999.20;67;75;1.07;3
2025-09-22 13:32:35;30.17;90179.00;35.00;999.20;67;75;1.07;3
2025-09-22 13:32:36;30.17;90665.00;35.00;999.20;67;75;1.07;3
2025-09-22 13:32:37;30.17;90373.00;35.00;999.17;65;74;1.04;3
2025-09-22 13:32:38;30.18;90470.00;35.00;999.20;65;74;1.04;3
2025-09-22 13:32:39;30.18;89890.00;35.00;999.20;65;74;1.04;3
2025-09-22 13:32:40;30.18;90082.00;35.00;999.20;66;74;1.05;3
2025-09-22 13:32:41;30.18;90082.00;35.00;999.17;66;74;1.05;3
2025-09-22 13:32:42;30.18;89317.00;35.00;999.17;66;74;1.05;3
2025-09-22 13:32:43;30.18;89602.00;35.00;999.17;67;75;1.07;3
2025-09-22 13:32:44;30.18;89507.00;35.00;999.20;67;75;1.07;3
2025-09-22 13:32:45;30.19;89986.00;35.00;999.20;67;75;1.07;3
2025-09-22 13:32:46;30.19;90179.00;35.00;999.20;67;75;1.06;3
2025-09-22 13:32:47;30.19;89602.00;35.00;999.20;67;75;1.06;3
2025-09-22 13:32:48;30.19;90373.00;35.00;999.20;67;75;1.06;3
2025-09-22 13:32:49;30.19;89986.00;35.00;999.20;66;74;1.05;3
2025-09-22 13:32:50;30.19;89986.00;35.00;999.17;66;74;1.05;3
2025-09-22 13:32:51;30.20;90082.00;35.00;999.17;66;74;1.05;3
2025-09-22 13:32:52;30.20;90373.00;35.00;999.17;66;74;1.05;3
2025-09-22 13:32:53;30.21;89986.00;35.00;999.23;66;74;1.05;3
2025-09-22 13:32:54;30.20;89986.00;35.00;999.23;66;74;1.05;3
2025-09-22 13:32:55;30.20;90179.00;35.00;999.23;66;74;1.05;3
2025-09-22 13:32:56;30.21;89986.00;35.00;999.21;66;74;1.05;3
2025-09-22 13:32:57;30.21;89794.00;35.00;999.21;66;74;1.05;3
2025-09-22 13:32:58;30.21;90960.00;35.00;999.21;65;73;1.04;3
2025-09-22 13:32:59;30.21;89317.00;35.00;999.21;65;73;1.04;3
2025-09-22 13:33:00;30.22;90179.00;35.00;999.21;65;73;1.04;3
2025-09-22 13:33:01;30.22;90568.00;35.00;999.21;65;73;1.04;3
2025-09-22 13:33:02;30.22;90470.00;35.00;999.23;65;73;1.04;3
2025-09-22 13:33:03;30.22;89412.00;35.00;999.20;65;73;1.04;3
2025-09-22 13:33:04;30.22;90373.00;35.00;999.20;64;72;1.02;3
2025-09-22 13:33:05;30.22;90373.00;35.00;999.20;64;72;1.02;3
2025-09-22 13:33:06;30.23;89794.00;35.00;999.21;64;72;1.02;3
2025-09-22 13:33:07;30.23;90179.00;35.00;999.21;65;73;1.04;3
2025-09-22 13:33:08;30.23;90373.00;35.00;999.21;65;73;1.04;3
2025-09-22 13:33:09;30.23;90373.00;35.00;999.21;65;73;1.04;3
2025-09-22 13:33:10;30.23;90373.00;35.00;999.21;65;73;1.03;3
2025-09-22 13:33:11;30.24;89317.00;35.00;999.21;65;73;1.03;3
2025-09-22 13:33:12;30.24;89794.00;35.00;999.21;65;73;1.03;3
2025-09-22 13:33:13;30.24;90082.00;35.00;999.20;65;73;1.04;3
2025-09-22 13:33:14;30.24;90763.00;35.00;999.17;65;73;1.04;3
2025-09-22 13:33:15;30.24;90082.00;35.00;999.17;65;73;1.04;3
2025-09-22 13:33:16;30.24;90276.00;35.00;999.17;65;73;1.04;3
2025-09-22 13:33:17;30.25;89698.00;35.00;999.16;65;73;1.04;3
2025-09-22 13:33:18;30.25;90179.00;35.00;999.20;65;73;1.04;3
2025-09-22 13:33:19;30.25;90179.00;35.00;999.17;65;73;1.03;3
2025-09-22 13:33:20;30.25;89986.00;35.00;999.17;65;73;1.03;3
2025-09-22 13:33:21;30.25;91058.00;35.00;999.16;65;73;1.03;3
2025-09-22 13:33:22;30.25;89986.00;35.00;999.16;64;72;1.02;3
2025-09-22 13:33:23;30.26;90179.00;35.00;999.16;64;72;1.02;3
2025-09-22 13:33:24;30.26;90373.00;35.00;999.16;64;72;1.02;3
2025-09-22 13:33:25;30.27;90470.00;35.00;999.13;64;72;1.01;3
2025-09-22 13:33:26;30.26;90276.00;35.00;999.13;64;72;1.01;3
2025-09-22 13:33:27;30.26;90470.00;35.00;999.13;64;72;1.01;3
2025-09-22 13:33:28;30.27;89890.00;35.00;999.16;63;70;0.99;3
2025-09-22 13:33:29;30.27;89986.00;35.00;999.16;63;70;0.99;3
2025-09-22 13:33:30;30.27;90470.00;35.00;999.16;63;70;0.99;3
2025-09-22 13:33:31;30.27;90373.00;35.00;999.13;63;70;0.99;3
2025-09-22 13:33:32;30.27;90763.00;35.00;999.12;63;70;0.99;3
2025-09-22 13:33:33;30.27;90665.00;35.00;999.13;63;70;0.99;3
2025-09-22 13:33:34;30.27;91058.00;35.00;999.13;63;71;1.00;3
2025-09-22 13:33:35;30.28;90665.00;35.00;999.13;63;71;1.00;3
2025-09-22 13:33:36;30.28;90960.00;35.00;999.12;63;71;1.00;3
2025-09-22 13:33:37;30.29;90470.00;35.00;999.12;63;71;1.00;3
2025-09-22 13:33:38;30.28;90470.00;35.00;999.16;63;71;1.00;3
2025-09-22 13:33:39;30.29;89986.00;35.00;999.12;63;71;1.00;3
2025-09-22 13:33:40;30.29;90665.00;35.00;999.13;63;70;0.99;3
2025-09-22 13:33:41;30.29;90568.00;35.00;999.12;63;70;0.99;3
2025-09-22 13:33:42;30.29;90373.00;35.00;999.13;63;70;0.99;3
2025-09-22 13:33:43;30.30;90373.00;35.00;999.12;62;70;0.98;3
2025-09-22 13:33:44;30.29;90470.00;35.00;999.12;62;70;0.98;3
2025-09-22 13:33:45;30.30;90960.00;35.00;999.13;62;70;0.98;3
2025-09-22 13:33:46;30.30;90276.00;35.00;999.12;63;71;1.00;3
2025-09-22 13:33:47;30.30;90276.00;35.00;999.09;63;71;1.00;3
2025-09-22 13:33:48;30.30;90470.00;35.00;999.09;63;71;1.00;3
2025-09-22 13:33:49;30.30;90373.00;35.00;999.13;63;71;1.00;3
2025-09-22 13:33:50;30.30;90276.00;35.00;999.13;63;71;1.00;3
2025-09-22 13:33:51;30.31;90373.00;35.00;999.13;63;71;1.00;3
2025-09-22 13:33:52;30.31;90665.00;35.00;999.13;63;70;0.99;3
2025-09-22 13:33:53;30.31;90862.00;35.00;999.13;63;70;0.99;3
2025-09-22 13:33:54;30.31;90862.00;35.00;999.13;63;70;0.99;3
2025-09-22 13:33:55;30.30;91855.00;35.00;999.12;62;69;0.98;3
2025-09-22 13:33:56;30.31;90276.00;35.00;999.12;62;69;0.98;3
2025-09-22 13:33:57;30.32;90763.00;35.00;999.12;62;69;0.98;3
2025-09-22 13:33:58;30.32;90373.00;35.00;999.12;62;69;0.97;3
2025-09-22 13:33:59;30.32;90665.00;35.00;999.12;62;69;0.97;3
2025-09-22 13:34:00;30.32;90470.00;35.00;999.12;62;69;0.97;3
2025-09-22 13:34:01;30.32;90568.00;35.00;999.12;62;69;0.98;3
2025-09-22 13:34:02;30.32;91355.00;35.00;999.13;62;69;0.98;3
2025-09-22 13:34:03;30.32;90763.00;35.00;999.09;62;69;0.98;3
2025-09-22 13:34:04;30.33;90470.00;34.00;999.13;61;69;0.97;3
2025-09-22 13:34:05;30.33;90373.00;35.00;999.13;61;69;0.97;3
2025-09-22 13:34:06;30.33;90276.00;34.00;999.13;61;69;0.97;3
2025-09-22 13:34:07;30.32;90373.00;34.00;999.09;62;69;0.98;3
2025-09-22 13:34:08;30.33;90960.00;35.00;999.12;62;69;0.98;3
2025-09-22 13:34:09;30.33;90960.00;34.00;999.12;62;69;0.98;3
2025-09-22 13:34:10;30.33;90373.00;34.00;999.13;62;69;0.97;3
2025-09-22 13:34:11;30.32;91554.00;34.00;999.12;62;69;0.97;3
2025-09-22 13:34:12;30.32;91955.00;34.00;999.13;62;69;0.97;3
2025-09-22 13:34:13;30.31;92359.00;34.00;999.13;60;67;0.95;3
2025-09-22 13:34:14;30.31;91554.00;34.00;999.13;60;67;0.95;3
2025-09-22 13:34:15;30.31;92258.00;34.00;999.13;60;67;0.95;3
2025-09-22 13:34:16;30.31;91058.00;34.00;999.16;60;67;0.95;3
2025-09-22 13:34:17;30.31;91955.00;34.00;999.13;60;67;0.95;3
2025-09-22 13:34:18;30.31;91455.00;34.00;999.16;60;67;0.95;3
2025-09-22 13:34:19;30.31;92157.00;34.00;999.13;59;66;0.93;3
2025-09-22 13:34:20;30.31;92258.00;34.00;999.16;59;66;0.93;3
2025-09-22 13:34:21;30.31;92767.00;34.00;999.13;59;66;0.93;3
2025-09-22 13:34:22;30.31;92461.00;34.00;999.13;57;64;0.90;3
2025-09-22 13:34:23;30.32;92157.00;34.00;999.13;57;64;0.90;3
2025-09-22 13:34:24;30.32;92056.00;34.00;999.13;57;64;0.90;3
2025-09-22 13:34:25;30.32;92359.00;34.00;999.13;57;63;0.90;3
2025-09-22 13:34:26;30.32;92665.00;34.00;999.12;57;63;0.90;3
2025-09-22 13:34:27;30.32;92461.00;34.00;999.12;57;63;0.90;3
2025-09-22 13:34:28;30.32;92665.00;34.00;999.12;56;62;0.88;3
2025-09-22 13:34:29;30.32;92767.00;34.00;999.12;56;62;0.88;3
2025-09-22 13:34:30;30.32;93698.00;34.00;999.12;56;62;0.88;3
