timestamp;temperature;gas;humidity;barometer;IAQ;IAQ_S;VOCS;accuracy
2025-09-23 12:00:00;47;109172.00;18.00;989.60;66;43;0.65;1
2025-09-23 12:00:30;47;109030.00;18.00;989.60;65;42;0.65;1
2025-09-23 12:01:00;47;109172.00;18.00;989.62;66;43;0.65;1
2025-09-23 12:01:30;47;109030.00;18.00;989.60;65;42;0.65;1
2025-09-23 12:02:00;47;108678.00;18.00;989.58;64;42;0.64;1
2025-09-23 12:02:30;47;109599.00;18.00;989.64;63;41;0.64;1
2025-09-23 12:03:00;47;110973.00;18.00;989.62;64;42;0.64;1
2025-09-23 12:03:30;46;108537.00;18.00;989.58;86;51;0.74;1
2025-09-23 12:04:00;46;110390.00;19.00;989.60;81;49;0.72;1
2025-09-23 12:04:30;46;110827.00;19.00;989.64;75;47;0.69;1
2025-09-23 12:05:00;46;109243.00;19.00;989.66;72;45;0.68;1
2025-09-23 12:05:30;47;108327.00;18.00;989.66;93;54;0.78;1
2025-09-23 12:06:00;47;107841.00;18.00;989.64;98;57;0.81;1
2025-09-23 12:06:30;48;106273.00;18.00;989.64;105;60;0.85;1
2025-09-23 12:07:00;48;106005.00;17.00;989.60;114;63;0.90;1
2025-09-23 12:07:30;48;104555.00;17.00;989.60;117;65;0.92;1
2025-09-23 12:08:00;49;104750.00;17.00;989.58;132;71;1.01;1
2025-09-23 12:08:30;49;101647.00;17.00;989.60;149;79;1.13;1
2025-09-23 12:09:00;49;98491.00;17.00;989.60;175;90;1.35;1
2025-09-23 12:09:30;49;95039.00;17.00;989.62;201;102;1.60;1
2025-09-23 12:10:00;50;93610.00;16.00;989.62;220;110;1.81;1
2025-09-23 12:10:30;50;95399.00;16.00;989.60;229;114;1.92;1
2025-09-23 12:11:00;50;94541.00;16.00;989.58;221;111;1.83;1
2025-09-23 12:11:30;50;93698.00;16.00;989.58;231;115;1.95;1
2025-09-23 12:12:00;50;91654.00;16.00;989.54;239;118;2.06;1
2025-09-23 12:12:30;51;91855.00;16.00;989.53;247;122;2.16;1
2025-09-23 12:13:00;51;90276.00;16.00;989.54;247;125;2.29;1
2025-09-23 12:13:30;51;90082.00;15.00;989.53;251;128;2.39;1
2025-09-23 12:14:00;51;89222.00;15.00;989.54;262;141;2.89;1
2025-09-23 12:14:30;51;89222.00;15.00;989.53;253;143;3.00;1
2025-09-23 12:15:00;51;90082.00;15.00;989.51;247;141;2.92;1
2025-09-23 12:15:30;51;90763.00;15.00;989.53;237;136;2.69;1
2025-09-23 12:16:00;51;90763.00;15.00;989.51;234;135;2.64;1
2025-09-23 12:16:30;51;91058.00;15.00;989.54;236;135;2.66;1
2025-09-23 12:17:00;52;91355.00;15.00;989.51;227;131;2.49;1
2025-09-23 12:17:30;52;90763.00;15.00;989.49;222;128;2.38;1
2025-09-23 12:18:00;52;89698.00;15.00;989.49;228;131;2.50;1
2025-09-23 12:18:30;52;88657.00;15.00;989.53;240;137;2.74;1
2025-09-23 12:19:00;52;89222.00;15.00;989.51;237;136;2.68;1
2025-09-23 12:19:30;52;87276.00;15.00;989.49;249;143;2.98;1
2025-09-23 12:20:00;52;87915.00;15.00;989.51;245;141;2.91;1
2025-09-23 12:20:30;52;86825.00;15.00;989.51;249;145;3.07;1
2025-09-23 12:21:00;52;86557.00;15.00;989.53;245;144;3.02;1
2025-09-23 12:21:30;52;87186.00;15.00;989.54;235;138;2.78;1
2025-09-23 12:22:00;52;87186.00;15.00;989.54;232;136;2.70;1
2025-09-23 12:22:30;52;85762.00;15.00;989.54;243;142;2.96;1
2025-09-23 12:23:00;52;86646.00;14.00;989.54;247;144;3.05;1
2025-09-23 12:23:30;52;87186.00;14.00;989.58;249;146;3.12;1
2025-09-23 12:24:00;52;87095.00;14.00;989.58;251;153;3.50;2
2025-09-23 12:24:30;52;86290.00;14.00;989.58;251;156;3.64;2
2025-09-23 12:25:00;53;86290.00;14.00;989.56;250;161;3.93;2
2025-09-23 12:25:30;53;87549.00;14.00;989.60;240;156;3.62;2
2025-09-23 12:26:00;53;87549.00;14.00;989.56;237;154;3.53;2
2025-09-23 12:26:30;53;87186.00;14.00;989.53;241;156;3.65;3
2025-09-23 12:27:00;53;88099.00;14.00;989.47;233;152;3.41;3
2025-09-23 12:27:30;53;88099.00;14.00;989.49;231;150;3.33;3
2025-09-23 12:28:00;53;88007.00;14.00;989.47;228;148;3.22;3
2025-09-23 12:28:30;53;88751.00;14.00;989.45;225;146;3.14;3
2025-09-23 12:29:00;53;88751.00;14.00;989.43;220;143;3.01;3
2025-09-23 12:29:30;53;88377.00;14.00;989.45;220;143;2.99;3
2025-09-23 12:30:00;53;88845.00;14.00;989.45;217;141;2.91;3
2025-09-23 12:30:30;53;89127.00;14.00;989.45;212;138;2.79;3
2025-09-23 12:31:00;53;88657.00;14.00;989.47;211;137;2.75;3
2025-09-23 12:31:30;53;89127.00;14.00;989.47;208;136;2.68;3
2025-09-23 12:32:00;53;89222.00;14.00;989.45;203;133;2.57;3
2025-09-23 12:32:30;53;88845.00;14.00;989.45;203;133;2.56;3
2025-09-23 12:33:00;53;89412.00;14.00;989.45;201;131;2.52;3
2025-09-23 12:33:30;54;89794.00;14.00;989.53;195;128;2.37;3
2025-09-23 12:34:00;54;89222.00;14.00;989.54;196;129;2.41;3
2025-09-23 12:34:30;54;90179.00;14.00;989.51;194;127;2.36;3
2025-09-23 12:35:00;54;90373.00;14.00;989.56;189;124;2.24;3
2025-09-23 12:35:30;54;90470.00;14.00;989.58;187;123;2.19;3
2025-09-23 12:36:00;54;90665.00;14.00;989.60;184;121;2.14;3
2025-09-23 12:36:30;54;90960.00;14.00;989.60;177;116;2.00;3
2025-09-23 12:37:00;54;91754.00;14.00;989.62;172;113;1.91;3
2025-09-23 12:37:30;53;92767.00;14.00;989.58;166;110;1.82;3
2025-09-23 12:38:00;53;93489.00;14.00;989.62;160;106;1.72;3
2025-09-23 12:38:30;53;94118.00;14.00;989.66;156;104;1.65;3
2025-09-23 12:39:00;53;94329.00;14.00;989.64;154;103;1.63;3
2025-09-23 12:39:30;53;94861.00;14.00;989.62;154;102;1.62;3
2025-09-23 12:40:00;53;94968.00;14.00;989.64;153;102;1.61;3
2025-09-23 12:40:30;53;94647.00;14.00;989.62;153;102;1.60;3
2025-09-23 12:41:00;53;94647.00;14.00;989.64;153;102;1.60;3
2025-09-23 12:41:30;53;94647.00;14.00;989.62;152;102;1.60;3
2025-09-23 12:42:00;53;94861.00;14.00;989.66;150;100;1.57;3
2025-09-23 12:42:30;53;95076.00;14.00;989.72;148;99;1.53;3
2025-09-23 12:43:00;53;93802.00;14.00;989.70;160;106;1.71;3
2025-09-23 12:43:30;53;94329.00;14.00;989.70;160;106;1.70;3
2025-09-23 12:44:00;53;94754.00;14.00;989.70;159;105;1.69;3
2025-09-23 12:44:30;53;94754.00;14.00;989.70;160;106;1.71;3
2025-09-23 12:45:00;53;94754.00;14.00;989.68;161;107;1.73;3
2025-09-23 12:45:30;53;95399.00;14.00;989.66;169;111;1.85;3
2025-09-23 12:46:00;53;94861.00;14.00;989.66;160;106;1.71;3
2025-09-23 12:46:30;53;93802.00;14.00;989.66;162;107;1.73;3
2025-09-23 12:47:00;53;92767.00;14.00;989.64;166;110;1.80;3
2025-09-23 12:47:30;54;92870.00;14.00;989.64;165;109;1.79;3
2025-09-23 12:48:00;54;92767.00;13.00;989.62;177;116;1.99;3
2025-09-23 12:48:30;54;92972.00;13.00;989.72;189;123;2.21;3
2025-09-23 12:49:00;54;92870.00;13.00;989.72;193;126;2.30;3
2025-09-23 12:49:30;54;92767.00;13.00;989.68;199;129;2.42;3
2025-09-23 12:50:00;54;92870.00;13.00;989.70;196;127;2.37;3
2025-09-23 12:50:30;54;92157.00;13.00;989.70;196;127;2.35;3
2025-09-23 12:51:00;54;91754.00;13.00;989.66;202;130;2.47;3
2025-09-23 12:51:30;54;91754.00;13.00;989.66;204;132;2.52;3
2025-09-23 12:52:00;54;91355.00;13.00;989.66;205;132;2.54;3
2025-09-23 12:52:30;54;91256.00;13.00;989.66;200;129;2.44;3
2025-09-23 12:53:00;54;93178.00;13.00;989.66;197;128;2.37;3
2025-09-23 12:53:30;54;91855.00;13.00;989.64;199;129;2.41;3
2025-09-23 12:54:00;54;92157.00;13.00;989.62;198;128;2.38;3
2025-09-23 12:54:30;54;90862.00;13.00;989.54;199;129;2.41;3
2025-09-23 12:55:00;54;91554.00;13.00;989.54;197;127;2.36;3
2025-09-23 12:55:30;54;91058.00;13.00;989.51;198;128;2.38;3
2025-09-23 12:56:00;54;90960.00;13.00;989.49;194;126;2.30;3
2025-09-23 12:56:30;54;92359.00;13.00;989.49;189;123;2.20;3
2025-09-23 12:57:00;54;92258.00;13.00;989.54;196;126;2.33;3
2025-09-23 12:57:30;54;91654.00;13.00;989.49;195;126;2.31;3
2025-09-23 12:58:00;54;92258.00;13.00;989.51;187;121;2.15;3
2025-09-23 12:58:30;54;92870.00;13.00;989.54;186;120;2.12;3
2025-09-23 12:59:00;54;93178.00;13.00;989.53;185;120;2.11;3
2025-09-23 12:59:30;55;92157.00;13.00;989.54;185;120;2.12;3
2025-09-23 13:00:00;55;92157.00;13.00;989.53;184;119;2.09;3
2025-09-23 13:00:30;55;93075.00;13.00;989.49;182;118;2.06;3
2025-09-23 13:01:00;55;93075.00;13.00;989.51;182;118;2.05;3
2025-09-23 13:01:30;55;93385.00;13.00;989.49;174;114;1.92;3
2025-09-23 13:02:00;55;94541.00;13.00;989.51;168;110;1.81;3
2025-09-23 13:02:30;55;94754.00;13.00;989.53;169;110;1.83;3
2025-09-23 13:03:00;54;94861.00;13.00;989.53;164;107;1.74;3
2025-09-23 13:03:30;54;94541.00;13.00;989.53;165;108;1.76;3
2025-09-23 13:04:00;54;95399.00;13.00;989.49;163;107;1.73;3
2025-09-23 13:04:30;54;94647.00;13.00;989.49;162;106;1.70;3
2025-09-23 13:05:00;54;95508.00;13.00;989.49;170;110;1.83;3
2025-09-23 13:05:30;54;93802.00;13.00;989.47;171;111;1.85;3
2025-09-23 13:06:00;54;93698.00;13.00;989.47;168;109;1.80;3
2025-09-23 13:06:30;55;94223.00;13.00;989.47;166;108;1.77;3
2025-09-23 13:07:00;55;95399.00;13.00;989.43;163;107;1.73;3
2025-09-23 13:07:30;55;94329.00;13.00;989.43;164;107;1.74;3
2025-09-23 13:08:00;55;93593.00;13.00;989.41;164;107;1.74;3
2025-09-23 13:08:30;55;93593.00;13.00;989.43;166;108;1.76;3
2025-09-23 13:09:00;55;94223.00;13.00;989.39;167;109;1.78;3
2025-09-23 13:09:30;55;92870.00;13.00;989.43;166;108;1.76;3
2025-09-23 13:10:00;55;92359.00;12.00;989.37;185;119;2.08;3
2025-09-23 13:10:30;55;91554.00;12.00;989.37;200;128;2.39;3
2025-09-23 13:11:00;56;91754.00;12.00;989.39;207;132;2.55;3
2025-09-23 13:11:30;56;90665.00;12.00;989.39;212;135;2.64;3
2025-09-23 13:12:00;56;90568.00;12.00;989.37;218;138;2.79;3
2025-09-23 13:12:30;56;89986.00;12.00;989.39;219;139;2.82;3
2025-09-23 13:13:00;56;89890.00;12.00;989.39;220;139;2.84;3
2025-09-23 13:13:30;56;89127.00;12.00;989.41;220;140;2.84;3
2025-09-23 13:14:00;56;89986.00;12.00;989.41;217;138;2.77;3
2025-09-23 13:14:30;56;89127.00;12.00;989.41;216;137;2.75;3
2025-09-23 13:15:00;57;88657.00;12.00;989.39;216;137;2.75;3
2025-09-23 13:15:30;57;88939.00;12.00;989.43;213;135;2.67;3
2025-09-23 13:16:00;57;89794.00;12.00;989.41;210;134;2.60;3
2025-09-23 13:16:30;57;90179.00;12.00;989.37;206;131;2.49;3
2025-09-23 13:17:00;56;90568.00;12.00;989.37;201;128;2.40;3
2025-09-23 13:17:30;56;91654.00;12.00;989.37;197;126;2.31;3
2025-09-23 13:18:00;56;92359.00;12.00;989.35;188;121;2.14;3
2025-09-23 13:18:30;56;92258.00;12.00;989.35;189;121;2.15;3
2025-09-23 13:19:00;56;92665.00;12.00;989.31;184;118;2.05;3
2025-09-23 13:19:30;56;93385.00;12.00;989.31;181;116;2.00;3
2025-09-23 13:20:00;56;93178.00;12.00;989.31;181;116;1.99;3
2025-09-23 13:20:30;56;94754.00;12.00;989.31;175;112;1.88;3
2025-09-23 13:21:00;56;95291.00;12.00;989.29;177;114;1.92;3
2025-09-23 13:21:30;56;95291.00;12.00;989.29;176;113;1.90;3
2025-09-23 13:22:00;56;93698.00;12.00;989.31;180;116;1.97;3
2025-09-23 13:22:30;56;93698.00;12.00;989.29;183;117;2.03;3
2025-09-23 13:23:00;56;94118.00;12.00;989.31;180;115;1.97;3
2025-09-23 13:23:30;56;94435.00;12.00;989.31;182;117;2.00;3
2025-09-23 13:24:00;56;95508.00;12.00;989.31;183;117;2.02;3
2025-09-23 13:24:30;56;94118.00;12.00;989.29;186;119;2.08;3
2025-09-23 13:25:00;56;94329.00;12.00;989.27;185;118;2.06;3
2025-09-23 13:25:30;56;94541.00;12.00;989.27;185;118;2.06;3
2025-09-23 13:26:00;56;94118.00;12.00;989.27;185;118;2.05;3
2025-09-23 13:26:30;56;95508.00;12.00;989.27;186;119;2.08;3
2025-09-23 13:27:00;56;94012.00;12.00;989.25;187;119;2.08;3
2025-09-23 13:27:30;56;94223.00;12.00;989.27;184;118;2.04;3
2025-09-23 13:28:00;56;93698.00;12.00;989.25;184;118;2.04;3
2025-09-23 13:28:30;56;94647.00;12.00;989.27;185;118;2.06;3
2025-09-23 13:29:00;56;93698.00;12.00;989.25;182;116;1.99;3
2025-09-23 13:29:30;56;94754.00;12.00;989.25;181;116;1.99;3
2025-09-23 13:30:00;56;94012.00;12.00;989.27;180;115;1.97;3
2025-09-23 13:30:30;56;94329.00;12.00;989.27;180;115;1.96;3
2025-09-23 13:31:00;56;94435.00;12.00;989.25;179;114;1.94;3
2025-09-23 13:31:30;56;94861.00;12.00;989.25;181;116;1.98;3
2025-09-23 13:32:00;56;93454.00;12.00;989.27;177;113;1.91;3
2025-09-23 13:32:30;56;93506.00;12.00;989.29;181;116;1.98;3
2025-09-23 13:33:00;56;95183.00;12.00;989.31;181;116;1.97;3
2025-09-23 13:33:30;56;94861.00;12.00;989.31;179;114;1.94;3
2025-09-23 13:34:00;56;93715.00;12.00;989.29;183;116;2.00;3
2025-09-23 13:34:30;56;94134.00;12.00;989.31;176;113;1.89;3
2025-09-23 13:35:00;56;94647.00;12.00;989.27;179;114;1.93;3
2025-09-23 13:35:30;56;94754.00;12.00;989.25;180;115;1.95;3
2025-09-23 13:36:00;56;94861.00;12.00;989.23;183;116;1.99;3
2025-09-23 13:36:30;56;94647.00;12.00;989.25;177;113;1.90;3
2025-09-23 13:37:00;56;94293.00;12.00;989.23;178;113;1.91;3
2025-09-23 13:37:30;56;94754.00;12.00;989.23;179;114;1.93;3
2025-09-23 13:38:00;56;93924.00;12.00;989.25;175;112;1.86;3
2025-09-23 13:38:30;56;95076.00;12.00;989.25;182;116;1.98;3
2025-09-23 13:39:00;56;93924.00;12.00;989.27;180;115;1.95;3
2025-09-23 13:39:30;56;94611.00;12.00;989.29;183;116;1.99;3
2025-09-23 13:40:00;56;94346.00;12.00;989.27;182;115;1.97;3
2025-09-23 13:40:30;56;93977.00;12.00;989.25;179;114;1.92;3
2025-09-23 13:41:00;56;94240.00;12.00;989.25;181;115;1.95;3
2025-09-23 13:41:30;56;95039.00;12.00;989.27;178;113;1.91;3
2025-09-23 13:42:00;56;94558.00;12.00;989.21;174;111;1.85;3
2025-09-23 13:42:30;56;94558.00;12.00;989.23;174;111;1.84;3
2025-09-23 13:43:00;56;94878.00;12.00;989.23;177;112;1.88;3
2025-09-23 13:43:30;56;94134.00;12.00;989.23;175;111;1.84;3
2025-09-23 13:44:00;56;95201.00;12.00;989.25;173;110;1.82;3
2025-09-23 13:44:30;56;94664.00;12.00;989.23;173;110;1.82;3
2025-09-23 13:45:00;56;95634.00;12.00;989.21;172;110;1.80;3
2025-09-23 13:45:30;56;95254.00;12.00;989.19;172;109;1.80;3
2025-09-23 13:46:00;56;95363.00;12.00;989.21;171;109;1.78;3
2025-09-23 13:46:30;56;95961.00;12.00;989.19;170;108;1.76;3
2025-09-23 13:47:00;56;95852.00;12.00;989.17;168;107;1.73;3
2025-09-23 13:47:30;56;95471.00;12.00;989.23;171;109;1.78;3
2025-09-23 13:48:00;56;95743.00;12.00;989.23;171;108;1.77;3
2025-09-23 13:48:30;56;95471.00;12.00;989.21;172;109;1.79;3
2025-09-23 13:49:00;56;96126.00;12.00;989.21;169;107;1.75;3
2025-09-23 13:49:30;56;94558.00;12.00;989.21;169;107;1.74;3
2025-09-23 13:50:00;56;95579.00;12.00;989.19;169;107;1.74;3
2025-09-23 13:50:30;56;95363.00;12.00;989.19;165;105;1.68;3
2025-09-23 13:51:00;56;95417.00;12.00;989.19;166;106;1.70;3
2025-09-23 13:51:30;56;95634.00;12.00;989.19;167;106;1.71;3
2025-09-23 13:52:00;56;95961.00;12.00;989.17;165;105;1.69;3
2025-09-23 13:52:30;56;95797.00;12.00;989.15;167;106;1.71;3
2025-09-23 13:53:00;56;94825.00;12.00;989.19;166;106;1.71;3
2025-09-23 13:53:30;56;95688.00;12.00;989.19;159;102;1.60;3
2025-09-23 13:54:00;56;95852.00;12.00;989.17;162;103;1.64;3
2025-09-23 13:54:30;56;96016.00;12.00;989.13;164;104;1.67;3
2025-09-23 13:55:00;56;96016.00;12.00;989.15;162;103;1.64;3
2025-09-23 13:55:30;56;96568.00;12.00;989.15;161;102;1.62;3
2025-09-23 13:56:00;56;96846.00;12.00;989.15;163;104;1.65;3
2025-09-23 13:56:30;56;96902.00;12.00;989.11;160;102;1.60;3
2025-09-23 13:57:00;56;95852.00;12.00;989.11;161;103;1.63;3
2025-09-23 13:57:30;56;96126.00;12.00;989.13;160;102;1.60;3
2025-09-23 13:58:00;56;95525.00;12.00;989.11;160;102;1.61;3
2025-09-23 13:58:30;56;95688.00;12.00;989.11;162;103;1.63;3
2025-09-23 13:59:00;56;95743.00;12.00;989.11;158;101;1.58;3
2025-09-23 13:59:30;56;95852.00;12.00;989.13;156;100;1.55;3
2025-09-23 14:00:00;56;96568.00;12.00;989.11;157;100;1.57;3
2025-09-23 14:00:30;56;96291.00;12.00;989.11;156;100;1.55;3
2025-09-23 14:01:00;56;97182.00;12.00;989.13;156;100;1.55;3
2025-09-23 14:01:30;56;96236.00;12.00;989.11;158;100;1.57;3
2025-09-23 14:02:00;56;96568.00;12.00;989.11;156;99;1.55;3
2025-09-23 14:02:30;56;96071.00;12.00;989.11;156;100;1.55;3
2025-09-23 14:03:00;56;97182.00;12.00;989.13;154;98;1.52;3
2025-09-23 14:03:30;56;96512.00;12.00;989.15;154;98;1.51;3
2025-09-23 14:04:00;56;96236.00;12.00;989.13;153;97;1.50;3
2025-09-23 14:04:30;56;96902.00;12.00;989.11;155;99;1.53;3
2025-09-23 14:05:00;56;96236.00;12.00;989.11;155;99;1.53;3
2025-09-23 14:05:30;56;97350.00;12.00;989.11;152;97;1.49;3
2025-09-23 14:06:00;56;96957.00;12.00;989.09;153;98;1.51;3
2025-09-23 14:06:30;56;97576.00;12.00;989.11;151;96;1.47;3
2025-09-23 14:07:00;56;97690.00;12.00;989.11;151;96;1.47;3
2025-09-23 14:07:30;56;98032.00;12.00;989.07;148;95;1.44;3
2025-09-23 14:08:00;56;97917.00;12.00;989.07;146;93;1.41;3
2025-09-23 14:08:30;56;97747.00;12.00;989.09;145;93;1.40;3
2025-09-23 14:09:00;56;98607.00;12.00;989.06;144;92;1.39;3
2025-09-23 14:09:30;56;97917.00;12.00;989.06;144;92;1.38;3
2025-09-23 14:10:00;56;98664.00;12.00;989.06;145;92;1.39;3
2025-09-23 14:10:30;56;98955.00;12.00;989.06;144;92;1.38;3
2025-09-23 14:11:00;56;98433.00;12.00;989.04;143;91;1.37;3
2025-09-23 14:11:30;56;98897.00;12.00;989.04;143;91;1.37;3
2025-09-23 14:12:00;56;99071.00;12.00;989.06;141;90;1.35;3
2025-09-23 14:12:30;56;99896.00;12.00;989.00;141;90;1.35;3
2025-09-23 14:13:00;56;99482.00;12.00;989.02;141;90;1.34;3
2025-09-23 14:13:30;56;98491.00;12.00;989.00;140;90;1.34;3
2025-09-23 14:14:00;56;99423.00;12.00;989.00;141;90;1.34;3
2025-09-23 14:14:30;56;99364.00;12.00;989.00;141;90;1.35;3
2025-09-23 14:15:00;56;98607.00;12.00;989.00;141;90;1.34;3
2025-09-23 14:15:30;56;99188.00;12.00;988.98;144;92;1.38;3
2025-09-23 14:16:00;56;98607.00;12.00;988.98;138;89;1.32;3
2025-09-23 14:16:30;56;99482.00;12.00;988.98;141;90;1.34;3
2025-09-23 14:17:00;56;99247.00;12.00;988.98;142;91;1.36;3
2025-09-23 14:17:30;56;99423.00;12.00;988.96;139;89;1.32;3
2025-09-23 14:18:00;56;98897.00;12.00;988.94;141;90;1.35;3
2025-09-23 14:18:30;56;99423.00;12.00;988.94;142;91;1.36;3
2025-09-23 14:19:00;56;98607.00;12.00;988.94;140;90;1.33;3
2025-09-23 14:19:30;56;99013.00;12.00;988.92;138;88;1.31;3
2025-09-23 14:20:00;56;98897.00;12.00;988.92;140;89;1.33;3
2025-09-23 14:20:30;56;98897.00;12.00;988.92;139;89;1.32;3
2025-09-23 14:21:00;56;99718.00;12.00;988.92;141;90;1.33;3
2025-09-23 14:21:30;56;99896.00;12.00;988.94;138;88;1.31;3
2025-09-23 14:22:00;56;99541.00;12.00;988.94;140;89;1.33;3
2025-09-23 14:22:30;56;99482.00;12.00;988.94;139;89;1.31;3
2025-09-23 14:23:00;56;99836.00;12.00;988.90;139;89;1.31;3
2025-09-23 14:23:30;56;99718.00;12.00;988.90;136;87;1.28;3
2025-09-23 14:24:00;56;99423.00;12.00;988.90;140;89;1.33;3
2025-09-23 14:24:30;56;100134.00;12.00;988.86;139;89;1.32;3
2025-09-23 14:25:00;56;99896.00;12.00;988.84;136;87;1.28;3
2025-09-23 14:25:30;56;100193.00;12.00;988.84;136;87;1.28;3
2025-09-23 14:26:00;56;100733.00;12.00;988.90;139;89;1.31;3
2025-09-23 14:26:30;56;99482.00;12.00;988.86;139;88;1.31;3
2025-09-23 14:27:00;56;99955.00;12.00;988.86;133;85;1.25;3
2025-09-23 14:27:30;56;100794.00;12.00;988.88;134;86;1.26;3
2025-09-23 14:28:00;56;99777.00;12.00;988.86;136;87;1.28;3
2025-09-23 14:28:30;56;99718.00;12.00;988.84;134;86;1.26;3
2025-09-23 14:29:00;56;101158.00;12.00;988.86;135;86;1.27;3
2025-09-23 14:29:30;56;99955.00;12.00;988.88;132;85;1.23;3
2025-09-23 14:30:00;56;100794.00;12.00;988.90;134;86;1.26;3
2025-09-23 14:30:30;56;101158.00;12.00;988.88;130;83;1.21;3
2025-09-23 14:31:00;56;100014.00;12.00;988.92;132;84;1.23;3
2025-09-23 14:31:30;56;100553.00;12.00;988.92;128;82;1.19;3
2025-09-23 14:32:00;56;101402.00;12.00;988.88;131;84;1.22;3
2025-09-23 14:32:30;56;102203.00;12.00;988.90;127;82;1.18;3
2025-09-23 14:33:00;55;100915.00;12.00;988.88;127;81;1.18;3
2025-09-23 14:33:30;55;101709.00;12.00;988.88;126;81;1.17;3
2025-09-23 14:34:00;55;101893.00;12.00;988.86;125;81;1.16;3
2025-09-23 14:34:30;55;102141.00;12.00;988.88;125;80;1.16;3
2025-09-23 14:35:00;55;101832.00;12.00;988.90;124;80;1.15;3
2025-09-23 14:35:30;55;101770.00;12.00;988.90;124;80;1.15;3
2025-09-23 14:36:00;55;102079.00;12.00;988.88;123;79;1.14;3
2025-09-23 14:36:30;55;102203.00;12.00;988.88;123;79;1.14;3
2025-09-23 14:37:00;55;102079.00;12.00;988.88;123;79;1.14;3
2025-09-23 14:37:30;55;101955.00;12.00;988.90;123;79;1.14;3
2025-09-23 14:38:00;55;101709.00;12.00;988.92;123;79;1.14;3
2025-09-23 14:38:30;55;102203.00;12.00;988.90;124;80;1.15;3
2025-09-23 14:39:00;55;101709.00;12.00;988.90;124;80;1.15;3
2025-09-23 14:39:30;55;101647.00;12.00;988.88;125;80;1.15;3
2025-09-23 14:40:00;55;101955.00;12.00;988.92;124;80;1.15;3
2025-09-23 14:40:30;56;102390.00;12.00;988.94;126;81;1.17;3
2025-09-23 14:41:00;56;101463.00;12.00;988.96;125;80;1.15;3
2025-09-23 14:41:30;56;101463.00;12.00;988.96;126;81;1.17;3
2025-09-23 14:42:00;56;102891.00;12.00;989.00;121;78;1.11;3
2025-09-23 14:42:30;56;101097.00;12.00;988.96;121;78;1.12;3
2025-09-23 14:43:00;56;102265.00;12.00;988.96;124;79;1.14;3
2025-09-23 14:43:30;56;101402.00;12.00;988.96;126;81;1.17;3
2025-09-23 14:44:00;56;101709.00;12.00;989.00;121;78;1.12;3
2025-09-23 14:44:30;56;101463.00;12.00;988.98;118;76;1.09;3
2025-09-23 14:45:00;56;102640.00;12.00;989.00;121;78;1.11;3
2025-09-23 14:45:30;56;102017.00;12.00;989.00;122;78;1.12;3
2025-09-23 14:46:00;56;101097.00;12.00;988.96;123;79;1.13;3
2025-09-23 14:46:30;56;101709.00;12.00;988.98;123;79;1.13;3
2025-09-23 14:47:00;56;101586.00;12.00;988.98;122;78;1.13;3
2025-09-23 14:47:30;56;102141.00;12.00;989.00;118;76;1.08;3
2025-09-23 14:48:00;56;101893.00;12.00;988.98;119;77;1.10;3
2025-09-23 14:48:30;56;102577.00;12.00;988.98;120;77;1.11;3
2025-09-23 14:49:00;56;102515.00;12.00;988.96;118;76;1.09;3
2025-09-23 14:49:30;56;102203.00;12.00;988.96;118;76;1.08;3
2025-09-23 14:50:00;56;101832.00;12.00;988.98;119;77;1.09;3
2025-09-23 14:50:30;56;102954.00;12.00;988.98;117;75;1.07;3
2025-09-23 14:51:00;56;101832.00;12.00;988.98;119;76;1.09;3
2025-09-23 14:51:30;56;101832.00;12.00;989.04;116;75;1.07;3
2025-09-23 14:52:00;56;102079.00;12.00;989.02;115;74;1.06;3
2025-09-23 14:52:30;56;102079.00;12.00;989.00;119;77;1.10;3
2025-09-23 14:53:00;56;102141.00;12.00;988.98;114;74;1.05;3
2025-09-23 14:53:30;56;102141.00;12.00;988.96;118;76;1.08;3
2025-09-23 14:54:00;56;102390.00;12.00;988.96;115;75;1.06;3
2025-09-23 14:54:30;56;102328.00;12.00;988.96;115;74;1.06;3
2025-09-23 14:55:00;56;102452.00;12.00;988.98;116;75;1.06;3
2025-09-23 14:55:30;56;102390.00;12.00;988.98;112;73;1.03;3
2025-09-23 14:56:00;56;102515.00;12.00;989.00;114;74;1.05;3
2025-09-23 14:56:30;56;102640.00;12.00;989.00;113;73;1.04;3
2025-09-23 14:57:00;56;102452.00;12.00;989.02;111;72;1.02;3
2025-09-23 14:57:30;56;101955.00;12.00;989.04;109;71;1.01;3
2025-09-23 14:58:00;56;102954.00;12.00;989.06;113;73;1.04;3
2025-09-23 14:58:30;56;102828.00;12.00;989.07;112;72;1.02;3
2025-09-23 14:59:00;56;102703.00;12.00;989.06;115;74;1.06;3
2025-09-23 14:59:30;55;103080.00;12.00;989.09;112;72;1.02;3
2025-09-23 15:00:00;56;103270.00;12.00;989.07;117;75;1.07;3
2025-09-23 15:00:30;56;102203.00;12.00;989.09;122;78;1.12;3
2025-09-23 15:01:00;56;101097.00;11.00;989.11;142;89;1.32;3
2025-09-23 15:01:30;56;100074.00;11.00;989.11;163;100;1.56;3
2025-09-23 15:02:00;56;100074.00;11.00;989.13;172;105;1.69;3
2025-09-23 15:02:30;56;99364.00;11.00;989.11;180;109;1.80;3
2025-09-23 15:03:00;56;99364.00;11.00;989.19;181;110;1.81;3
2025-09-23 15:03:30;56;100014.00;11.00;989.21;180;109;1.79;3
2025-09-23 15:04:00;56;100975.00;11.00;989.21;176;107;1.73;3
2025-09-23 15:04:30;56;101709.00;11.00;989.21;165;101;1.59;3
2025-09-23 15:05:00;56;103144.00;11.00;989.23;155;95;1.46;3
2025-09-23 15:05:30;55;105539.00;12.00;989.21;146;90;1.35;3
2025-09-23 15:06:00;55;106746.00;12.00;989.25;116;75;1.06;3
2025-09-23 15:06:30;55;107841.00;12.00;989.25;98;65;0.91;3
2025-09-23 15:07:00;54;109670.00;12.00;989.29;88;59;0.84;3
2025-09-23 15:07:30;54;110245.00;12.00;989.27;86;58;0.83;3
2025-09-23 15:08:00;54;112083.00;12.00;989.29;79;54;0.78;3
2025-09-23 15:08:30;53;113521.00;12.00;989.31;77;53;0.77;3
2025-09-23 15:09:00;53;114604.00;13.00;989.31;73;51;0.74;3
2025-09-23 15:09:30;53;116510.00;13.00;989.31;57;42;0.65;3
2025-09-23 15:10:00;52;118231.00;13.00;989.37;42;34;0.57;3
2025-09-23 15:10:30;52;119153.00;13.00;989.37;32;29;0.53;3
2025-09-23 15:11:00;52;118732.00;13.00;989.39;29;27;0.51;1
2025-09-23 15:11:30;52;120003.00;13.00;989.39;26;25;0.50;1
2025-09-23 15:12:00;51;120866.00;13.00;989.39;25;25;0.50;1
2025-09-23 15:12:30;51;123078.00;13.00;989.41;25;25;0.49;1
2025-09-23 15:13:00;51;123621.00;14.00;989.41;23;24;0.49;1
2025-09-23 15:13:30;51;123530.00;14.00;989.47;19;21;0.47;2
2025-09-23 15:14:00;50;126030.00;14.00;989.45;22;23;0.48;2
2025-09-23 15:14:30;50;126219.00;14.00;989.49;24;24;0.49;2
2025-09-23 15:15:00;50;126219.00;14.00;989.49;26;25;0.50;2
2025-09-23 15:15:30;50;127463.00;14.00;989.49;27;26;0.51;2
2025-09-23 15:16:00;49;127560.00;14.00;989.51;28;27;0.51;2
2025-09-23 15:16:30;49;129426.00;14.00;989.49;36;32;0.55;2
2025-09-23 15:17:00;49;128831.00;15.00;989.53;25;25;0.49;2
2025-09-23 15:17:30;49;130127.00;15.00;989.49;25;25;0.49;2
2025-09-23 15:18:00;49;129426.00;15.00;989.49;24;24;0.49;2
2025-09-23 15:18:30;48;130734.00;15.00;989.47;25;25;0.50;2
2025-09-23 15:19:00;48;131245.00;15.00;989.49;25;25;0.49;2
2025-09-23 15:19:30;48;132905.00;15.00;989.47;28;27;0.52;2
2025-09-23 15:20:00;48;132695.00;15.00;989.53;28;27;0.51;2
2025-09-23 15:20:30;48;133538.00;15.00;989.53;29;28;0.52;3
2025-09-23 15:21:00;47;134177.00;16.00;989.54;26;26;0.50;3
2025-09-23 15:21:30;47;133644.00;16.00;989.56;24;24;0.49;2
2025-09-23 15:22:00;47;135040.00;16.00;989.54;23;23;0.49;2
2025-09-23 15:22:30;47;135694.00;16.00;989.58;26;25;0.50;2
2025-09-23 15:23:00;47;134931.00;16.00;989.56;25;25;0.50;2
2025-09-23 15:23:30;46;135913.00;16.00;989.54;25;25;0.49;2
2025-09-23 15:24:00;46;135148.00;16.00;989.54;28;27;0.51;2
2025-09-23 15:24:30;46;136023.00;16.00;989.58;30;28;0.52;3
2025-09-23 15:25:00;46;135257.00;16.00;989.62;32;30;0.54;3
2025-09-23 15:25:30;46;136798.00;17.00;989.56;27;27;0.51;3
2025-09-23 15:26:00;46;137244.00;17.00;989.56;25;25;0.50;2
2025-09-23 15:26:30;45;136023.00;17.00;989.56;27;26;0.51;2
2025-09-23 15:27:00;45;137694.00;17.00;989.60;27;26;0.51;2
2025-09-23 15:27:30;45;137920.00;17.00;989.62;25;25;0.50;2
2025-09-23 15:28:00;45;137694.00;17.00;989.62;26;25;0.50;2
2025-09-23 15:28:30;45;139176.00;17.00;989.60;31;30;0.54;3
2025-09-23 15:29:00;45;138147.00;17.00;989.68;33;31;0.55;3
2025-09-23 15:29:30;45;138488.00;17.00;989.64;35;33;0.56;3
2025-09-23 15:30:00;44;139176.00;18.00;989.64;29;28;0.52;3
2025-09-23 15:30:30;44;138147.00;18.00;989.66;26;26;0.50;3
2025-09-23 15:31:00;44;138716.00;18.00;989.64;26;26;0.51;2
2025-09-23 15:31:30;44;139061.00;18.00;989.62;26;26;0.50;2
2025-09-23 15:32:00;44;138946.00;18.00;989.64;26;26;0.51;2
2025-09-23 15:32:30;44;139522.00;18.00;989.60;28;27;0.51;3
2025-09-23 15:33:00;44;139754.00;18.00;989.64;29;28;0.52;3
2025-09-23 15:33:30;43;140104.00;18.00;989.64;31;30;0.54;3
2025-09-23 15:34:00;43;140221.00;18.00;989.64;32;31;0.54;3
2025-09-23 15:34:30;43;139987.00;19.00;989.64;34;32;0.55;3
2025-09-23 15:35:00;43;140221.00;19.00;989.66;27;26;0.51;3
2025-09-23 15:35:30;43;140572.00;19.00;989.70;25;25;0.49;2
2025-09-23 15:36:00;43;141519.00;19.00;989.68;25;25;0.50;2
2025-09-23 15:36:30;43;141877.00;19.00;989.68;25;25;0.50;2
2025-09-23 15:37:00;43;141519.00;19.00;989.68;25;25;0.50;2
2025-09-23 15:37:30;42;141400.00;19.00;989.70;29;28;0.52;3
2025-09-23 15:38:00;42;141519.00;19.00;989.72;28;27;0.52;3
2025-09-23 15:38:30;42;141519.00;19.00;989.72;31;30;0.54;3
2025-09-23 15:39:00;42;142358.00;19.00;989.70;34;32;0.56;3
2025-09-23 15:39:30;42;140690.00;19.00;989.70;34;32;0.56;3
2025-09-23 15:40:00;42;141281.00;19.00;989.70;36;33;0.57;3
2025-09-23 15:40:30;42;141400.00;20.00;989.70;37;34;0.57;3
2025-09-23 15:41:00;42;142720.00;20.00;989.68;31;29;0.53;3
2025-09-23 15:41:30;42;141997.00;20.00;989.70;26;26;0.51;3
2025-09-23 15:42:00;42;142720.00;20.00;989.70;26;26;0.50;3
2025-09-23 15:42:30;41;142841.00;20.00;989.68;25;25;0.49;2
2025-09-23 15:43:00;41;142841.00;20.00;989.72;26;26;0.51;2
2025-09-23 15:43:30;41;143573.00;20.00;989.68;28;27;0.51;2
2025-09-23 15:44:00;41;142963.00;20.00;989.72;27;27;0.51;3
2025-09-23 15:44:30;41;142478.00;20.00;989.74;28;28;0.52;3
2025-09-23 15:45:00;41;143206.00;20.00;989.68;32;30;0.54;3
2025-09-23 15:45:30;41;143819.00;20.00;989.70;34;32;0.56;3
2025-09-23 15:46:00;41;144065.00;20.00;989.70;33;31;0.55;3
2025-09-23 15:46:30;41;144685.00;20.00;989.74;33;32;0.55;3
2025-09-23 15:47:00;41;144189.00;21.00;989.76;30;29;0.53;3
2025-09-23 15:47:30;41;142963.00;21.00;989.74;25;25;0.50;3
2025-09-23 15:48:00;40;143451.00;21.00;989.74;25;25;0.50;2
2025-09-23 15:48:30;40;144313.00;21.00;989.76;26;26;0.51;2
2025-09-23 15:49:00;40;145436.00;21.00;989.74;25;25;0.50;2
2025-09-23 15:49:30;40;145311.00;21.00;989.76;27;27;0.51;2
2025-09-23 15:50:00;40;143696.00;21.00;989.76;30;29;0.53;2
2025-09-23 15:50:30;40;144810.00;21.00;989.80;27;27;0.51;3
2025-09-23 15:51:00;40;146068.00;21.00;989.78;31;29;0.53;3
2025-09-23 15:51:30;40;144065.00;21.00;989.78;32;31;0.54;3
2025-09-23 15:52:00;40;144685.00;21.00;989.80;38;35;0.58;3
2025-09-23 15:52:30;40;145185.00;21.00;989.80;35;33;0.56;3
2025-09-23 15:53:00;40;144189.00;21.00;989.80;38;35;0.58;3
2025-09-23 15:53:30;40;145436.00;21.00;989.80;39;36;0.59;3
2025-09-23 15:54:00;40;145688.00;22.00;989.84;34;33;0.56;3
2025-09-23 15:54:30;39;146834.00;22.00;989.80;33;32;0.55;3
2025-09-23 15:55:00;39;144810.00;22.00;989.84;25;25;0.50;3
2025-09-23 15:55:30;39;143696.00;22.00;989.82;25;25;0.50;3
2025-09-23 15:56:00;39;144685.00;22.00;989.80;30;29;0.53;3
2025-09-23 15:56:30;39;145185.00;22.00;989.82;27;27;0.51;2
2025-09-23 15:57:00;39;144935.00;22.00;989.84;30;29;0.53;2
2025-09-23 15:57:30;39;145436.00;22.00;989.86;32;31;0.54;3
2025-09-23 15:58:00;39;144437.00;22.00;989.84;34;32;0.55;3
2025-09-23 15:58:30;39;145815.00;22.00;989.86;34;32;0.55;3
2025-09-23 15:59:00;39;144313.00;22.00;989.86;36;34;0.57;3
2025-09-23 15:59:30;39;144935.00;22.00;989.84;36;34;0.57;3
2025-09-23 16:00:00;39;145815.00;22.00;989.84;36;34;0.57;3
2025-09-23 16:00:30;39;145688.00;22.00;989.84;41;38;0.61;3
2025-09-23 16:01:00;39;145562.00;22.00;989.84;40;37;0.60;3
2025-09-23 16:01:30;39;145688.00;22.00;989.82;41;38;0.61;3
